# torsion_index mean_phi_rad std_phi_rad
       1       2.96943059       0.14912241
       2       2.81194492       0.53235201
       3       2.97332604       0.13882559
       4       2.97175466       0.14771138
       5       2.98415491       0.12948169
       6       2.97586653       0.13091740
       7       2.99768590       0.11875352
       8       2.97917343       0.13027579
       9       2.99069666       0.13020042
      10       2.97112734       0.13235952
      11       2.99830186       0.13070319
      12       2.97787449       0.13232379
      13       2.99853147       0.10896899
      14       2.99121778       0.11870745
      15       2.99337063       0.12597730
      16       2.97839646       0.14235088
      17       2.99779506       0.11642478
      18       2.98540147       0.10825269
      19       3.00466133       0.09565727
      20       3.00912890       0.11263007
      21       2.96046298       0.11759098
      22       3.02323083       0.09754666
      23       2.93701289       0.14326326
      24       2.91435852       0.16963290
      25       3.00703247       0.07302711
      26       2.99075231       0.11266373
      27       3.01840177       0.10664443
      28       2.97918953       0.08678629
      29       2.95203739       0.11047832
      30       3.00143701       0.07023371
      31       3.02498358       0.06672908
      32       2.93393343       0.12465015
      33       3.05998685       0.07282592
      34       3.00194187       0.07795196
      35       2.96059404       0.05637641
      36       2.87544594       0.05238404
      37       2.75153160       0.09629763
      38       3.05009317       0.05257992
      39       3.09791730       0.05333530
      40       3.04643938       0.06232380
      41       3.07264284       0.03553561
      42       2.95957816       0.08417409
      43       2.91278111       0.04910090
      44       2.78415242       0.06253848
      45       3.11136730       0.03400689
      46       2.35428718       0.11046580
      47       3.09340417       0.03979812
      48       2.90405561       0.06485008
      49       3.02767296       0.03507442
      50       2.94640611       0.06325201
      51       3.10775607       0.02968870
      52       3.03103747       0.05334758
      53       3.05589461       0.02755049
      54       2.88002144       0.05022420
      55       3.08325403       0.04365435
      56       2.92390435       0.03650976
      57       3.00179146       0.06252666
      58       2.85081800       0.05945976
      59       2.76645472       0.05392337
      60       3.11872086       0.05343360
      61       3.05439229       0.02686645
      62       2.86396189       0.05328587
      63       3.12185350       0.01991304
      64       1.70053886       0.10597086
      65       2.74672190       0.02653858
      66       3.12409135       0.02448070
      67       3.13482771       0.01098218
      68       2.94863956       0.01621360
      69       2.84239289       0.02282350
      70       2.94854215       0.04390058
      71       2.92312622       0.01484337
      72       3.06372189       0.01537777
      73       2.97198993       0.04297775
      74       3.09591742       0.01399028
      75       3.09352354       0.03603149
      76       2.87876913       0.01933187
      77       2.88359994       0.02034349
      78       2.64577357       0.03968035
      79       3.06565936       0.01340330
      80       2.99928848       0.01473914
      81       2.99491143       0.01991520
      82       3.08198309       0.01267854
      83       3.13564015       0.01347148
      84       3.06138506       0.01411278
      85       3.05231069       0.00923655
      86       2.49031750       0.04721876
      87       2.88954346       0.01782446
      88       2.94227879       0.01340668
      89       2.88414977       0.01518909
      90       2.79624980       0.02177308
      91       2.89473283       0.02396622
      92       2.91836588       0.02103392
      93       3.03090676       0.01055270
      94       2.93594594       0.01555429
      95       3.09335094       0.01056670
      96       2.96648470       0.01136278
      97       2.97747194       0.01619369
      98       2.60215978       0.03659465
      99       2.81745920       0.01821229
     100       2.98976856       0.01146107
     101       2.89305100       0.01649671
     102       3.11864536       0.00878681
     103       2.93203663       0.04421625
     104       2.91223375       0.01234664
     105       2.95523724       0.01393724
     106       2.83179546       0.01871796
     107       2.96345538       0.02101248
     108       3.01530335       0.01194734
     109       2.96955199       0.01406169
     110       2.82976715       0.02209502
     111       2.43324842       0.04814683
     112       2.90891190       0.01653054
     113       2.98405541       0.01536027
     114       2.92889653       0.01549465
     115       3.09256146       0.01657809
     116       3.00659094       0.01295595
     117       2.93181454       0.01471731
     118       2.62401376       0.03489022
     119       3.09293217       0.01166669
     120       3.09597957       0.01046106
     121       3.02034776       0.01719272
     122       2.83483646       0.02257314
     123       2.81425267       0.02133182
     124       2.96531932       0.02081757
     125       2.99738301       0.01239822
     126       2.96580030       0.02443866
     127       3.07144394       0.01269499
     128       3.10191009       0.02772955
     129       3.07422059       0.00661232
     130       2.88174514       0.04528154
     131       2.99478153       0.01086611
     132       3.02301346       0.02728537
     133       2.74308675       0.02449570
     134       3.12125347       0.02306251
     135       3.13347350       0.01206628
     136       3.10879439       0.02703385
     137       2.87769059       0.01745440
     138       2.86946271       0.02540925
     139       2.66487090       0.03314953
     140       3.01334421       0.01313753
     141       2.93423580       0.01276498
     142       3.03001020       0.01037113
     143       2.98357001       0.01291844
     144       3.07899188       0.01740840
     145       3.02231185       0.01313082
     146       3.11932539       0.01578859
     147       3.05996625       0.02793211
     148       3.02873813       0.01586755
     149       3.00828914       0.01083380
     150       3.02041297       0.01692520
     151       2.96162478       0.03185787
     152       3.03122347       0.01060578
     153       3.11560694       0.01148885
     154       3.08895792       0.01129059
     155       2.84739766       0.01632187
     156       2.95928513       0.01336484
     157       2.98582749       0.01178370
     158       2.91239219       0.01532177
     159       3.02126792       0.00885012
     160       3.08152135       0.01321741
     161       3.12751076       0.00459211
     162       2.94924815       0.05262256
     163       3.07101576       0.01206785
     164       3.04529856       0.01217740
     165       2.97043484       0.01542908
     166       2.64457171       0.02999021
     167       3.13123434       0.01630088
     168       3.10351658       0.01531626
     169       2.79858141       0.02340065
     170       2.71755255       0.03082439
     171       2.97681071       0.01110027
     172       3.08020749       0.01376476
     173       2.92533248       0.01658066
     174       2.55220429       0.04211468
     175       3.09023518       0.00801516
     176       2.63674598       0.03054955
     177       3.13610842       0.01396915
     178       3.11137455       0.01564197
     179       3.08167533       0.00862440
     180       3.10292267       0.01046886
     181       2.93535756       0.01659256
     182       2.99186191       0.01104714
     183       2.85915938       0.01967715
     184       2.94388719       0.01188821
     185       3.07538962       0.00838049
     186       2.96555360       0.01126265
     187       3.05321519       0.00708650
     188       3.04390499       0.01730092
     189       2.79127010       0.02247212
     190       2.73371598       0.02448158
     191       1.17038889       0.11559838
     192       2.83612111       0.04372334
     193       2.79194872       0.02191748
     194       2.97666587       0.01218207
     195       3.12691293       0.02089668
     196       3.08056874       0.02284297
     197       3.08414745       0.00796980
     198       3.06030304       0.01176408
     199       2.87361998       0.04318208
     200       2.94941295       0.01317191
     201       2.96437271       0.01139964
     202       2.40258998       0.04966569
     203       3.09871788       0.01040977
     204       2.81640556       0.01848593
     205       2.90154382       0.01306042
     206       3.10357949       0.01992199
     207       3.02071395       0.01017736
     208       3.00709465       0.00861733
     209       2.92302067       0.01394654
     210       3.12997025       0.01264758
     211       2.92473801       0.01288477
     212       2.93466057       0.01767137
     213       3.01470018       0.01531679
     214       3.08060776       0.01512207
     215       2.86454673       0.02347893
     216       3.04841991       0.01359878
     217       3.04267311       0.00716444
     218       3.05281648       0.00849573
     219       3.04479398       0.00635993
     220       3.13670635       0.01496296
     221       2.98157145       0.01171926
     222       2.85855739       0.01750216
     223       2.91899512       0.01472200
     224       2.64118113       0.02970309
     225       3.00690704       0.01046702
     226       2.93790594       0.01400974
     227       2.76131726       0.02402361
     228       3.05333280       0.01168511
     229       2.67689769       0.02892105
     230       2.98271877       0.01014735
     231       3.00151348       0.01025666
     232       3.12138584       0.00916262
     233       3.03096788       0.01091517
     234       3.11015694       0.01560654
     235       3.12136620       0.01796507
     236       2.95980523       0.01244550
     237       2.91475213       0.01470497
     238       3.12752689       0.00986832
     239       3.12339557       0.01194703
     240       2.49833436       0.04419316
     241       2.99754604       0.00862588
     242       3.10552328       0.01603742
     243       2.96939462       0.00941484
     244       2.98712072       0.01024002
     245       3.08873275       0.01438722
     246       2.99707345       0.01907104
     247       2.87313463       0.01711710
     248       2.70922523       0.02688284
     249       3.09632068       0.01936003
     250       1.41885699       0.10213539
     251       2.95781748       0.01128390
     252       2.85744975       0.01660155
     253       2.92059038       0.01321690
     254       2.87901620       0.01572240
     255       3.12321122       0.00949198
     256       3.03076244       0.00889233
     257       3.08100290       0.01787501
     258       3.02186834       0.01130820
     259       2.79197300       0.02017053
     260       2.86534481       0.02871913
     261       3.08272149       0.01079767
     262       2.80990403       0.01988927
     263       3.09184494       0.01213936
     264       2.92605209       0.01321358
     265       3.12601051       0.01454839
     266       3.02875873       0.01116674
     267       2.83507434       0.02041527
     268       1.11612852       0.13492948
     269       1.19016793       0.11797408
     270       3.03035687       0.01038753
     271       2.77070819       0.03011151
     272       2.79552678       0.02364771
     273       3.08138835       0.01220746
     274       3.06525366       0.01769627
     275       3.07153129       0.01445716
     276       2.94538230       0.01183094
     277       2.76695178       0.02026378
     278       3.11497156       0.00838471
     279       2.83055428       0.02367353
     280       3.10533784       0.01514045
     281       3.01969172       0.00787492
     282       3.12380584       0.01273688
     283       3.01339574       0.00874428
     284       3.09902682       0.01742708
     285       2.76125072       0.02789478
     286       3.04671240       0.01313999
     287       2.97598720       0.03888920
     288       3.06425718       0.01141330
     289       2.94285100       0.01313230
     290       3.06172922       0.00961444
     291       2.89956970       0.01605568
     292       3.06106783       0.01079169
     293       2.61776612       0.03227192
     294       3.03353618       0.01358153
     295       3.12148467       0.01267137
     296       2.82877742       0.02022221
     297       2.76259111       0.02196846
     298       2.95804055       0.01738398
     299       2.62896464       0.03050846
     300       3.05761409       0.00876685
     301       2.97062890       0.01198904
     302       2.92351831       0.01372873
     303       2.93100163       0.01604684
     304       3.03839885       0.00762282
     305       2.85327056       0.01700077
     306       2.91831307       0.01422140
     307       2.97607684       0.01122999
     308       2.78143626       0.02123585
     309       2.80817741       0.02111821
     310       2.73022274       0.02809104
     311       3.00382801       0.01177266
     312       3.12998800       0.01598548
     313       3.11343363       0.01911524
     314       2.91405000       0.01455895
     315       3.12237678       0.01373408
     316       2.98952250       0.01260806
     317       3.09856989       0.02262508
     318       2.91885312       0.01722540
     319       2.97993565       0.01401627
     320       2.91556073       0.01528622
     321       3.02681606       0.02219480
     322       2.70237728       0.02684336
     323       2.85547084       0.01976701
     324       3.05972189       0.01170059
     325       2.98557064       0.01327677
     326       3.06824691       0.01505928
     327       2.75078144       0.02467369
     328       3.10263194       0.01663490
     329       2.97596946       0.01156894
     330       3.07695866       0.02052805
     331       3.12930023       0.01230767
     332       2.74033432       0.02531626
     333       2.92625723       0.01497337
     334       3.12321378       0.02491387
     335       2.67972667       0.03039208
     336       3.00355643       0.01605058
     337       2.97543970       0.01342185
     338       2.96550333       0.01839944
     339       3.13055398       0.01236093
     340       3.03007900       0.01725289
     341       2.92187066       0.01609535
     342       3.02400322       0.01731914
     343       3.00398634       0.02277416
     344       2.97612379       0.01700229
     345       3.13022241       0.00812332
     346       3.09952170       0.02752663
     347       2.86497545       0.02046286
     348       3.06305841       0.01935127
     349       2.97649651       0.01806600
     350       3.00940235       0.01572180
     351       3.05733996       0.01749679
     352       3.10224534       0.01133198
     353       3.08632818       0.01595740
     354       2.87712326       0.02521509
     355       2.96051733       0.01881555
     356       3.05993832       0.01292078
     357       3.11476226       0.01925432
     358       3.02243292       0.02189978
     359       2.67321968       0.03553356
     360       3.05345324       0.02279700
     361       3.04344733       0.01870883
     362       3.10366070       0.03026070
     363       2.92676883       0.01521627
     364       3.01719148       0.02514055
     365       3.11219109       0.01811963
     366       3.07665122       0.02090464
     367       2.92769623       0.03040991
     368       2.91572133       0.04625259
     369       3.06070816       0.01505859
     370       2.73750135       0.09514981
     371       2.83134669       0.02461532
     372       3.05521663       0.04203342
     373       2.74189101       0.03004155
     374       2.77380562       0.04182831
     375       2.92697301       0.01510282
     376       2.99465333       0.02453216
     377       2.79314255       0.03049811
     378       3.05754145       0.01779118
     379       2.93997558       0.01647317
     380       3.07850264       0.03417912
     381       3.08570334       0.02211704
     382       3.08458712       0.04216663
     383       2.70325391       0.04128609
     384       2.74822549       0.03178944
     385       3.05458152       0.01793175
     386       3.11227138       0.02465704
     387       3.10693012       0.01847309
     388       2.95586083       0.05823363
     389       3.03317973       0.03128680
     390       2.93507824       0.02874260
     391       3.03938107       0.01476235
     392       2.91910071       0.04767235
     393       2.75399195       0.02830055
     394       3.12193558       0.02108761
     395       2.69476924       0.03677514
     396       2.67249993       0.03739069
     397       3.05420602       0.01546683
     398       2.82696486       0.02762085
     399       3.04977475       0.01517045
     400       2.96041534       0.04472887
     401       3.06616944       0.02310502
     402       2.79221341       0.03531172
     403       3.05315069       0.01985150
     404       2.88192952       0.03351520
     405       2.95806836       0.03014409
     406       2.92095641       0.02419486
     407       2.83973036       0.02424994
     408       2.87319512       0.03572383
     409       3.12205737       0.02609446
     410       2.89076792       0.02663652
     411       2.88278531       0.03352056
     412       3.04664681       0.03467433
     413       2.47066604       0.05328738
     414       3.08311566       0.03810122
     415       2.96604283       0.04419235
     416       3.06274894       0.05849925
     417       3.01639916       0.05831176
     418       2.80525920       0.31100840
     419       2.82789201       0.04860260
     420       2.92587590       0.10942522
     421       3.06108308       0.04607559
     422       3.01992685       0.09813688
     423       3.09143922       0.03536991
     424       1.63844612       0.19550332
     425       2.95460431       0.10202362
     426       3.05293599       0.06487144
     427       3.02069426       0.08223782
     428       2.99625879       0.09546591
     429       2.96537576       0.13758140
     430       2.98185485       0.13832696
     431       3.03003509       0.07414791
     432       2.98497342       0.10874212
     433       3.00108539       0.08777789
     434       2.97314760       0.12158555
     435       3.02523194       0.08754716
     436       2.98283160       0.10462468
     437       2.97634461       0.12377832
     438       2.99862878       0.09696396
     439       2.99473743       0.10883619
     440       2.98930348       0.12457341
     441       2.97274990       0.13947642
     442       2.99132603       0.11749285
     443       2.98687697       0.11769878
     444       2.99342381       0.11978969
     445       3.01159113       0.10496659
     446       2.97109983       0.13061658
     447       2.99541425       0.11668746
     448       2.99579814       0.12983957
     449       2.99977979       0.10809175
     450       2.97142101       0.11986799
     451       2.96207262       0.26645110
     452       2.99628155       0.10438574
     453       3.00639823       0.12514251
     454       3.00618358       0.07715047
     455       3.04032485       0.09384716
     456       3.01147187       0.09897372
     457       0.94032357       0.38379491
     458       2.99881032       0.09394966
     459       2.94960683       0.15190254
     460       3.06149828       0.06832039
     461       2.97324077       0.16194799
     462       2.81487226       0.10243292
     463       2.85848847       0.19996086
     464       3.06215596       0.05652617
     465       2.13756917       0.58124545
     466       3.03038435       0.04873428
     467       2.92554098       0.14714882
     468       1.08631269       0.31463802
     469       2.55367029       0.11664524
     470       2.86365929       0.08544542
     471       0.82657816       0.42146682
     472       2.96386466       0.12282479
     473       3.06310997       0.04092932
     474       1.13518238       0.27930817
     475       3.06582603       0.06603876
     476       2.88181255       0.16576874
     477       2.80464171       0.19624773
     478       2.96875805       0.11352725
     479       2.96507556       0.16608643
     480       2.98409882       0.10300269
     481       2.87916954       0.14931495
     482       2.97891498       0.11013001
     483       2.98259379       0.09896028
     484       3.00695076       0.10546137
     485       2.98682711       0.11730739
     486       2.98221210       0.11523231
     487       2.94937765       0.18688155
     488       2.98188037       0.12146504
     489       2.96255019       0.21760765
     490       2.96479938       0.15039663
     491       2.98658673       0.13319261
     492       2.94887612       0.27944642
     493       2.96980557       0.16544828
     494       2.97481788       0.13594948
     495       2.96583544       0.15633657
     496       2.97195693       0.15811986
     497       2.76615542       0.59917012
