# torsion_index mean_phi_rad std_phi_rad
       1       2.92741584       0.28707791
       2       2.77275639       0.58273014
       3       2.94450954       0.18621057
       4       2.78628025       0.54468135
       5       1.57093911       0.83219397
       6       2.78636751       0.50965895
       7       2.81205398       0.51785799
       8       2.95350682       0.14933688
       9       2.90158211       0.28043584
      10       1.65630829       0.80584800
      11       2.93728162       0.16964872
      12       2.92697257       0.27925095
      13       2.94928325       0.18943199
      14       2.96920642       0.13423992
      15       1.13980362       0.20851180
      16       2.96943548       0.13629458
      17       2.97187947       0.12535180
      18       2.99972010       0.10990805
      19       2.99822740       0.11301688
      20       2.98218061       0.11830689
      21       2.97303058       0.14255231
      22       2.98834337       0.10903717
      23       2.99411221       0.11569901
      24       2.96159101       0.16296339
      25       2.98945774       0.11469898
      26       2.97504761       0.11972321
      27       3.01169006       0.09153284
      28       2.90783158       0.17096625
      29       2.97677077       0.13254898
      30       3.01397001       0.09909195
      31       2.90731533       0.14018116
      32       3.00278288       0.14264983
      33       2.96794448       0.14327789
      34       3.03573951       0.07667023
      35       2.51468484       0.19041856
      36       2.98839961       0.10479251
      37       3.04794996       0.08449890
      38       2.82896908       0.10319365
      39       2.87861682       0.06044016
      40       3.07459997       0.04886028
      41       2.88985046       0.07683767
      42       3.06720536       0.06956175
      43       3.00967636       0.08450634
      44       3.08657417       0.05229166
      45       2.75522497       0.06028072
      46       2.66132370       0.07104757
      47       1.29372221       0.03266917
      48       3.10557743       0.03153560
      49       2.93893242       0.03771071
      50       2.91678037       0.08583042
      51       3.07249066       0.03048384
      52       2.95555818       0.09726053
      53       3.04235007       0.02572559
      54       2.97424953       0.10579349
      55       2.97415109       0.05341527
      56       2.78468512       0.14348372
      57       3.01786885       0.04203383
      58       3.02257726       0.10648594
      59       3.01599718       0.05812019
      60       2.94039019       0.13901289
      61       2.96498170       0.04978497
      62       3.06418541       0.07028009
      63       3.06082441       0.05161503
      64       2.87500995       0.10729893
      65       1.19943123       0.03338010
      66       2.84760014       0.02177117
      67       3.09942505       0.03613287
      68       3.02257950       0.01723260
      69       2.75294385       0.05071160
      70       3.04307675       0.01319810
      71       2.95436878       0.04752438
      72       2.94270172       0.01650559
      73       2.83693710       0.03855970
      74       3.11638622       0.01078796
      75       3.07659957       0.02521189
      76       2.87876938       0.01676822
      77       2.84471855       0.02291720
      78       3.04553086       0.01516995
      79       2.77385274       0.02813898
      80       3.06352865       0.01719357
      81       2.97827673       0.01589273
      82       3.06768650       0.01226199
      83       3.12754297       0.01034056
      84       3.06639576       0.01535484
      85       3.02664650       0.02100908
      86       3.11667356       0.01228405
      87       3.03478154       0.01884417
      88       3.06285420       0.01764294
      89       2.99582846       0.02689118
      90       3.07376811       0.02066272
      91       3.11036439       0.01670807
      92       3.04013632       0.02298612
      93       2.80064941       0.01924827
      94       3.12621379       0.01348693
      95       2.84765194       0.02021357
      96       2.85647185       0.01571394
      97       3.01862751       0.01251586
      98       2.87481089       0.01265875
      99       3.09914961       0.01648944
     100       2.75662277       0.01267519
     101       3.05959758       0.01880783
     102       2.76838408       0.01381998
     103       3.09660432       0.02361926
     104       3.05165588       0.01735467
     105       3.00052202       0.02403345
     106       2.99946520       0.01281941
     107       3.10121913       0.01990733
     108       3.04516863       0.01646274
     109       2.83055447       0.02053540
     110       2.78585631       0.00765002
     111       3.10024730       0.03036821
     112       3.00992335       0.01118064
     113       2.91449288       0.04248915
     114       2.74766762       0.01729006
     115       3.05481988       0.04711734
     116       3.13299897       0.00573189
     117       2.89014018       0.03027154
     118       3.02317657       0.01272346
     119       2.75875888       0.06673302
     120       2.84462909       0.00959299
     121       2.64983430       0.03477789
     122       2.61847172       0.00989658
     123       2.67085727       0.01504275
     124       3.00094854       0.00790060
     125       3.07835328       0.01063568
     126       3.13145358       0.00557303
     127       3.09000873       0.01136463
     128       2.94720318       0.00826968
     129       2.91765272       0.01896636
     130       3.07416688       0.00832175
     131       2.94594040       0.02625800
     132       3.02434227       0.00796443
     133       2.87175848       0.01953135
     134       2.73191533       0.00523596
     135       2.98778906       0.01569103
     136       2.98930004       0.00896604
     137       3.07777703       0.00640229
     138       2.92665947       0.00632804
     139       2.60463499       0.00848564
     140       3.13344684       0.00442152
     141       3.02583787       0.00855208
     142       2.76279607       0.00551400
     143       3.11970213       0.01207488
     144       3.10923980       0.00453055
     145       2.88869689       0.01573405
     146       2.70459915       0.00645043
     147       3.05962402       0.01386148
     148       2.84584936       0.00566840
     149       2.94014163       0.01339967
     150       2.55424965       0.00409427
     151       3.03496561       0.00712257
     152       2.96406404       0.00462366
     153       3.05159462       0.00723082
     154       2.99648184       0.00320652
     155       2.91733975       0.00609982
     156       3.09569332       0.00474116
     157       3.13116868       0.00520753
     158       2.97405596       0.00445742
     159       3.03066085       0.00637800
     160       2.97492016       0.00654239
     161       2.89639479       0.00588678
     162       3.11334889       0.00395808
     163       3.02539138       0.00849042
     164       3.00301322       0.00333445
     165       3.10571875       0.00875847
     166       2.95321950       0.00418280
     167       3.12578067       0.00702922
     168       2.87211116       0.00358810
     169       3.13090163       0.00466219
     170       3.12570288       0.00490686
     171       2.97839144       0.00470997
     172       2.37049251       0.00396061
     173       2.94641105       0.00632029
     174       3.05432227       0.00475073
     175       3.07258829       0.00733981
     176       2.88938108       0.00287598
     177       2.93145760       0.00697672
     178       3.04928388       0.00539511
     179       3.13736680       0.00278894
     180       2.98857171       0.00296574
     181       2.72542274       0.00545896
     182       3.03981395       0.00442166
     183       3.09200480       0.00757214
     184       3.02684468       0.00486680
     185       3.08485999       0.00518750
     186       2.84671815       0.00704879
     187       2.87578482       0.00583256
     188       2.99779924       0.00364360
     189       3.00211049       0.00520822
     190       2.97591018       0.00522889
     191       3.13781754       0.00260404
     192       2.94894276       0.00527383
     193       2.98200248       0.00839936
     194       3.09443449       0.00479680
     195       3.06666004       0.00470461
     196       3.06223617       0.00488982
     197       2.99641908       0.00478421
     198       3.12670936       0.00498272
     199       2.51791504       0.00697251
     200       2.92680255       0.00369408
     201       2.99215480       0.00605325
     202       3.11828528       0.00578571
     203       3.13636842       0.00297811
     204       2.81254190       0.00668821
     205       2.78174331       0.00550887
     206       2.62831666       0.00460543
     207       2.73853682       0.00477449
     208       2.93038610       0.00377046
     209       3.09233370       0.00439438
     210       3.04342154       0.00623491
     211       3.11725655       0.00458688
     212       2.89247992       0.00563979
     213       2.72447066       0.00484506
     214       2.99291726       0.00430579
     215       3.09781931       0.00420787
     216       2.89449558       0.00666008
     217       3.09307046       0.00518837
     218       2.84198330       0.00537206
     219       3.05140392       0.00406213
     220       3.01867110       0.00486799
     221       3.03655479       0.00602630
     222       2.69689633       0.00474674
     223       3.08229484       0.00707381
     224       3.03708211       0.00698641
     225       2.75373235       0.00601472
     226       3.03097463       0.00368497
     227       3.10083156       0.00618685
     228       2.96470948       0.00578890
     229       3.07566110       0.00724014
     230       2.94887569       0.00681214
     231       3.03241902       0.00537717
     232       2.97532185       0.00340033
     233       3.10024674       0.00909180
     234       3.06012826       0.00710980
     235       2.88850430       0.00815505
     236       3.01997687       0.00373642
     237       3.06146230       0.00904987
     238       2.70061975       0.00478926
     239       2.97101092       0.00507168
     240       3.03868641       0.00399527
     241       2.95413571       0.00472652
     242       2.85537017       0.00351446
     243       3.05935772       0.00347254
     244       3.13098725       0.00271724
     245       3.11593950       0.00391430
     246       3.10122714       0.00441964
     247       3.04045231       0.00442704
     248       3.00710265       0.00418151
     249       3.10039469       0.00376836
     250       3.04656427       0.00468738
     251       2.98065553       0.00413067
     252       2.97165707       0.00349766
     253       2.96950389       0.00381480
     254       3.05549743       0.00478987
     255       2.91116688       0.00294220
     256       3.10724435       0.00474747
     257       3.09850266       0.00333864
     258       2.76605949       0.00612024
     259       2.83085107       0.00583044
     260       2.93502888       0.00332997
     261       3.08680561       0.00352069
     262       3.09724516       0.00513300
     263       3.08164944       0.00234935
     264       2.98333612       0.00399048
     265       2.92250941       0.00329907
     266       2.95217919       0.00451273
     267       2.86228875       0.00501768
     268       2.82808801       0.00454464
     269       2.99267869       0.00426125
     270       3.12323209       0.00368479
     271       3.03115893       0.00378628
     272       3.06990709       0.00586288
     273       3.02307301       0.00257535
     274       2.94869732       0.00758642
     275       2.96645636       0.00500957
     276       2.42117943       0.00610032
     277       2.77489218       0.00364892
     278       2.82337270       0.00607385
     279       2.93097337       0.00270513
     280       2.89659570       0.00478342
     281       2.95738696       0.00295385
     282       2.78174557       0.00636978
     283       3.09895540       0.00331158
     284       3.13573767       0.00395213
     285       2.97200652       0.00403449
     286       2.80606228       0.00452831
     287       2.93087631       0.00352673
     288       2.89115763       0.00504644
     289       2.96676601       0.00641539
     290       2.96882708       0.00949788
     291       3.10031130       0.00403343
     292       3.01827776       0.00528268
     293       2.81297416       0.00476305
     294       3.01424103       0.01189169
     295       2.98216906       0.00487376
     296       3.12147788       0.00839312
     297       2.97202566       0.00705960
     298       3.04559688       0.01636627
     299       3.08422737       0.00587561
     300       3.10607460       0.01910290
     301       2.90591129       0.00625605
     302       2.93282523       0.02707372
     303       3.03696280       0.00569222
     304       3.03848856       0.02457016
     305       2.78512301       0.00585629
     306       2.87329587       0.01270906
     307       2.64464198       0.01119028
     308       2.79761781       0.04116042
     309       3.00794594       0.02939461
     310       2.75863122       0.02118523
     311       3.04274496       0.06474075
     312       2.88239711       0.03024219
     313       3.08514744       0.03373534
     314       2.95089095       0.02626142
     315       2.99468024       0.07797455
     316       2.99060775       0.03059443
     317       3.06566646       0.06061070
     318       3.03249299       0.02614151
     319       3.03796385       0.09082717
     320       3.04372551       0.04453090
     321       2.72694928       0.13944445
     322       2.94704187       0.02240474
     323       3.11222100       0.02430214
     324       2.98527276       0.02904108
     325       3.12550197       0.01609160
     326       3.08071882       0.01618697
     327       3.11091248       0.02657092
     328       3.06310304       0.02023241
     329       3.10481108       0.03759948
     330       3.07082391       0.02390951
     331       2.95961751       0.06732067
     332       3.04583164       0.02364584
     333       2.69074712       0.02453206
     334       2.93290658       0.01626589
     335       3.10850173       0.02646545
     336       2.94147254       0.01320694
     337       2.85910914       0.03053951
     338       3.13042707       0.01063714
     339       2.92276475       0.05352624
     340       3.04538264       0.02479000
     341       3.11800778       0.01694585
     342       3.05056907       0.01398262
     343       3.07417260       0.04582356
     344       3.03704183       0.01310518
     345       3.07761794       0.04107988
     346       3.00761753       0.01409233
     347       2.63549090       0.06441717
     348       2.95089225       0.01963317
     349       2.96400783       0.04134547
     350       2.61980801       0.01736664
     351       2.85632259       0.08391145
     352       2.95879390       0.02280948
     353       2.92274274       0.06547882
     354       2.99855124       0.04277745
     355       2.40241066       0.05517383
     356       3.10135596       0.03461504
     357       3.03128996       0.05259733
     358       2.92232735       0.07465253
     359       2.97655093       0.06672309
     360       3.10765802       0.03046065
     361       3.06850646       0.05011233
     362       2.86861372       0.02995651
     363       3.09338652       0.03273183
     364       2.91748948       0.05694937
     365       2.71350940       0.05392581
     366       2.95646786       0.03520034
     367       3.01782867       0.05302168
     368       3.10764223       0.02382693
     369       2.79135308       0.03830149
     370       2.97774117       0.02442436
     371       2.82544819       0.02841987
     372       2.97884399       0.03495143
     373       2.98708569       0.04347302
     374       2.66183081       0.03101240
     375       2.97799778       0.04415177
     376       2.97558047       0.03442746
     377       2.92784392       0.03321365
     378       3.03750962       0.02522060
     379       3.03013276       0.03388483
     380       3.06340242       0.02114618
     381       2.69918896       0.04014801
     382       2.91438951       0.07721392
     383       2.79643189       0.03379740
     384       2.98383242       0.05586301
     385       3.03111003       0.02858832
     386       3.06636007       0.03386841
     387       3.07520386       0.04417643
     388       3.10497906       0.02329014
     389       3.08531334       0.02993433
     390       2.98706396       0.06443604
     391       2.80539904       0.04419472
     392       2.77567901       0.04760371
     393       3.03740531       0.02609947
     394       3.03674613       0.04044984
     395       3.09953427       0.02097887
     396       2.86603438       0.06500404
     397       2.69653170       0.03522931
     398       2.72832761       0.05848367
     399       2.95469729       0.02222265
     400       2.81525286       0.07974160
     401       2.62708557       0.02050262
     402       2.97877267       0.05352201
     403       3.12290323       0.01129145
     404       3.07406798       0.03735091
     405       3.10552331       0.02254563
     406       2.55481326       0.08016539
     407       2.93582090       0.04730439
     408       3.08928971       0.03668842
     409       2.92572925       0.05848155
     410       3.04364340       0.07487501
     411       3.06034596       0.04364849
     412       3.07094556       0.04395470
     413       3.00061889       0.04780614
     414       3.06522553       0.05121562
     415       2.96403199       0.05265183
     416       2.60617088       0.04227989
     417       3.11073114       0.03368964
     418       3.01150346       0.05122388
     419       2.78269947       0.05372548
     420       2.95925458       0.03970611
     421       2.87964259       0.06658713
     422       2.72606298       0.05408619
     423       2.88773799       0.01958723
     424       2.89781722       0.04875448
     425       3.03481032       0.02926605
     426       3.10850390       0.02315504
     427       2.96978793       0.01693914
     428       2.91614008       0.05421415
     429       2.82149165       0.01694559
     430       2.53075422       0.03660969
     431       2.67906638       0.01585664
     432       3.07099656       0.02316610
     433       3.10303848       0.01299060
     434       2.86718912       0.02226716
     435       3.05868388       0.01274753
     436       3.10807117       0.01794258
     437       3.00021895       0.02012496
     438       2.96719861       0.01686919
     439       2.97435182       0.01065503
     440       3.12637949       0.01424334
     441       3.01836199       0.01338433
     442       1.22855958       0.02307441
     443       2.94117430       0.11191821
     444       2.98074242       0.02176059
     445       2.55503392       0.14278253
     446       2.88822771       0.07705710
     447       2.85409494       0.11026994
     448       3.01883195       0.11320493
     449       3.05354479       0.05788203
     450       2.97342860       0.11677326
     451       3.06813291       0.06876085
     452       2.99041593       0.09461370
     453       3.04934925       0.06129261
     454       2.95392627       0.11116603
     455       2.99122565       0.09001658
     456       3.07735339       0.05827457
     457       3.01330656       0.10051345
     458       3.03080585       0.05976843
     459       2.69929716       0.19391135
     460       2.97527766       0.10312608
     461       2.94504576       0.12459073
     462       3.02124726       0.09456414
     463       2.83813863       0.17601750
     464       2.93404377       0.13325154
     465       2.95921696       0.12021414
     466       2.91378124       0.14584761
     467       2.96405062       0.13979668
     468       2.75018412       0.14991287
     469       2.94695128       0.14182834
     470       3.00586375       0.11559967
     471       2.95880555       0.12480322
     472       3.00516725       0.10250364
     473       2.98151326       0.13578707
     474       2.95583053       0.12703600
     475       2.96654188       0.12412075
     476       2.95283293       0.12720115
     477       2.95842362       0.12839137
     478       2.97704153       0.12275822
     479       2.98072061       0.13638972
     480       2.97637277       0.13040951
     481       2.99126643       0.12409131
     482       2.99425657       0.10831551
     483       2.98200148       0.12474688
     484       2.97430407       0.12644650
     485       2.97029184       0.14993160
     486       2.97684607       0.13053058
     487       2.96426330       0.13991268
     488       2.86552632       0.48456624
     489       2.98833561       0.12772118
     490       2.92626788       0.33361124
     491       2.96798890       0.14071418
     492       2.90588965       0.37350292
     493       2.97580160       0.13721991
     494       2.96610826       0.14061727
     495       2.72196107       0.63890439
     496       2.78563932       0.52506913
     497       1.74628859       0.90611630
