# Step Rg End_to_End
         1       185.9404       642.8269
     10000       117.9404       372.5766
     20000       138.5583       400.9936
     30000        84.9898       200.1203
     40000       106.4893       313.2852
     50000        91.6067       266.4457
     60000        84.7947       267.6446
     70000        68.5876       191.0804
     80000        68.4892       175.1448
     90000        87.6040       279.3158
    100000        70.7608       163.7090
    110000        57.4704       126.0236
    120000        48.7092       141.7193
    130000        54.1633       141.0324
    140000        55.2182       116.5170
    150000        49.9323        91.5398
    160000        50.4437       122.0464
    170000        49.5572        96.4747
    180000        51.3203        99.3485
    190000        52.4564        85.3764
    200000        51.1024       100.3828
    210000        47.1937        95.6587
    220000        53.1139        91.0748
    230000        39.4513        80.9671
    240000        39.4011        83.2500
    250000        39.3515        81.2608
    260000        39.3891        81.1507
    270000        39.3447        80.5387
    280000        39.4521        81.5978
    290000        39.4068        81.1432
    300000        39.4047        80.0521
    310000        39.3753        80.8404
    320000        39.4731        83.3421
    330000        39.4791        80.8594
    340000        39.3153        81.4490
    350000        39.3305        80.6073
    360000        39.4297        78.3095
    370000        38.6997        63.0732
    380000        38.9226        75.5613
    390000        38.9222        72.9389
    400000        38.8136        66.5822
    410000        39.0279        77.1298
    420000        38.7646        63.3845
    430000        39.4593        84.4097
    440000        39.4362        83.5412
    450000        39.5178        85.4532
    460000        39.4275        82.5183
    470000        39.4215        85.2677
    480000        39.4003        84.4276
    490000        39.3684        85.3609
    500000        39.3139        81.9568
    510000        39.3580        82.0436
    520000        39.4973        87.9100
    530000        39.1729        73.2658
    540000        39.2988        77.1744
    550000        39.4049        81.4142
    560000        39.4290        84.4677
    570000        39.4204        81.5132
    580000        39.5103        83.8400
    590000        39.5132        88.0968
    600000        39.8569        89.3653
    610000        39.6106        83.1018
    620000        39.5973        87.7927
    630000        39.7619        86.7145
    640000        39.3504        81.9117
    650000        39.3537        83.8178
    660000        39.4298        86.0444
    670000        39.3827        83.4885
    680000        39.4106        86.8430
    690000        39.3195        83.7697
    700000        39.3336        85.6582
    710000        39.2721        82.1256
    720000        39.3430        86.6546
    730000        39.3117        84.6031
    740000        39.3341        88.7242
    750000        39.2863        81.5250
    760000        39.3890        85.5423
    770000        39.2751        84.0375
    780000        39.3226        87.2109
    790000        39.2583        83.6606
    800000        39.3307        83.3088
    810000        39.3716        82.4859
    820000        39.2850        80.9862
    830000        39.3372        83.1673
    840000        39.2246        81.7443
    850000        39.2939        86.1012
    860000        39.3368        85.4515
    870000        39.3874        86.3213
    880000        39.3404        82.7410
    890000        39.3710        84.1349
    900000        39.3590        82.9714
    910000        39.3325        81.6391
    920000        39.3273        83.4475
    930000        39.3048        82.2289
    940000        39.2544        82.1290
    950000        39.3524        84.8240
    960000        39.3231        83.0571
    970000        39.2637        82.9001
    980000        39.2219        83.8541
    990000        39.2192        81.8956
   1000000        39.2291        84.0456
   1010000        39.2625        85.4807
   1020000        39.3100        84.0669
   1030000        39.3527        83.8872
   1040000        39.2958        81.5161
   1050000        39.2994        82.0602
   1060000        39.3492        83.0729
   1070000        39.2745        82.2356
   1080000        39.3251        82.7295
   1090000        39.3196        83.4640
   1100000        39.4272        88.0133
   1110000        39.3856        83.9313
   1120000        39.3748        82.9021
   1130000        39.3819        83.9666
   1140000        39.4292        85.9652
   1150000        39.4439        85.4233
   1160000        39.4572        86.3150
   1170000        39.3744        82.5851
   1180000        39.4334        82.6882
   1190000        39.3959        82.5345
   1200000        39.3636        81.8346
   1210000        39.4211        85.3530
   1220000        39.3301        83.2322
   1230000        39.3644        81.9713
   1240000        39.3620        83.7725
   1250000        39.2971        84.0351
   1260000        39.3150        84.3129
   1270000        39.2876        83.5148
   1280000        39.2896        83.0330
   1290000        39.2298        82.5932
   1300000        39.2565        83.6378
   1310000        39.2943        83.0950
   1320000        39.3502        81.9066
   1330000        39.2903        83.0533
   1340000        39.3481        83.3142
   1350000        39.3016        83.6804
   1360000        39.3385        82.8962
   1370000        39.3170        83.1909
   1380000        39.2588        81.0676
   1390000        39.3317        82.5024
   1400000        39.2926        81.7316
   1410000        39.2994        81.0927
   1420000        39.3364        83.5705
   1430000        39.2494        82.1346
   1440000        39.2496        83.6046
   1450000        39.2663        83.2057
   1460000        39.2714        82.4243
   1470000        39.2457        82.0075
   1480000        39.2770        80.2827
   1490000        39.3118        83.5079
   1500000        39.3053        82.4966
   1510000        39.2637        81.7253
   1520000        39.2984        83.1512
   1530000        39.3287        82.0170
   1540000        39.3539        81.9303
   1550000        39.3734        83.3010
   1560000        39.3333        83.0788
   1570000        39.3380        82.2537
   1580000        39.3321        82.4970
   1590000        39.3175        82.1833
   1600000        39.3617        80.2927
   1610000        39.3726        82.8648
   1620000        39.3576        82.7861
   1630000        39.1921        74.8430
   1640000        39.3192        80.7157
   1650000        39.2872        84.7867
   1660000        39.3642        81.5608
   1670000        39.3412        82.7581
   1680000        39.4287        83.3526
   1690000        39.4385        81.9772
   1700000        39.4554        82.8095
   1710000        39.3739        80.1511
   1720000        39.4547        83.7090
   1730000        39.5231        83.0918
   1740000        39.3829        82.1332
   1750000        39.4692        84.4171
   1760000        39.4713        75.5715
   1770000        39.4883        84.6089
   1780000        39.4376        80.2554
   1790000        39.4122        84.0564
   1800000        39.3178        83.5144
   1810000        39.3916        85.0961
   1820000        39.3165        75.8624
   1830000        39.3710        81.2008
   1840000        39.3782        83.3647
   1850000        39.3433        84.0908
   1860000        39.3167        82.4299
   1870000        39.3260        82.6980
   1880000        39.3333        83.1792
   1890000        39.3684        85.3730
   1900000        39.2983        81.2293
   1910000        39.2774        82.4466
   1920000        39.3113        82.6968
   1930000        39.3738        83.3804
   1940000        39.3539        83.2522
   1950000        39.3385        79.0244
   1960000        39.3350        82.4046
   1970000        39.3311        82.7696
   1980000        39.3484        81.9268
   1990000        39.3518        82.8294
   2000000        39.4073        83.9394
   2010000        39.3517        77.3054
   2020000        39.3512        79.3653
   2030000        39.3914        83.3991
   2040000        39.3110        79.1795
   2050000        39.4162        80.6937
   2060000        39.4330        77.0855
   2070000        39.3755        79.9142
   2080000        39.4281        84.9182
   2090000        39.4486        82.5363
   2100000        39.4455        84.4255
   2110000        39.4373        85.4365
   2120000        39.4539        84.1871
   2130000        39.4466        85.3820
   2140000        39.4104        78.1586
   2150000        39.4352        83.4920
   2160000        39.4153        83.7334
   2170000        39.3755        83.1365
   2180000        39.4189        83.0333
   2190000        39.3982        84.0855
   2200000        39.4392        83.2760
   2210000        39.4189        83.6489
   2220000        39.3940        83.3962
   2230000        39.3781        83.4284
   2240000        39.4257        84.7647
   2250000        39.4315        83.8352
   2260000        39.4418        83.4979
   2270000        39.5003        83.9201
   2280000        39.4922        84.8066
   2290000        39.4789        81.5089
   2300000        39.4181        76.3698
   2310000        39.5091        84.3737
   2320000        39.5290        83.6849
   2330000        39.4417        77.7116
   2340000        39.4407        76.8741
   2350000        39.4632        77.3393
   2360000        39.4276        79.0820
   2370000        39.3984        78.6284
   2380000        39.3970        77.3921
   2390000        39.4364        87.7496
   2400000        39.4140        84.7922
   2410000        39.4554        83.4095
   2420000        39.4351        83.1326
   2430000        39.4461        83.1593
   2440000        39.3669        84.6645
   2450000        39.3957        82.4346
   2460000        39.4378        83.9132
   2470000        39.4835        79.2853
   2480000        39.3750        78.1460
   2490000        39.4741        82.2271
   2500000        39.4663        82.2151
   2510000        39.3960        82.0169
   2520000        39.3411        82.3823
   2530000        39.4469        82.8319
   2540000        39.3464        83.4619
   2550000        39.3849        81.6032
   2560000        39.4532        81.0959
   2570000        39.3387        81.8187
   2580000        39.3072        82.7942
   2590000        39.4575        83.8486
   2600000        39.3862        83.5505
   2610000        39.3155        76.9932
   2620000        39.3523        83.9174
   2630000        39.2507        72.7944
   2640000        39.2108        76.5566
   2650000        39.2901        82.6604
   2660000        39.2938        78.1887
   2670000        39.3315        77.9192
   2680000        39.3995        80.5198
   2690000        39.3456        82.1730
   2700000        39.3584        82.8721
   2710000        39.3008        79.6881
   2720000        39.2184        77.0095
   2730000        39.4482        82.8402
   2740000        39.2510        80.2160
   2750000        39.3169        84.4007
   2760000        39.2563        78.4998
   2770000        39.3185        83.5192
   2780000        39.3113        82.4191
   2790000        39.2558        77.1964
   2800000        39.3535        83.4697
   2810000        39.2931        82.3209
   2820000        39.2276        81.9306
   2830000        39.2759        81.9488
   2840000        39.3017        81.4557
   2850000        39.3562        77.6272
   2860000        39.3699        81.9524
   2870000        39.3141        82.1554
   2880000        39.3183        80.8485
   2890000        39.3270        77.5886
   2900000        39.2023        73.6779
   2910000        39.1926        73.7801
   2920000        39.1663        66.3124
   2930000        39.2170        70.4118
   2940000        39.2123        72.6999
   2950000        39.2593        72.6056
   2960000        39.2544        69.6319
   2970000        39.2854        75.7793
   2980000        39.1352        65.0175
   2990000        39.1877        68.6118
   3000000        39.1875        75.7862
   3010000        39.2444        76.6261
   3020000        39.2440        72.8038
   3030000        39.2117        66.9513
   3040000        39.2518        69.9450
   3050000        39.3021        72.8914
   3060000        39.2551        68.8552
   3070000        39.3170        72.4875
   3080000        39.3085        70.0792
   3090000        39.3700        73.0611
   3100000        39.3069        70.3350
   3110000        39.2457        72.4185
   3120000        39.2565        62.9541
   3130000        39.3357        70.0001
   3140000        39.3256        71.3442
   3150000        39.3867        71.9097
   3160000        39.4270        69.8106
   3170000        39.3737        71.8079
   3180000        39.3221        71.5156
   3190000        39.3486        73.7001
   3200000        39.2780        65.5866
   3210000        39.3216        72.7530
   3220000        39.3278        70.0658
   3230000        39.3281        72.3622
   3240000        39.3002        71.0014
   3250000        39.2158        68.1383
   3260000        39.2893        70.7852
   3270000        39.2728        68.5534
   3280000        39.2989        74.0705
   3290000        39.2951        72.8206
   3300000        39.3625        72.1253
   3310000        39.3425        70.8650
   3320000        39.3018        74.7029
   3330000        39.3277        73.9552
   3340000        39.2433        72.5099
   3350000        39.2500        70.9673
   3360000        39.2687        74.9327
   3370000        39.3398        73.8688
   3380000        39.3371        75.5715
   3390000        39.3347        77.3458
   3400000        39.3981        72.4646
   3410000        39.2360        67.6800
   3420000        39.2671        70.2506
   3430000        39.2788        70.9663
   3440000        39.3313        72.3199
   3450000        39.3024        74.1419
   3460000        39.2596        74.9616
   3470000        39.3496        75.2026
   3480000        39.2613        71.2577
   3490000        39.3228        74.2063
   3500000        39.2793        74.1586
   3510000        39.2885        70.9106
   3520000        39.3205        71.2944
   3530000        39.2969        76.3122
   3540000        39.2984        72.5492
   3550000        39.3093        76.8834
   3560000        39.3446        76.0701
   3570000        39.2902        76.5952
   3580000        39.3315        75.8905
   3590000        39.2592        71.1413
   3600000        39.2407        75.6309
   3610000        39.2311        73.5732
   3620000        39.2464        77.3778
   3630000        39.2691        76.6803
   3640000        39.3273        77.7526
   3650000        39.2653        72.7095
   3660000        39.2961        77.4181
   3670000        39.2889        77.8219
   3680000        39.2480        77.9818
   3690000        39.2333        75.9180
   3700000        39.3289        74.4969
   3710000        39.2330        76.3842
   3720000        39.3156        77.3241
   3730000        39.3516        77.1892
   3740000        39.2960        72.4708
   3750000        39.2835        76.7479
   3760000        39.3225        75.0243
   3770000        39.3264        77.4988
   3780000        39.3310        76.4352
   3790000        39.3585        76.9907
   3800000        39.3462        76.2630
   3810000        39.2972        74.8929
   3820000        39.3705        74.1586
   3830000        39.2933        75.5800
   3840000        39.2758        75.5927
   3850000        39.3007        75.6698
   3860000        39.2701        77.4389
   3870000        39.2524        76.0431
   3880000        39.2324        74.9387
   3890000        39.2292        77.8417
