# Step E_total E_lj E_tors
         1        43.5105      -149.5874       193.0978
     10000        42.0701      -151.6154       193.6856
     20000        43.3255      -152.4780       195.8035
     30000        48.9683      -147.7204       196.6887
     40000        44.1853      -148.2083       192.3936
     50000        49.6116      -146.1754       195.7869
     60000        42.3210      -148.1992       190.5203
     70000        40.8491      -151.2282       192.0773
     80000        42.0515      -148.1771       190.2285
     90000        40.3715      -150.1699       190.5414
    100000        43.6192      -146.6101       190.2293
    110000        44.5996      -145.8961       190.4957
    120000        41.4590      -147.7710       189.2301
    130000        40.4811      -149.9010       190.3821
    140000        43.3993      -150.5477       193.9470
    150000        45.9412      -148.6267       194.5679
    160000        44.5699      -153.5925       198.1624
    170000        43.4568      -153.7734       197.2302
    180000        46.9755      -147.5052       194.4807
    190000        50.4751      -147.5218       197.9970
    200000        53.3481      -141.2298       194.5779
    210000        45.7201      -153.1740       198.8941
    220000        44.4164      -152.1213       196.5377
    230000        41.7427      -148.2514       189.9941
    240000        42.9747      -148.4617       191.4364
    250000        41.5908      -150.7540       192.3447
    260000        45.7446      -146.4922       192.2368
    270000        44.6539      -149.7056       194.3595
    280000        48.1323      -145.4754       193.6077
    290000        41.9011      -151.7741       193.6752
    300000        51.5781      -145.3991       196.9772
    310000        48.9856      -148.4781       197.4636
    320000        46.6254      -149.7636       196.3890
    330000        53.5769      -145.3291       198.9059
    340000        48.4196      -143.6626       192.0822
    350000        48.6947      -145.5028       194.1975
    360000        50.7246      -144.2361       194.9608
    370000        42.8427      -150.7734       193.6162
    380000        41.7622      -148.5068       190.2689
    390000        40.3041      -150.1520       190.4561
    400000        40.6930      -150.0713       190.7643
    410000        40.3355      -150.7782       191.1137
    420000        41.5782      -149.6143       191.1925
    430000        41.6791      -152.7599       194.4390
    440000        46.1934      -149.9284       196.1219
    450000        45.4868      -151.6220       197.1088
    460000        46.8299      -148.5917       195.4215
    470000        45.0144      -147.9140       192.9284
    480000        53.4709      -143.5830       197.0539
    490000        47.9228      -150.6571       198.5799
    500000        43.4779      -152.5395       196.0174
    510000        48.9271      -149.5922       198.5193
    520000        44.4987      -151.9365       196.4352
    530000        48.5940      -146.8741       195.4681
    540000        50.6476      -147.3013       197.9489
    550000        52.0171      -147.7269       199.7440
    560000        56.3059      -142.6172       198.9231
    570000        45.4501      -150.9325       196.3826
    580000        45.3663      -153.8623       199.2286
    590000        45.6330      -149.5141       195.1471
    600000        42.1092      -151.8153       193.9245
    610000        51.2015      -144.6937       195.8952
    620000        50.6978      -148.3145       199.0123
    630000        49.2959      -149.4111       198.7070
    640000        47.5197      -147.9108       195.4305
    650000        42.1066      -152.3574       194.4640
    660000        44.7581      -147.5369       192.2950
    670000        50.4458      -141.9759       192.4217
    680000        45.2104      -149.9477       195.1581
    690000        44.2813      -152.2136       196.4949
    700000        44.0486      -155.0936       199.1422
    710000        51.5213      -150.8712       202.3925
    720000        41.1393      -151.2673       192.4065
    730000        42.4444      -149.1338       191.5781
    740000        45.8241      -148.9132       194.7373
    750000        41.1472      -151.5050       192.6522
    760000        40.3422      -151.8677       192.2099
    770000        39.6751      -155.7975       195.4726
    780000        35.0185      -157.9776       192.9961
    790000        39.8188      -157.8030       197.6217
    800000        44.5277      -157.7842       202.3119
    810000        39.1569      -157.3028       196.4598
    820000        42.1051      -157.0842       199.1893
    830000        47.0873      -151.1949       198.2822
    840000        43.9985      -155.5979       199.5964
    850000        41.5404      -156.7896       198.3300
    860000        38.9955      -155.1377       194.1332
    870000        39.1847      -155.5128       194.6976
    880000        46.7129      -149.9656       196.6784
    890000        47.7434      -149.5144       197.2578
    900000        44.2596      -152.4786       196.7381
    910000        44.8367      -154.0897       198.9264
    920000        37.8942      -156.0663       193.9604
    930000        38.8005      -155.1479       193.9485
    940000        35.3788      -156.7392       192.1180
    950000        37.9179      -153.2827       191.2006
    960000        37.0073      -158.6299       195.6372
    970000        39.9831      -152.9683       192.9514
    980000        37.8666      -154.8809       192.7474
    990000        38.8633      -154.3703       193.2336
   1000000        48.3857      -148.1129       196.4986
   1010000        38.7572      -156.0278       194.7850
   1020000        41.2547      -154.0869       195.3416
   1030000        37.0914      -157.4494       194.5408
   1040000        38.8439      -157.1929       196.0368
   1050000        42.0494      -153.6627       195.7120
   1060000        44.0453      -151.3014       195.3467
   1070000        41.0493      -153.1346       194.1839
   1080000        40.7774      -153.1584       193.9358
   1090000        43.3500      -149.2812       192.6312
   1100000        45.2830      -151.5983       196.8813
   1110000        42.6258      -154.9162       197.5420
   1120000        44.1598      -153.0299       197.1897
   1130000        42.6876      -156.0677       198.7552
   1140000        41.8537      -151.7487       193.6024
   1150000        41.8426      -154.4791       196.3217
   1160000        44.3475      -153.8996       198.2472
   1170000        42.7558      -153.7264       196.4822
   1180000        39.4718      -153.2857       192.7575
   1190000        48.9530      -147.2955       196.2485
   1200000        48.8495      -149.7903       198.6397
   1210000        43.5400      -152.3324       195.8724
   1220000        39.1232      -155.1075       194.2307
   1230000        39.9274      -156.4419       196.3693
   1240000        44.7188      -148.7038       193.4225
   1250000        44.8348      -150.1202       194.9550
   1260000        46.3704      -151.7312       198.1016
   1270000        44.1696      -153.8424       198.0120
   1280000        44.2679      -150.6955       194.9634
   1290000        43.3750      -149.7397       193.1147
   1300000        42.7639      -152.2768       195.0407
   1310000        48.2275      -146.2124       194.4398
   1320000        48.0058      -147.6603       195.6661
   1330000        53.2760      -149.6202       202.8962
   1340000        42.7982      -155.8845       198.6826
   1350000        43.2997      -151.7381       195.0378
   1360000        52.8312      -145.5385       198.3697
   1370000        47.9660      -146.1177       194.0837
   1380000        49.2189      -146.1203       195.3392
   1390000        46.7857      -153.6144       200.4001
   1400000        45.7005      -152.0433       197.7438
   1410000        47.9116      -152.2950       200.2066
   1420000        50.7236      -149.4063       200.1299
   1430000        51.9111      -147.3085       199.2195
   1440000        51.9628      -149.3224       201.2853
   1450000        45.1977      -155.1050       200.3027
   1460000        44.7493      -154.3969       199.1462
   1470000        45.3515      -150.5876       195.9391
   1480000        53.3257      -144.5216       197.8473
   1490000        49.9064      -149.5196       199.4261
   1500000        47.5958      -151.4940       199.0898
   1510000        47.4813      -150.8989       198.3801
   1520000        46.4444      -152.4813       198.9257
   1530000        52.2787      -149.3346       201.6133
   1540000        51.6107      -152.0999       203.7106
   1550000        47.2743      -152.7090       199.9834
   1560000        46.8150      -150.5926       197.4076
   1570000        45.6650      -151.6852       197.3502
   1580000        49.6621      -152.0098       201.6720
   1590000        46.4484      -153.8102       200.2587
   1600000        44.5467      -152.9470       197.4937
   1610000        46.0275      -155.0948       201.1223
   1620000        46.8029      -151.5426       198.3455
   1630000        43.9265      -156.8835       200.8100
   1640000        44.5173      -154.2209       198.7382
   1650000        45.2446      -151.5091       196.7537
   1660000        52.4863      -146.9680       199.4544
   1670000        53.9838      -145.8370       199.8207
   1680000        43.8713      -151.2605       195.1317
   1690000        44.3734      -152.0313       196.4047
   1700000        45.9912      -153.9710       199.9622
   1710000        50.0646      -150.6688       200.7334
   1720000        43.5136      -154.3849       197.8985
   1730000        41.7291      -155.7741       197.5032
   1740000        42.1140      -154.2834       196.3974
   1750000        42.3403      -154.0862       196.4265
   1760000        50.1059      -147.5184       197.6243
   1770000        43.9882      -154.3242       198.3124
   1780000        44.9207      -154.8462       199.7669
   1790000        46.5135      -150.1032       196.6166
   1800000        47.9503      -149.9666       197.9169
   1810000        50.5686      -149.4768       200.0454
   1820000        51.8013      -146.8392       198.6404
   1830000        49.1975      -149.2715       198.4690
   1840000        42.7058      -155.4151       198.1209
   1850000        47.8189      -150.5225       198.3413
   1860000        43.4308      -149.4484       192.8791
   1870000        50.3726      -144.7872       195.1599
   1880000        45.0797      -149.1273       194.2070
   1890000        43.0175      -147.5379       190.5554
   1900000        45.3143      -150.4736       195.7880
   1910000        40.7441      -150.7894       191.5335
   1920000        39.6726      -155.3517       195.0243
   1930000        41.5625      -151.9314       193.4939
   1940000        46.9913      -145.4828       192.4741
   1950000        43.5527      -151.0997       194.6524
   1960000        44.5890      -153.4278       198.0168
   1970000        53.0346      -149.4909       202.5256
   1980000        49.6608      -151.9280       201.5888
   1990000        51.5514      -147.0648       198.6162
   2000000        42.3703      -151.3596       193.7298
   2010000        46.0813      -149.4601       195.5414
   2020000        41.2955      -150.4846       191.7801
   2030000        43.3490      -151.5826       194.9316
   2040000        47.4563      -149.5487       197.0051
   2050000        42.2380      -153.0071       195.2451
   2060000        38.4361      -153.3613       191.7973
   2070000        39.1885      -151.4922       190.6807
   2080000        42.1345      -150.5418       192.6764
   2090000        43.1720      -149.0947       192.2667
   2100000        43.8763      -147.9888       191.8652
   2110000        38.7290      -153.4001       192.1291
   2120000        43.5206      -151.2306       194.7512
   2130000        49.0687      -145.6404       194.7091
   2140000        41.5899      -153.4534       195.0433
   2150000        45.3339      -149.7962       195.1301
   2160000        44.3094      -148.5376       192.8470
   2170000        43.8978      -151.6859       195.5838
   2180000        40.6022      -155.5706       196.1728
   2190000        45.1649      -153.2222       198.3871
   2200000        45.6686      -150.1336       195.8023
   2210000        41.0019      -153.1743       194.1761
   2220000        44.4819      -151.5520       196.0339
   2230000        44.8340      -150.1659       195.0000
   2240000        43.0277      -151.8122       194.8400
   2250000        34.1086      -157.6432       191.7518
   2260000        38.2395      -155.1129       193.3524
   2270000        35.2511      -157.3794       192.6306
   2280000        33.7637      -156.4570       190.2207
   2290000        39.9531      -152.7884       192.7414
   2300000        42.4071      -152.8817       195.2888
   2310000        38.7676      -153.7034       192.4710
   2320000        39.8747      -157.5862       197.4609
   2330000        41.5175      -152.9610       194.4784
   2340000        40.1754      -151.9622       192.1376
   2350000        40.5353      -151.4794       192.0147
   2360000        41.6386      -152.2995       193.9381
   2370000        39.2519      -152.2737       191.5256
   2380000        38.7647      -153.7270       192.4918
   2390000        40.8358      -152.1015       192.9373
   2400000        39.0327      -155.7803       194.8130
   2410000        42.6913      -152.1018       194.7931
   2420000        42.0013      -152.6503       194.6516
   2430000        36.6919      -155.5979       192.2898
   2440000        39.4894      -155.2767       194.7661
   2450000        36.8966      -154.6932       191.5899
   2460000        35.0722      -155.1003       190.1725
   2470000        35.1999      -155.4690       190.6690
   2480000        41.2912      -150.1415       191.4327
   2490000        44.2466      -149.5515       193.7981
   2500000        45.6969      -148.3937       194.0906
   2510000        39.9944      -155.1976       195.1920
   2520000        46.7355      -152.0795       198.8150
   2530000        41.2443      -154.7054       195.9497
   2540000        42.3713      -154.1111       196.4825
   2550000        38.5040      -154.8511       193.3551
   2560000        37.6065      -154.9009       192.5074
   2570000        39.6875      -152.5769       192.2644
   2580000        41.2603      -153.1282       194.3885
   2590000        39.3118      -154.2518       193.5636
   2600000        41.0047      -151.1536       192.1583
   2610000        45.0298      -151.0162       196.0459
   2620000        46.8140      -148.3256       195.1396
   2630000        45.1957      -148.2993       193.4951
   2640000        44.5932      -150.5508       195.1440
   2650000        41.9746      -151.7074       193.6820
   2660000        41.8138      -150.4115       192.2252
   2670000        44.2208      -146.8693       191.0901
   2680000        43.1114      -148.6931       191.8045
   2690000        42.7425      -150.8153       193.5578
   2700000        41.7600      -151.1829       192.9429
   2710000        39.9539      -150.8646       190.8185
   2720000        40.3023      -150.4136       190.7159
   2730000        45.4411      -149.5643       195.0054
   2740000        49.2242      -147.7437       196.9679
   2750000        44.0060      -148.5968       192.6028
   2760000        40.3914      -152.0764       192.4678
   2770000        47.4150      -148.7284       196.1434
   2780000        44.9587      -149.7371       194.6958
   2790000        47.9255      -145.5725       193.4980
   2800000        43.3007      -150.2107       193.5114
   2810000        43.5744      -151.0502       194.6246
   2820000        41.3882      -151.5678       192.9560
   2830000        45.9630      -148.5719       194.5350
   2840000        55.5877      -138.6643       194.2520
   2850000        48.9871      -147.3452       196.3323
   2860000        53.3573      -145.8961       199.2534
   2870000        52.5634      -142.1229       194.6863
   2880000        57.2150      -139.2824       196.4974
   2890000        42.5172      -149.3445       191.8617
   2900000        43.7765      -150.0719       193.8484
   2910000        43.6205      -152.8531       196.4736
   2920000        40.0435      -152.8537       192.8972
   2930000        42.9950      -154.4749       197.4699
   2940000        43.3446      -150.9135       194.2581
   2950000        41.4047      -152.9660       194.3707
   2960000        42.2898      -153.0311       195.3209
   2970000        41.6687      -151.2867       192.9554
   2980000        39.8571      -155.6782       195.5353
   2990000        43.6104      -152.1742       195.7846
   3000000        45.6803      -150.5335       196.2138
   3010000        45.6063      -151.6204       197.2267
   3020000        41.4369      -152.4469       193.8838
   3030000        42.3814      -151.6322       194.0136
   3040000        52.0202      -144.1394       196.1597
   3050000        48.3530      -148.0860       196.4390
   3060000        45.0042      -147.3731       192.3773
   3070000        54.6429      -141.2646       195.9075
   3080000        53.3374      -139.5335       192.8709
   3090000        49.3190      -144.3274       193.6464
   3100000        52.1253      -147.2690       199.3944
   3110000        52.0344      -147.9670       200.0015
   3120000        49.1221      -148.9461       198.0682
   3130000        47.1427      -150.4092       197.5519
   3140000        47.2998      -149.0455       196.3453
   3150000        40.9961      -153.1565       194.1527
   3160000        39.3200      -155.8198       195.1398
   3170000        40.8607      -149.2362       190.0969
   3180000        43.6236      -146.3503       189.9740
   3190000        40.0950      -149.1511       189.2461
   3200000        44.9084      -148.0581       192.9665
   3210000        42.0807      -149.6075       191.6882
   3220000        44.6638      -149.4149       194.0788
   3230000        50.9198      -145.5351       196.4549
   3240000        59.3582      -140.4051       199.7633
   3250000        48.3066      -145.1323       193.4389
   3260000        48.0262      -144.6537       192.6798
   3270000        47.2023      -146.1623       193.3646
   3280000        44.0233      -144.9616       188.9849
   3290000        45.1471      -145.6815       190.8286
   3300000        39.6021      -149.6966       189.2987
   3310000        45.6151      -148.8441       194.4592
   3320000        46.4659      -152.1501       198.6161
   3330000        40.6379      -153.6306       194.2685
   3340000        46.4196      -148.9441       195.3637
   3350000        43.1534      -147.8940       191.0474
   3360000        45.0601      -148.8649       193.9250
   3370000        49.5115      -148.6861       198.1976
   3380000        44.5914      -150.2337       194.8251
   3390000        45.8531      -150.9779       196.8309
   3400000        37.7303      -154.1567       191.8871
   3410000        39.2636      -150.7596       190.0232
   3420000        39.3577      -151.5211       190.8788
   3430000        44.4969      -149.2500       193.7469
   3440000        43.2807      -147.4869       190.7677
   3450000        46.9366      -143.8989       190.8355
   3460000        38.2633      -151.2465       189.5098
   3470000        42.4740      -149.0163       191.4902
   3480000        43.3656      -150.3757       193.7413
   3490000        43.6983      -148.0404       191.7387
   3500000        51.4583      -141.8364       193.2947
   3510000        47.2627      -144.2711       191.5338
   3520000        48.9936      -147.8684       196.8620
   3530000        42.6338      -149.2149       191.8487
   3540000        45.2542      -146.1595       191.4137
   3550000        40.0976      -150.0310       190.1287
   3560000        37.3381      -153.0707       190.4088
   3570000        41.4818      -153.0520       194.5338
   3580000        42.0887      -152.9393       195.0280
   3590000        45.8826      -148.7374       194.6200
   3600000        42.9027      -149.6174       192.5202
   3610000        50.6760      -144.6252       195.3011
   3620000        42.0053      -147.6710       189.6763
   3630000        40.1570      -148.6979       188.8549
   3640000        46.2384      -145.8412       192.0795
   3650000        51.3065      -144.8110       196.1175
   3660000        51.1389      -145.9937       197.1326
   3670000        54.6558      -147.5506       202.2064
   3680000        46.4445      -149.5198       195.9643
   3690000        49.8392      -146.1747       196.0138
   3700000        54.5621      -146.3290       200.8911
   3710000        58.9241      -140.9200       199.8440
   3720000        55.0828      -142.1729       197.2557
   3730000        48.8605      -148.7355       197.5960
   3740000        50.2011      -148.7971       198.9982
   3750000        43.7384      -151.8776       195.6160
   3760000        47.4428      -149.1866       196.6293
   3770000        42.3431      -149.7702       192.1133
   3780000        48.0759      -144.8016       192.8775
   3790000        52.8562      -143.8883       196.7445
   3800000        51.6118      -144.9271       196.5389
   3810000        51.9825      -145.2695       197.2520
   3820000        53.7511      -143.2796       197.0307
   3830000        51.5393      -143.8362       195.3755
   3840000        47.2513      -145.6173       192.8686
   3850000        53.3286      -141.2332       194.5619
   3860000        46.5532      -146.5218       193.0751
   3870000        52.9198      -141.4948       194.4146
   3880000        49.4680      -142.7130       192.1810
   3890000        52.8151      -140.7827       193.5978
   3900000        49.4812      -144.4310       193.9122
   3910000        46.8799      -145.4313       192.3112
   3920000        48.2728      -145.5569       193.8297
   3930000        47.6913      -143.8847       191.5760
   3940000        50.4008      -138.4991       188.8999
   3950000        50.8976      -144.9791       195.8767
   3960000        58.9348      -134.6360       193.5709
   3970000        47.8741      -141.8014       189.6755
   3980000        47.4968      -142.6340       190.1308
   3990000        41.6354      -144.6112       186.2466
   4000000        44.9691      -143.7468       188.7159
   4010000        42.3497      -145.5027       187.8525
   4020000        43.0480      -144.5545       187.6026
   4030000        43.2282      -144.1066       187.3348
   4040000        51.0740      -141.4600       192.5340
   4050000        53.4105      -141.2868       194.6973
   4060000        48.3514      -145.1875       193.5389
   4070000        51.0665      -144.1171       195.1836
   4080000        49.3898      -145.1483       194.5382
   4090000        48.2403      -145.6985       193.9387
   4100000        50.6551      -140.7163       191.3714
   4110000        49.9339      -144.3957       194.3296
   4120000        51.1343      -145.8845       197.0188
   4130000        52.4996      -146.3436       198.8432
   4140000        51.4724      -142.4471       193.9195
   4150000        52.8377      -142.2446       195.0823
   4160000        46.2946      -146.6379       192.9324
   4170000        43.8173      -146.5819       190.3992
   4180000        53.6818      -144.2445       197.9263
   4190000        55.5207      -142.6616       198.1824
   4200000        55.9847      -137.9398       193.9245
   4210000        51.6296      -143.5578       195.1874
   4220000        62.3047      -132.1170       194.4217
   4230000        50.2933      -140.4143       190.7076
   4240000        52.3418      -141.6865       194.0283
   4250000        54.0666      -139.9755       194.0421
   4260000        51.0594      -142.7088       193.7683
   4270000        48.8662      -142.7776       191.6438
   4280000        54.6615      -140.6234       195.2848
   4290000        51.8738      -143.6040       195.4778
   4300000        51.4331      -143.4780       194.9110
   4310000        47.4935      -142.3078       189.8013
   4320000        51.1694      -140.9574       192.1268
   4330000        47.1824      -144.8984       192.0808
   4340000        40.9734      -147.6487       188.6221
   4350000        47.6739      -143.5974       191.2712
   4360000        47.9786      -146.2090       194.1876
   4370000        48.9799      -144.5751       193.5550
   4380000        50.9405      -147.0828       198.0233
   4390000        49.4378      -143.3761       192.8139
   4400000        47.7992      -144.1969       191.9961
   4410000        51.7465      -145.8206       197.5671
   4420000        55.3501      -143.4637       198.8138
   4430000        53.2234      -138.1816       191.4050
   4440000        48.4265      -146.0366       194.4631
   4450000        48.7795      -144.7357       193.5151
   4460000        47.5172      -144.6578       192.1750
   4470000        46.1659      -149.5595       195.7255
   4480000        47.1731      -144.6465       191.8196
   4490000        43.5457      -147.8199       191.3656
   4500000        44.8695      -147.5340       192.4035
   4510000        47.6245      -146.8471       194.4716
   4520000        50.5043      -142.9717       193.4760
   4530000        50.1025      -145.1893       195.2918
   4540000        49.2956      -144.9948       194.2904
   4550000        52.4732      -142.2873       194.7606
   4560000        48.9893      -147.4999       196.4893
   4570000        49.8499      -145.2113       195.0612
   4580000        52.1955      -146.7241       198.9196
   4590000        51.6214      -142.8323       194.4538
   4600000        46.7869      -145.7073       192.4942
   4610000        46.7699      -146.5315       193.3014
   4620000        48.7680      -145.8212       194.5892
   4630000        54.7672      -140.2921       195.0593
   4640000        50.0570      -147.6331       197.6901
   4650000        50.3951      -148.9596       199.3547
   4660000        50.1584      -144.5195       194.6780
   4670000        51.1322      -147.6670       198.7992
   4680000        50.9908      -144.7392       195.7300
   4690000        52.7654      -143.2014       195.9667
   4700000        56.5325      -142.6557       199.1882
   4710000        59.7651      -140.2985       200.0636
   4720000        54.2997      -147.5586       201.8583
   4730000        59.2001      -142.7680       201.9680
   4740000        47.3919      -145.2893       192.6812
   4750000        51.5036      -144.8806       196.3842
   4760000        43.3398      -149.6995       193.0393
   4770000        46.2348      -147.8968       194.1316
   4780000        52.6395      -146.6346       199.2741
   4790000        51.0340      -143.6593       194.6932
   4800000        49.0790      -144.7601       193.8391
   4810000        50.2011      -144.0422       194.2433
   4820000        50.9676      -147.2942       198.2618
   4830000        52.9592      -147.3946       200.3538
   4840000        51.4015      -146.7502       198.1517
   4850000        51.7990      -148.2092       200.0082
   4860000        54.2464      -146.0133       200.2596
   4870000        55.8899      -143.8504       199.7403
   4880000        48.1037      -147.7217       195.8254
   4890000        51.6548      -143.6497       195.3045
   4900000        48.7180      -144.3503       193.0684
   4910000        44.0912      -150.0239       194.1151
   4920000        42.0527      -150.4256       192.4783
   4930000        47.7180      -146.1975       193.9156
   4940000        48.2335      -146.7078       194.9413
   4950000        47.5142      -148.9855       196.4998
   4960000        54.0241      -145.6132       199.6373
   4970000        52.7709      -144.8293       197.6002
   4980000        53.1800      -144.5502       197.7301
   4990000        50.6519      -147.3551       198.0070
   5000000        60.1807      -140.4458       200.6265
   5010000        53.2794      -146.3659       199.6453
   5020000        50.3089      -147.4489       197.7579
   5030000        51.8787      -146.4212       198.2999
   5040000        52.7975      -146.5888       199.3863
   5050000        54.9584      -146.6053       201.5637
   5060000        57.3139      -143.8479       201.1618
   5070000        61.4774      -140.9110       202.3884
   5080000        52.0610      -147.3942       199.4553
   5090000        60.7601      -143.0948       203.8549
   5100000        60.8597      -145.8446       206.7043
   5110000        59.8896      -146.6170       206.5065
   5120000        62.0740      -144.9672       207.0412
   5130000        60.9143      -146.2453       207.1597
   5140000        58.3346      -146.3931       204.7278
   5150000        54.7872      -145.9586       200.7459
   5160000        56.1473      -145.1366       201.2838
   5170000        56.5869      -144.0350       200.6219
   5180000        57.7422      -145.0914       202.8335
   5190000        53.6262      -146.7595       200.3857
   5200000        54.2192      -141.9620       196.1812
   5210000        57.5977      -141.7524       199.3501
   5220000        55.5614      -146.2015       201.7629
   5230000        55.1117      -143.3058       198.4176
   5240000        56.2129      -142.8367       199.0496
   5250000        54.7993      -143.6668       198.4661
   5260000        55.4533      -146.7046       202.1578
   5270000        56.9962      -144.7992       201.7954
   5280000        60.3149      -139.1189       199.4338
   5290000        54.1496      -143.5611       197.7106
   5300000        56.7644      -143.6305       200.3950
   5310000        51.1107      -146.7823       197.8930
   5320000        56.4683      -142.3353       198.8035
   5330000        51.9467      -144.0830       196.0297
   5340000        56.3371      -143.5097       199.8468
   5350000        70.7880      -136.7849       207.5729
   5360000        64.4280      -142.1909       206.6189
   5370000        62.5646      -144.7906       207.3552
   5380000        64.4270      -142.0657       206.4926
   5390000        64.7844      -140.0981       204.8825
   5400000        65.0098      -140.4941       205.5039
   5410000        63.7576      -143.0191       206.7767
   5420000        55.9605      -143.0774       199.0379
   5430000        60.3317      -141.6389       201.9706
   5440000        64.7075      -139.2491       203.9566
   5450000        66.4670      -140.8243       207.2912
   5460000        58.7647      -147.3999       206.1646
   5470000        56.0327      -148.6734       204.7061
   5480000        73.1335      -139.1841       212.3176
   5490000        67.0744      -142.9985       210.0729
   5500000        65.8468      -145.8215       211.6683
   5510000        61.3076      -148.4364       209.7441
   5520000        60.8246      -146.6160       207.4406
   5530000        63.7105      -144.0189       207.7294
   5540000        60.6862      -143.5990       204.2851
   5550000        60.9537      -146.1821       207.1358
   5560000        62.0537      -144.6539       206.7076
   5570000        68.3777      -139.3943       207.7720
   5580000        60.6383      -145.6280       206.2663
   5590000        60.4095      -147.9184       208.3278
   5600000        63.7043      -143.9465       207.6508
   5610000        65.7084      -142.5074       208.2158
   5620000        63.9117      -142.1633       206.0750
   5630000        67.1010      -140.7920       207.8931
   5640000        69.5192      -138.2955       207.8147
   5650000        63.6953      -141.6712       205.3664
   5660000        66.9818      -142.3018       209.2836
   5670000        62.5963      -144.3281       206.9244
   5680000        64.1288      -145.4951       209.6240
   5690000        61.0265      -145.3185       206.3451
   5700000        53.6322      -149.0252       202.6575
   5710000        58.6968      -145.2752       203.9719
   5720000        61.1457      -145.2690       206.4147
   5730000        62.1423      -144.9353       207.0776
   5740000        59.6366      -146.6946       206.3312
   5750000        58.7091      -144.2878       202.9969
   5760000        63.4887      -142.7958       206.2845
   5770000        65.6011      -141.2359       206.8371
   5780000        67.6742      -141.4752       209.1495
   5790000        66.5088      -144.1032       210.6120
   5800000        60.2655      -146.5343       206.7998
   5810000        63.5480      -143.6134       207.1613
   5820000        66.1439      -147.2822       213.4261
   5830000        63.5505      -144.9448       208.4953
   5840000        66.7953      -143.6332       210.4286
   5850000        57.5457      -150.1251       207.6707
   5860000        60.4898      -146.4299       206.9196
   5870000        63.5313      -145.9594       209.4907
   5880000        66.0683      -143.9086       209.9769
   5890000        63.0653      -148.8894       211.9547
   5900000        63.3450      -146.8188       210.1638
   5910000        57.1032      -148.0490       205.1522
   5920000        62.3217      -148.7956       211.1174
   5930000        65.8919      -145.6929       211.5848
   5940000        62.8509      -147.1356       209.9866
   5950000        64.0685      -144.6391       208.7076
   5960000        70.0318      -141.4787       211.5105
   5970000        62.5974      -143.4625       206.0599
   5980000        60.5448      -145.4145       205.9593
   5990000        63.7394      -144.2544       207.9937
   6000000        62.3242      -145.0821       207.4063
   6010000        66.6378      -140.7196       207.3574
   6020000        70.5772      -137.1000       207.6772
   6030000        70.1406      -139.4769       209.6175
   6040000        70.9993      -136.9571       207.9564
   6050000        67.0222      -139.8004       206.8226
   6060000        60.2261      -144.1373       204.3634
   6070000        58.4842      -147.0787       205.5629
   6080000        57.3310      -147.3256       204.6567
   6090000        62.1972      -142.2601       204.4573
   6100000        59.1325      -147.0203       206.1528
   6110000        63.1377      -145.0104       208.1481
   6120000        65.4673      -145.1980       210.6652
   6130000        58.3575      -147.7215       206.0790
   6140000        58.6554      -144.7916       203.4470
   6150000        60.8538      -148.6504       209.5042
   6160000        60.9498      -148.5577       209.5075
   6170000        64.4914      -146.0851       210.5765
   6180000        61.4442      -147.6458       209.0900
   6190000        62.0229      -146.4525       208.4754
   6200000        62.0048      -146.5008       208.5056
   6210000        61.7695      -145.5454       207.3149
   6220000        62.4145      -144.9231       207.3375
   6230000        62.7489      -145.4891       208.2380
   6240000        59.8023      -149.6024       209.4047
   6250000        56.2713      -146.4680       202.7393
   6260000        64.8223      -139.2729       204.0952
   6270000        57.8522      -148.3298       206.1820
   6280000        59.7531      -150.6409       210.3940
   6290000        61.9272      -152.4181       214.3453
   6300000        54.3445      -153.3873       207.7318
   6310000        58.3808      -153.5446       211.9254
   6320000        56.9740      -153.8382       210.8122
   6330000        56.9570      -152.1013       209.0583
   6340000        58.7287      -150.5235       209.2522
   6350000        54.7326      -152.9217       207.6543
   6360000        57.1677      -153.3239       210.4917
   6370000        56.0917      -148.7641       204.8558
   6380000        50.2386      -152.9032       203.1418
   6390000        52.7223      -152.6890       205.4113
   6400000        52.5135      -149.3193       201.8328
   6410000        48.7378      -154.0307       202.7685
   6420000        58.4940      -146.4161       204.9102
   6430000        52.5571      -151.6723       204.2294
   6440000        48.7890      -155.9101       204.6991
   6450000        50.8267      -151.9403       202.7669
   6460000        52.0925      -149.3890       201.4815
   6470000        53.7252      -149.5348       203.2600
   6480000        54.4432      -153.2622       207.7054
   6490000        57.2723      -148.0428       205.3151
   6500000        52.1822      -155.4219       207.6041
   6510000        52.7560      -149.4573       202.2132
   6520000        54.8611      -150.1247       204.9859
   6530000        49.5313      -152.3844       201.9157
   6540000        49.8013      -152.3943       202.1956
   6550000        57.2900      -146.3859       203.6759
   6560000        58.7005      -147.9479       206.6484
   6570000        52.3731      -153.2608       205.6339
   6580000        50.7531      -152.6141       203.3673
   6590000        61.8167      -148.5065       210.3232
   6600000        58.5658      -151.7741       210.3399
   6610000        63.8950      -147.4375       211.3326
   6620000        62.7784      -144.4644       207.2427
   6630000        56.0422      -151.4384       207.4806
   6640000        65.1461      -146.7699       211.9160
   6650000        66.1437      -142.4481       208.5918
   6660000        54.9145      -148.3016       203.2161
   6670000        59.0016      -145.1453       204.1469
   6680000        60.7974      -146.5730       207.3704
   6690000        57.5300      -152.5408       210.0708
   6700000        55.9751      -151.1945       207.1696
   6710000        58.0884      -148.8599       206.9483
   6720000        56.3091      -150.0126       206.3217
   6730000        55.7508      -146.3851       202.1359
   6740000        62.0919      -143.5170       205.6089
   6750000        58.8708      -145.5555       204.4263
   6760000        61.1716      -146.7543       207.9260
   6770000        60.7340      -145.3481       206.0821
   6780000        49.8666      -153.0652       202.9319
   6790000        56.5969      -146.0359       202.6328
   6800000        57.2232      -147.8579       205.0811
   6810000        56.9876      -148.6188       205.6064
   6820000        59.8563      -148.4365       208.2928
   6830000        61.2540      -145.9103       207.1643
   6840000        53.8119      -147.4214       201.2333
   6850000        49.2400      -152.2944       201.5344
   6860000        54.2708      -147.1366       201.4074
   6870000        53.0612      -151.6453       204.7066
   6880000        56.9501      -147.1812       204.1313
   6890000        51.9665      -149.8379       201.8044
   6900000        53.5003      -149.6982       203.1985
   6910000        55.0801      -149.7942       204.8742
   6920000        56.0654      -147.5410       203.6063
   6930000        55.6379      -149.0583       204.6962
   6940000        53.1552      -150.8617       204.0169
   6950000        49.8979      -153.1550       203.0528
   6960000        52.7886      -148.6991       201.4877
   6970000        47.0685      -152.2851       199.3536
   6980000        52.2506      -150.2530       202.5036
   6990000        53.9083      -150.0652       203.9735
   7000000        51.4358      -154.0156       205.4514
   7010000        53.4180      -152.1919       205.6099
   7020000        54.2822      -152.6282       206.9104
   7030000        55.0382      -150.2981       205.3363
   7040000        55.7885      -150.9194       206.7079
   7050000        56.4416      -149.4736       205.9152
   7060000        58.5198      -148.2137       206.7334
   7070000        55.0488      -152.2175       207.2662
   7080000        58.8351      -149.6657       208.5007
   7090000        57.4324      -144.9368       202.3692
   7100000        51.1063      -151.3532       202.4595
   7110000        50.9575      -150.6375       201.5950
   7120000        43.9152      -154.9540       198.8692
   7130000        51.3014      -153.4406       204.7420
   7140000        55.5957      -151.5341       207.1299
   7150000        53.7472      -148.0912       201.8383
   7160000        51.0991      -151.3920       202.4911
   7170000        47.5822      -154.3727       201.9550
   7180000        51.8909      -152.6055       204.4964
   7190000        52.1767      -151.4593       203.6360
   7200000        51.6496      -148.0927       199.7423
   7210000        55.3415      -149.2982       204.6397
   7220000        57.6776      -144.2781       201.9557
   7230000        55.9666      -146.2599       202.2266
   7240000        63.7226      -142.1905       205.9131
   7250000        58.7530      -145.8496       204.6026
   7260000        53.0347      -148.3885       201.4231
   7270000        53.9175      -152.4960       206.4135
   7280000        51.9102      -153.4797       205.3899
   7290000        53.7769      -150.7648       204.5417
   7300000        53.6755      -147.3041       200.9797
   7310000        55.6449      -147.1797       202.8247
   7320000        55.8116      -146.3651       202.1767
   7330000        51.2312      -152.1850       203.4162
   7340000        55.7398      -149.2380       204.9778
   7350000        68.0839      -144.5337       212.6176
   7360000        68.8733      -137.6942       206.5675
   7370000        60.9005      -144.9981       205.8986
   7380000        57.9789      -149.6440       207.6229
   7390000        59.5465      -148.9547       208.5011
   7400000        57.0398      -151.1443       208.1841
   7410000        65.2668      -143.3381       208.6049
   7420000        63.2251      -145.9930       209.2182
   7430000        56.8174      -151.1211       207.9385
   7440000        52.5074      -150.7588       203.2662
   7450000        57.3615      -149.5700       206.9315
   7460000        63.0579      -142.2830       205.3409
   7470000        61.4925      -146.6531       208.1455
   7480000        51.0393      -152.6010       203.6403
   7490000        55.0303      -153.2370       208.2672
   7500000        52.0703      -151.6877       203.7580
   7510000        54.8931      -149.7811       204.6741
   7520000        51.5744      -153.4213       204.9957
   7530000        54.9253      -147.3711       202.2964
   7540000        50.1462      -150.7325       200.8787
   7550000        55.5843      -148.8544       204.4387
   7560000        58.9538      -145.9446       204.8984
   7570000        56.5089      -145.1033       201.6122
   7580000        58.5620      -144.4249       202.9869
   7590000        49.9578      -151.8727       201.8305
   7600000        57.5102      -146.0686       203.5788
   7610000        54.3756      -147.6596       202.0352
   7620000        47.9485      -151.1270       199.0756
   7630000        53.1048      -149.6842       202.7890
   7640000        51.8275      -148.9950       200.8226
   7650000        50.9835      -150.0764       201.0599
   7660000        49.7053      -149.8218       199.5271
   7670000        54.4515      -148.3274       202.7789
   7680000        54.5972      -146.3986       200.9959
   7690000        52.6343      -150.3742       203.0085
   7700000        45.4169      -154.5199       199.9368
   7710000        46.8266      -154.4364       201.2630
   7720000        51.3434      -151.0168       202.3603
   7730000        46.8022      -152.4912       199.2935
   7740000        54.6712      -145.7949       200.4661
   7750000        54.3593      -145.8325       200.1917
   7760000        57.1067      -148.7448       205.8516
   7770000        57.8168      -145.7135       203.5303
   7780000        52.4510      -147.7067       200.1578
   7790000        59.7889      -143.4186       203.2075
   7800000        67.6472      -136.5640       204.2111
   7810000        63.2768      -145.9896       209.2664
   7820000        54.1943      -146.7957       200.9900
   7830000        54.0504      -146.4454       200.4958
   7840000        56.6164      -143.7833       200.3997
   7850000        51.3808      -146.8653       198.2461
   7860000        56.1363      -145.2475       201.3838
   7870000        54.3910      -144.7083       199.0993
   7880000        56.2800      -143.6196       199.8996
   7890000        52.2615      -143.2880       195.5495
   7900000        50.7489      -145.9997       196.7486
   7910000        50.5652      -143.4507       194.0159
   7920000        56.6855      -138.6546       195.3401
   7930000        52.0787      -145.7408       197.8195
   7940000        57.4735      -142.5911       200.0646
   7950000        57.2259      -140.8064       198.0323
   7960000        56.2089      -146.7187       202.9276
   7970000        49.8767      -145.3754       195.2522
   7980000        48.1387      -148.0664       196.2051
   7990000        51.7150      -145.9805       197.6955
   8000000        53.8570      -148.0959       201.9529
   8010000        48.8453      -148.3596       197.2050
   8020000        49.1223      -147.7433       196.8656
   8030000        52.4393      -146.2928       198.7321
   8040000        54.4568      -145.5893       200.0461
   8050000        55.7625      -143.5969       199.3594
   8060000        58.1119      -139.9506       198.0625
   8070000        61.8507      -137.9140       199.7647
   8080000        57.6772      -141.3402       199.0175
   8090000        57.8457      -141.2071       199.0528
   8100000        58.0219      -141.4342       199.4561
   8110000        56.2444      -143.3334       199.5777
   8120000        58.7531      -142.3995       201.1527
   8130000        49.1870      -149.3909       198.5779
   8140000        51.2163      -147.9205       199.1367
   8150000        53.9083      -147.5226       201.4310
   8160000        50.2071      -148.4627       198.6698
   8170000        62.1190      -143.1615       205.2805
   8180000        62.8749      -142.4397       205.3147
   8190000        63.8088      -140.9977       204.8065
   8200000        63.6325      -144.3179       207.9504
   8210000        61.7486      -141.9867       203.7354
   8220000        59.0432      -142.0888       201.1321
   8230000        59.5354      -144.7183       204.2537
   8240000        63.7189      -138.4627       202.1816
   8250000        60.1949      -142.8123       203.0072
   8260000        54.0545      -144.8671       198.9216
   8270000        60.1234      -145.0536       205.1770
   8280000        59.0014      -147.4276       206.4290
   8290000        56.5919      -148.1227       204.7146
   8300000        55.9822      -148.2812       204.2634
   8310000        56.1995      -144.5726       200.7721
   8320000        55.8852      -142.9697       198.8548
   8330000        58.2006      -140.3401       198.5407
   8340000        53.1654      -147.2480       200.4134
   8350000        51.3876      -150.2871       201.6747
   8360000        47.4584      -150.2065       197.6649
   8370000        49.5182      -150.1550       199.6732
   8380000        46.2126      -148.7664       194.9790
   8390000        49.0962      -150.1183       199.2145
   8400000        53.2743      -143.5447       196.8189
   8410000        51.8435      -146.7591       198.6026
   8420000        44.5551      -149.5177       194.0727
   8430000        45.7717      -148.7847       194.5564
   8440000        49.7376      -150.2149       199.9525
   8450000        47.0125      -148.4612       195.4736
   8460000        51.4768      -147.7076       199.1844
   8470000        48.4253      -146.4280       194.8533
   8480000        53.4774      -142.9543       196.4317
   8490000        49.1760      -146.8857       196.0617
   8500000        50.1173      -147.6918       197.8090
   8510000        52.6212      -143.5363       196.1575
   8520000        52.2468      -147.6232       199.8700
   8530000        55.3937      -143.4525       198.8462
   8540000        52.1226      -148.2456       200.3682
   8550000        52.2384      -146.4682       198.7066
   8560000        48.5182      -148.4390       196.9571
   8570000        51.4986      -144.7421       196.2407
   8580000        48.0913      -147.5220       195.6133
   8590000        52.7336      -148.2750       201.0086
   8600000        51.1278      -148.5378       199.6656
   8610000        56.4369      -144.1225       200.5594
   8620000        52.6286      -147.6155       200.2441
   8630000        56.6733      -143.7318       200.4051
   8640000        52.5134      -144.8196       197.3330
   8650000        47.7526      -150.5242       198.2767
   8660000        48.2886      -152.1154       200.4040
   8670000        52.6681      -145.8077       198.4758
   8680000        47.3454      -148.6233       195.9687
   8690000        58.2378      -143.1431       201.3809
   8700000        50.0058      -147.3080       197.3138
   8710000        51.4013      -145.9167       197.3180
   8720000        53.2847      -147.3935       200.6782
   8730000        50.7935      -147.6471       198.4406
   8740000        46.5190      -153.3956       199.9146
   8750000        51.6682      -150.3500       202.0182
   8760000        58.1404      -148.4782       206.6186
   8770000        59.0224      -151.4357       210.4582
   8780000        53.5566      -151.2581       204.8147
   8790000        50.9912      -151.2009       202.1921
   8800000        62.5480      -147.5666       210.1146
   8810000        55.2687      -150.7358       206.0045
   8820000        58.6765      -144.2821       202.9587
   8830000        68.9060      -138.6955       207.6016
   8840000        54.4029      -147.2665       201.6693
   8850000        60.8539      -144.3612       205.2151
   8860000        63.5716      -143.6139       207.1855
   8870000        62.3330      -146.0277       208.3606
   8880000        58.5260      -148.5015       207.0275
   8890000        65.7859      -141.9080       207.6939
   8900000        57.8249      -144.7219       202.5468
   8910000        57.3172      -146.4133       203.7305
   8920000        51.7104      -150.9237       202.6341
   8930000        54.0294      -148.6005       202.6299
   8940000        55.8961      -146.1883       202.0844
   8950000        54.4423      -146.3710       200.8133
   8960000        49.2867      -150.0029       199.2895
   8970000        51.1305      -148.2621       199.3926
   8980000        47.7289      -149.6971       197.4260
   8990000        49.4810      -146.8448       196.3258
   9000000        48.3332      -149.7086       198.0418
   9010000        59.9509      -142.6593       202.6101
   9020000        48.4526      -151.8752       200.3278
   9030000        47.0505      -149.6742       196.7247
   9040000        53.7442      -149.1711       202.9154
   9050000        54.7744      -150.6927       205.4671
   9060000        52.6442      -147.0731       199.7174
   9070000        51.6325      -151.9070       203.5395
   9080000        54.8361      -150.2840       205.1201
   9090000        54.8083      -148.2369       203.0452
   9100000        56.0051      -146.5831       202.5882
   9110000        54.1719      -146.9566       201.1285
   9120000        59.1232      -143.8639       202.9871
   9130000        55.7217      -146.6855       202.4073
   9140000        48.8976      -152.3499       201.2474
   9150000        57.0097      -150.5035       207.5132
   9160000        60.2823      -144.4212       204.7036
   9170000        56.8515      -143.6142       200.4657
   9180000        56.7243      -143.7847       200.5090
   9190000        48.7831      -151.1486       199.9317
   9200000        53.7764      -148.3991       202.1756
   9210000        52.2022      -149.4572       201.6594
   9220000        52.3123      -149.5897       201.9020
   9230000        54.3450      -146.4517       200.7967
   9240000        55.8976      -146.2013       202.0990
   9250000        50.0816      -149.6654       199.7471
   9260000        51.9607      -146.9761       198.9368
   9270000        51.8677      -149.2079       201.0756
   9280000        52.1258      -149.3033       201.4290
   9290000        54.7013      -149.3237       204.0250
   9300000        54.8937      -148.4102       203.3040
   9310000        52.5499      -149.1591       201.7090
   9320000        57.8276      -150.0014       207.8290
   9330000        51.9544      -150.6762       202.6306
   9340000        49.4317      -152.1921       201.6238
   9350000        51.5665      -149.7317       201.2982
   9360000        51.0175      -151.2836       202.3011
   9370000        54.1453      -147.0412       201.1866
   9380000        55.1161      -147.8195       202.9356
   9390000        52.1386      -149.5811       201.7197
   9400000        47.7248      -155.1359       202.8607
   9410000        48.4935      -152.2710       200.7645
   9420000        48.1883      -151.7215       199.9098
   9430000        52.7156      -149.8775       202.5931
   9440000        48.2070      -150.3037       198.5106
   9450000        54.9253      -145.8325       200.7577
   9460000        50.9406      -151.8330       202.7736
   9470000        57.2129      -147.1719       204.3849
   9480000        55.3332      -150.3624       205.6956
   9490000        49.1716      -149.2782       198.4498
   9500000        46.8377      -150.2841       197.1218
   9510000        52.7248      -148.0866       200.8114
   9520000        51.3720      -149.0687       200.4407
   9530000        49.9201      -151.6727       201.5928
   9540000        58.1792      -145.5667       203.7459
   9550000        52.8458      -149.8023       202.6481
   9560000        51.8010      -150.1821       201.9831
   9570000        52.9004      -149.9629       202.8633
   9580000        57.9101      -148.3765       206.2866
   9590000        52.5808      -150.1486       202.7293
   9600000        57.7871      -147.8300       205.6171
   9610000        57.7053      -146.9992       204.7045
   9620000        52.4740      -150.9739       203.4479
   9630000        58.7921      -144.9000       203.6921
   9640000        54.8761      -152.0733       206.9494
   9650000        63.1926      -142.0143       205.2069
   9660000        57.0225      -144.9295       201.9520
   9670000        51.7458      -148.8516       200.5974
   9680000        57.5333      -147.1800       204.7133
   9690000        56.4087      -145.9565       202.3652
   9700000        61.7533      -139.9709       201.7242
   9710000        61.2444      -140.1078       201.3522
   9720000        56.2104      -146.8343       203.0447
   9730000        57.1561      -148.4233       205.5795
   9740000        64.5252      -144.2969       208.8221
   9750000        58.9711      -149.4354       208.4065
   9760000        57.4396      -147.3864       204.8260
   9770000        58.1364      -147.2776       205.4140
   9780000        61.2597      -147.4472       208.7068
   9790000        55.5393      -151.5980       207.1373
   9800000        53.1663      -150.7054       203.8717
   9810000        52.1844      -151.9869       204.1714
   9820000        60.0860      -141.6587       201.7447
   9830000        61.4903      -147.9417       209.4320
   9840000        53.0890      -150.1115       203.2004
   9850000        55.6998      -147.4420       203.1418
   9860000        54.6260      -149.6176       204.2436
   9870000        54.4134      -148.3817       202.7952
   9880000        61.8110      -147.7812       209.5922
   9890000        53.6334      -148.4048       202.0381
   9900000        48.7399      -151.1178       199.8576
   9910000        46.3708      -150.2869       196.6577
   9920000        49.5062      -147.2968       196.8030
   9930000        49.5934      -145.5828       195.1762
   9940000        48.6438      -151.0712       199.7151
   9950000        46.6249      -151.3901       198.0150
   9960000        46.5903      -153.8132       200.4035
   9970000        49.3554      -152.2504       201.6058
   9980000        49.4520      -154.6439       204.0958
   9990000        48.8249      -150.4190       199.2439
  10000000        50.1664      -149.9088       200.0751
