# Step Rg End_to_End
         1        39.2292        77.8417
     10000        39.1932        75.4837
     20000        39.1953        76.4123
     30000        39.2578        76.2280
     40000        39.1869        74.5302
     50000        39.1722        74.0104
     60000        39.1330        75.4248
     70000        39.1461        76.5076
     80000        39.1435        76.5579
     90000        39.1831        76.1656
    100000        39.2156        74.8812
    110000        39.1876        77.7435
    120000        39.1863        77.8352
    130000        39.1974        77.2524
    140000        39.2321        76.3296
    150000        39.2341        75.6786
    160000        39.2447        75.2752
    170000        39.1838        74.3070
    180000        39.2220        71.1045
    190000        39.1828        68.6755
    200000        39.1164        62.4979
    210000        39.2634        74.4335
    220000        39.2268        76.1888
    230000        39.2760        73.0702
    240000        39.1754        75.0986
    250000        39.1830        74.4542
    260000        39.2504        72.6769
    270000        39.2732        72.0710
    280000        39.3142        73.1783
    290000        39.2227        73.1530
    300000        39.2069        73.4175
    310000        39.2040        73.4135
    320000        39.2759        72.8364
    330000        39.2876        72.4390
    340000        39.2424        73.2708
    350000        39.2477        72.2283
    360000        39.0982        72.8083
    370000        39.1801        72.9880
    380000        39.2163        71.7385
    390000        39.1912        71.6115
    400000        39.1691        73.3072
    410000        39.1357        73.3210
    420000        39.1645        75.4960
    430000        39.1204        75.8018
    440000        39.1008        75.1617
    450000        39.1079        75.6980
    460000        39.0504        74.6105
    470000        39.1856        75.6439
    480000        39.1208        75.5862
    490000        39.1433        74.4409
    500000        39.1316        72.2004
    510000        39.1099        72.1709
    520000        39.0655        73.9725
    530000        39.0500        74.2882
    540000        39.0509        77.7988
    550000        39.0537        74.4678
    560000        39.0708        76.8058
    570000        39.0341        75.6312
    580000        39.0864        75.0210
    590000        39.1312        73.4197
    600000        39.1068        77.3904
    610000        39.0829        76.6019
    620000        39.0952        73.5047
    630000        39.1542        75.6873
    640000        39.1970        74.7939
    650000        39.1881        76.3777
    660000        39.1420        75.7378
    670000        39.1481        76.7105
    680000        39.1995        75.5399
    690000        39.2030        75.6714
    700000        39.2020        76.0002
    710000        39.2103        74.1604
    720000        39.1997        75.5014
    730000        39.2008        74.6600
    740000        39.1815        75.7586
    750000        39.2076        74.6329
    760000        39.1881        72.7494
    770000        39.2395        76.5030
    780000        39.1795        77.3011
    790000        39.1510        76.1395
    800000        39.1251        77.8337
    810000        39.1769        76.4679
    820000        39.1828        76.0107
    830000        39.1681        76.0042
    840000        39.1863        75.1131
    850000        39.1412        75.5732
    860000        39.2134        75.5729
    870000        39.2162        77.1562
    880000        39.1796        76.8804
    890000        39.1652        77.1128
    900000        39.1845        77.0107
    910000        39.1726        75.7045
    920000        39.1924        75.8960
    930000        39.1968        75.9387
    940000        39.1649        76.7231
    950000        39.1838        75.8199
    960000        39.1820        75.8406
    970000        39.1914        74.8966
    980000        39.1817        76.3140
    990000        39.1679        75.4851
   1000000        39.1425        76.5508
   1010000        39.1529        75.4973
   1020000        39.1417        73.7396
   1030000        39.1732        74.8635
   1040000        39.1638        76.5886
   1050000        39.1996        75.6987
   1060000        39.1609        74.5861
   1070000        39.1470        77.5994
   1080000        39.1675        77.7615
   1090000        39.1324        78.3755
   1100000        39.1813        77.1607
   1110000        39.1950        74.8224
   1120000        39.2006        75.7870
   1130000        39.2093        75.3561
   1140000        39.2297        73.9874
   1150000        39.2398        75.5554
   1160000        39.2131        74.7721
   1170000        39.2533        74.5605
   1180000        39.2114        73.6057
   1190000        39.2094        75.5175
   1200000        39.2235        76.4165
   1210000        39.2231        75.2973
   1220000        39.2836        75.7748
   1230000        39.2350        76.1130
   1240000        39.2451        75.4309
   1250000        39.1603        74.2570
   1260000        39.2346        76.3495
   1270000        39.2081        76.1807
   1280000        39.2084        75.2794
   1290000        39.2063        73.9733
   1300000        39.2111        75.2825
   1310000        39.1856        75.2839
   1320000        39.1902        73.8928
   1330000        39.1281        75.5283
   1340000        39.2114        75.9520
   1350000        39.2241        76.1984
   1360000        39.1162        75.0296
   1370000        39.1535        73.3505
   1380000        39.1787        73.4101
   1390000        39.2267        77.0182
   1400000        39.1518        77.7612
   1410000        39.1803        76.7696
   1420000        39.1978        76.2111
   1430000        39.2196        75.7253
   1440000        39.1606        75.1841
   1450000        39.1804        76.8219
   1460000        39.1996        76.5025
   1470000        39.1306        73.6095
   1480000        39.1096        73.0191
   1490000        39.1233        76.8354
   1500000        39.1465        77.3507
   1510000        39.1478        76.9792
   1520000        39.1329        75.4768
   1530000        39.1576        75.8114
   1540000        39.1804        76.8223
   1550000        39.1977        76.2805
   1560000        39.1769        76.4273
   1570000        39.1455        76.7303
   1580000        39.1213        76.0484
   1590000        39.1404        75.9539
   1600000        39.2045        74.4456
   1610000        39.1975        75.7505
   1620000        39.1929        75.7835
   1630000        39.2356        74.0843
   1640000        39.2331        72.4664
   1650000        39.2233        72.0276
   1660000        39.1708        68.7682
   1670000        39.2385        74.7583
   1680000        39.2417        76.1895
   1690000        39.2248        75.6014
   1700000        39.1985        73.7576
   1710000        39.2423        74.5582
   1720000        39.1975        76.8477
   1730000        39.1858        77.0967
   1740000        39.1683        77.0806
   1750000        39.1415        75.7695
   1760000        39.1134        76.0765
   1770000        39.1412        75.7119
   1780000        39.1681        76.1895
   1790000        39.1343        75.8907
   1800000        39.1081        75.2794
   1810000        39.1234        76.6660
   1820000        39.0799        68.1836
   1830000        39.1810        75.5903
   1840000        39.1898        76.2421
   1850000        39.1565        75.0285
   1860000        39.1899        74.2859
   1870000        39.1199        72.9433
   1880000        39.1462        74.3016
   1890000        39.1882        74.1017
   1900000        39.1608        74.2102
   1910000        39.1411        75.3979
   1920000        39.1126        77.4649
   1930000        39.0837        76.0394
   1940000        39.1081        73.9647
   1950000        39.0836        76.5483
   1960000        39.1259        76.9281
   1970000        39.0887        76.1376
   1980000        39.0786        75.6682
   1990000        39.1677        76.1018
   2000000        39.1314        77.0267
   2010000        39.1350        75.8058
   2020000        39.1920        74.7449
   2030000        39.1703        76.3427
   2040000        39.1519        75.3915
   2050000        39.1599        76.7730
   2060000        39.1246        75.3560
   2070000        39.1665        76.6708
   2080000        39.1131        75.5831
   2090000        39.0930        75.4705
   2100000        39.1390        75.1249
   2110000        39.1477        75.5796
   2120000        39.1197        75.8814
   2130000        39.0444        77.4253
   2140000        39.0719        77.2089
   2150000        39.0884        76.8951
   2160000        39.1247        76.7283
   2170000        39.1425        74.5302
   2180000        39.1472        76.5871
   2190000        39.1781        75.1445
   2200000        39.1750        73.8749
   2210000        39.2047        75.1319
   2220000        39.1852        74.8065
   2230000        39.1195        75.7718
   2240000        39.2244        76.4230
   2250000        39.1701        75.3202
   2260000        39.1847        74.8775
   2270000        39.1639        74.9542
   2280000        39.1939        76.6093
   2290000        39.1675        75.3397
   2300000        39.1744        75.3646
   2310000        39.1960        74.2905
   2320000        39.1781        73.6803
   2330000        39.1809        74.3389
   2340000        39.1769        72.8076
   2350000        39.1899        74.0140
   2360000        39.1922        74.2825
   2370000        39.2065        75.3903
   2380000        39.1891        74.4840
   2390000        39.1909        77.0209
   2400000        39.1920        75.7058
   2410000        39.2561        75.9725
   2420000        39.2310        74.1297
   2430000        39.2535        75.4223
   2440000        39.2326        75.0165
   2450000        39.2010        76.1455
   2460000        39.2163        75.2150
   2470000        39.1694        73.3430
   2480000        39.1611        76.2488
   2490000        39.2132        74.0517
   2500000        39.1075        73.9672
   2510000        39.1673        73.6474
   2520000        39.1647        72.4558
   2530000        39.1726        75.2120
   2540000        39.2129        74.0886
   2550000        39.2172        73.7592
   2560000        39.2289        74.6451
   2570000        39.2063        76.2105
   2580000        39.2577        75.8809
   2590000        39.2283        75.9669
   2600000        39.2183        75.6607
   2610000        39.2044        75.5972
   2620000        39.2017        76.2537
   2630000        39.1740        75.2668
   2640000        39.1865        76.6899
   2650000        39.1940        73.6907
   2660000        39.1317        74.6558
   2670000        39.0879        73.1379
   2680000        39.1879        73.1976
   2690000        39.1953        73.1981
   2700000        39.2140        74.4439
   2710000        39.2028        74.4481
   2720000        39.2745        74.9840
   2730000        39.2239        74.1186
   2740000        39.1714        75.1374
   2750000        39.2879        73.5931
   2760000        39.2945        75.5941
   2770000        39.2908        75.6960
   2780000        39.2334        75.5885
   2790000        39.1424        72.9824
   2800000        39.2052        75.5920
   2810000        39.2161        75.7115
   2820000        39.1841        75.3625
   2830000        39.1869        75.2435
   2840000        39.1925        76.2473
   2850000        39.2319        76.5778
   2860000        39.2396        75.2733
   2870000        39.2134        71.1601
   2880000        39.2028        74.8680
   2890000        39.2371        75.5282
   2900000        39.2791        73.7471
   2910000        39.2447        75.0162
   2920000        39.2692        75.2281
   2930000        39.2849        75.4098
   2940000        39.2413        76.8219
   2950000        39.2397        76.8426
   2960000        39.1890        75.8936
   2970000        39.2907        76.4774
   2980000        39.2362        76.4278
   2990000        39.2038        74.6577
   3000000        39.2072        75.5392
   3010000        39.1829        75.3380
   3020000        39.2213        75.6983
   3030000        39.2358        75.0115
   3040000        39.2548        74.3677
   3050000        39.2248        75.1167
   3060000        39.3006        73.6833
   3070000        39.2728        74.3136
   3080000        39.2410        71.8061
   3090000        39.2257        73.3160
   3100000        39.2741        74.6549
   3110000        39.3166        76.4270
   3120000        39.2525        75.2366
   3130000        39.2792        74.9880
   3140000        39.2618        74.0286
   3150000        39.2421        75.1353
   3160000        39.2335        76.4733
   3170000        39.2601        74.5404
   3180000        39.3175        74.8907
   3190000        39.2831        74.9279
   3200000        39.3020        75.0467
   3210000        39.3205        74.9493
   3220000        39.3269        74.7366
   3230000        39.2049        68.9501
   3240000        39.1808        73.7917
   3250000        39.1833        73.3742
   3260000        39.1561        75.2913
   3270000        39.2754        71.8105
   3280000        39.2040        69.3662
   3290000        39.2130        73.7994
   3300000        39.2656        74.9953
   3310000        39.3372        73.7702
   3320000        39.3046        74.6389
   3330000        39.3401        75.3618
   3340000        39.2771        76.5526
   3350000        39.2598        74.3681
   3360000        39.2986        75.4432
   3370000        39.3433        75.2003
   3380000        39.3568        75.4129
   3390000        39.3321        74.7224
   3400000        39.3098        75.2223
   3410000        39.3531        75.6335
   3420000        39.3262        74.3464
   3430000        39.3264        74.9373
   3440000        39.3228        75.7694
   3450000        39.2676        74.8108
   3460000        39.2552        75.2068
   3470000        39.2101        74.4132
   3480000        39.2601        75.2826
   3490000        39.2299        74.7537
   3500000        39.2159        74.8952
   3510000        39.2877        75.3281
   3520000        39.2930        74.1170
   3530000        39.3583        74.2143
   3540000        39.3184        73.5470
   3550000        39.3219        75.7239
   3560000        39.3418        74.8863
   3570000        39.3407        75.1335
   3580000        39.3914        75.5283
   3590000        39.4254        75.4419
   3600000        39.3229        76.1337
   3610000        39.3198        74.4073
   3620000        39.3704        71.9380
   3630000        39.3456        73.9342
   3640000        39.3915        74.3424
   3650000        39.3837        73.8705
   3660000        39.3200        73.2515
   3670000        39.3322        75.5444
   3680000        39.3558        75.6232
   3690000        39.3290        73.7358
   3700000        39.2767        76.3100
   3710000        39.2915        75.3680
   3720000        39.2686        75.0705
   3730000        39.3238        75.7357
   3740000        39.3150        74.6374
   3750000        39.3575        75.4563
   3760000        39.3413        74.5380
   3770000        39.3568        76.0339
   3780000        39.3267        69.1725
   3790000        39.3215        75.1717
   3800000        39.2912        74.3548
   3810000        39.3269        74.6547
   3820000        39.3502        75.1113
   3830000        39.3780        75.4579
   3840000        39.4052        77.0670
   3850000        39.3899        74.2052
   3860000        39.3340        69.9516
   3870000        39.4047        74.4072
   3880000        39.3309        76.8780
   3890000        39.3119        76.0781
   3900000        39.3265        76.5575
   3910000        39.3965        75.9944
   3920000        39.4447        77.3676
   3930000        39.3807        77.0842
   3940000        39.2467        66.2547
   3950000        39.3065        73.4511
   3960000        39.3460        67.4344
   3970000        39.3166        74.0675
   3980000        39.3226        77.1389
   3990000        39.3583        76.6876
   4000000        39.3399        76.4224
   4010000        39.2966        72.8874
   4020000        39.3197        70.3989
   4030000        39.2735        76.5349
   4040000        39.2818        77.4018
   4050000        39.3255        71.7766
   4060000        39.2978        71.3808
   4070000        39.3417        69.2537
   4080000        39.2932        69.5860
   4090000        39.2862        76.4040
   4100000        39.2660        75.0396
   4110000        39.3202        71.3467
   4120000        39.2558        69.7383
   4130000        39.3777        74.5832
   4140000        39.3428        75.2866
   4150000        39.3204        70.1895
   4160000        39.3453        72.6140
   4170000        39.3201        70.4730
   4180000        39.3216        74.8055
   4190000        39.3547        70.7838
   4200000        39.3137        72.4510
   4210000        39.3680        74.7519
   4220000        39.2689        66.1506
   4230000        39.3357        74.8219
   4240000        39.3365        72.7092
   4250000        39.2913        67.5687
   4260000        39.3272        75.6093
   4270000        39.3171        69.5738
   4280000        39.3468        76.9419
   4290000        39.3549        75.8732
   4300000        39.3069        75.0716
   4310000        39.3049        77.1439
   4320000        39.3265        76.3484
   4330000        39.3095        74.8365
   4340000        39.3548        76.7978
   4350000        39.2936        75.7138
   4360000        39.3289        76.2475
   4370000        39.3150        74.9047
   4380000        39.2820        70.8090
   4390000        39.3806        75.5954
   4400000        39.2877        73.1069
   4410000        39.2281        72.1757
   4420000        39.2739        76.4731
   4430000        39.2912        75.3592
   4440000        39.2793        74.8532
   4450000        39.2348        75.2364
   4460000        39.2567        73.8297
   4470000        39.2845        77.0154
   4480000        39.2440        73.2699
   4490000        39.2736        76.8513
   4500000        39.2741        75.5940
   4510000        39.1732        68.1929
   4520000        39.2530        74.2964
   4530000        39.2645        70.4119
   4540000        39.2477        76.2031
   4550000        39.3234        82.9136
   4560000        39.2609        76.9998
   4570000        39.2507        77.0749
   4580000        39.2392        75.1230
   4590000        39.1138        68.2234
   4600000        39.2832        73.1623
   4610000        39.2147        70.5179
   4620000        39.3607        76.0374
   4630000        39.3694        76.2626
   4640000        39.3334        77.5354
   4650000        39.3375        77.9794
   4660000        39.2697        73.6987
   4670000        39.2393        74.2117
   4680000        39.2680        76.4994
   4690000        39.2589        74.4103
   4700000        39.2816        74.0767
   4710000        39.2293        74.6438
   4720000        39.2929        74.6469
   4730000        39.2716        75.2489
   4740000        39.2926        74.2565
   4750000        39.2358        75.0264
   4760000        39.2825        73.7550
   4770000        39.3053        73.4171
   4780000        39.2589        72.1962
   4790000        39.2797        75.8135
   4800000        39.2951        74.2244
   4810000        39.2777        74.3465
   4820000        39.2325        76.0274
   4830000        39.2031        73.8281
   4840000        39.2267        72.8615
   4850000        39.2319        74.1789
   4860000        39.2753        74.7345
   4870000        39.1939        73.8005
   4880000        39.2145        71.8770
   4890000        39.2123        72.5797
   4900000        39.2545        71.9931
   4910000        39.2305        74.9676
   4920000        39.2570        73.9439
   4930000        39.2905        71.9689
   4940000        39.2780        74.2178
   4950000        39.2843        73.3959
   4960000        39.2368        73.6715
   4970000        39.3292        68.3372
   4980000        39.1531        63.7506
   4990000        39.2626        71.6122
   5000000        39.1900        69.8483
   5010000        39.1828        72.6699
   5020000        39.1274        74.6326
   5030000        39.1862        72.4455
   5040000        39.1649        73.3842
   5050000        39.1561        74.2069
   5060000        39.1933        74.1098
   5070000        39.2133        73.6792
   5080000        39.2032        73.6739
   5090000        39.1648        73.3283
   5100000        39.1819        72.7118
   5110000        39.1667        73.2435
   5120000        39.1954        76.1724
   5130000        39.2268        74.9705
   5140000        39.2603        74.4510
   5150000        39.2460        73.9190
   5160000        39.2758        74.1088
   5170000        39.2590        73.8908
   5180000        39.2090        74.0300
   5190000        39.2255        74.7250
   5200000        39.1558        73.7305
   5210000        39.1954        72.6378
   5220000        39.1546        73.7791
   5230000        39.2168        73.2553
   5240000        39.2292        71.6932
   5250000        39.2108        72.9399
   5260000        39.2295        73.8409
   5270000        39.2082        74.3935
   5280000        39.2216        76.0316
   5290000        39.1965        75.6535
   5300000        39.1793        72.9454
   5310000        39.2511        75.9090
   5320000        39.1096        74.5862
   5330000        39.2459        75.8137
   5340000        39.1872        75.2262
   5350000        39.2130        74.9241
   5360000        39.1229        72.7698
   5370000        39.1369        77.0112
   5380000        39.1544        75.3076
   5390000        39.2140        76.7351
   5400000        39.1501        75.9016
   5410000        39.1924        74.8165
   5420000        39.1837        77.6936
   5430000        39.1471        73.6852
   5440000        39.1711        75.1205
   5450000        39.1376        75.7158
   5460000        39.1976        77.2969
   5470000        39.1782        76.2772
   5480000        39.2182        73.8784
   5490000        39.2341        75.5513
   5500000        39.2059        76.9821
   5510000        39.2053        77.0851
   5520000        39.2451        74.7080
   5530000        39.1938        75.8141
   5540000        39.1581        73.5771
   5550000        39.1997        74.9194
   5560000        39.2478        76.0463
   5570000        39.2460        74.0947
   5580000        39.2475        74.6842
   5590000        39.2181        75.0040
   5600000        39.2729        74.2241
   5610000        39.2704        76.4512
   5620000        39.2462        75.5450
   5630000        39.1763        76.6915
   5640000        39.2096        78.7602
   5650000        39.2785        79.0417
   5660000        39.2861        79.7454
   5670000        39.2923        79.1865
   5680000        39.2352        79.2816
   5690000        39.2440        78.0479
   5700000        39.2479        77.7773
   5710000        39.2702        78.9289
   5720000        39.2981        79.3846
   5730000        39.3390        80.9545
   5740000        39.2501        77.6147
   5750000        39.2148        77.5738
   5760000        39.2141        76.6693
   5770000        39.2625        77.6637
   5780000        39.2586        74.5951
   5790000        39.1808        73.7335
   5800000        39.2122        74.9140
   5810000        39.2510        75.3306
   5820000        39.2166        76.0561
   5830000        39.2668        76.7158
   5840000        39.2430        77.9333
   5850000        39.2155        78.5404
   5860000        39.2378        76.0526
   5870000        39.1981        75.2449
   5880000        39.1361        75.1107
   5890000        39.1513        75.7901
   5900000        39.1609        77.2529
   5910000        39.1901        77.6919
   5920000        39.1913        76.9657
   5930000        39.1740        76.6616
   5940000        39.2605        78.4009
   5950000        39.2343        79.1620
   5960000        39.1805        76.2910
   5970000        39.2442        76.5950
   5980000        39.2411        75.7897
   5990000        39.2175        77.6644
   6000000        39.2862        78.0550
   6010000        39.2303        76.0278
   6020000        39.2143        77.7053
   6030000        39.1273        73.9505
   6040000        39.2016        78.9361
   6050000        39.2205        77.5020
   6060000        39.2200        77.8268
   6070000        39.1065        77.4369
   6080000        39.0583        77.7267
   6090000        39.2038        76.3234
   6100000        39.2141        76.3196
   6110000        39.0510        75.7226
   6120000        39.1126        73.2423
   6130000        39.1353        74.2882
   6140000        39.1157        74.2740
   6150000        39.0803        74.9777
   6160000        39.0437        75.0756
   6170000        39.0808        73.9293
   6180000        39.1018        74.4585
   6190000        39.0523        73.1018
   6200000        39.0214        75.9180
   6210000        38.8873        70.3311
   6220000        39.0405        76.4375
   6230000        38.9378        74.6017
   6240000        38.9644        76.4498
   6250000        38.9673        73.9648
   6260000        38.9968        74.9275
   6270000        39.0297        77.8181
   6280000        39.1162        80.0067
   6290000        39.2204        79.5852
   6300000        39.1611        79.3052
   6310000        39.1891        81.0677
   6320000        39.2007        79.4995
   6330000        39.1454        79.9478
   6340000        39.2409        80.6811
   6350000        39.2662        80.7600
   6360000        39.3205        80.8521
   6370000        39.2502        79.0565
   6380000        39.2851        78.1783
   6390000        39.3032        79.9998
   6400000        39.2789        80.5120
   6410000        39.2614        79.3635
   6420000        39.2890        80.5541
   6430000        39.1802        79.6709
   6440000        39.2561        80.3383
   6450000        39.2842        78.6039
   6460000        39.2856        79.2458
   6470000        39.2590        79.1242
   6480000        39.2883        80.6457
   6490000        39.2400        79.3094
   6500000        39.2568        78.6112
   6510000        39.3037        78.2827
   6520000        39.2352        77.6323
   6530000        39.1658        80.3265
   6540000        39.2427        79.0436
   6550000        39.1562        75.5282
   6560000        39.1254        73.3086
   6570000        39.1649        76.9672
   6580000        39.1746        77.8812
   6590000        39.1255        76.5786
   6600000        39.0560        77.0304
   6610000        39.0740        77.9476
   6620000        39.1170        78.8031
   6630000        39.0289        78.2221
   6640000        39.0863        76.4834
   6650000        39.0576        78.4079
   6660000        39.0962        77.5252
   6670000        39.1396        78.1451
   6680000        39.0831        76.2097
   6690000        39.0570        77.0383
   6700000        39.0841        78.9570
   6710000        39.1468        79.2759
   6720000        39.1837        77.4822
   6730000        39.1491        79.1624
   6740000        39.0637        79.2881
   6750000        39.1445        76.7936
   6760000        39.1529        77.8135
   6770000        39.1288        75.2503
   6780000        39.1420        78.0647
   6790000        39.1478        76.4811
   6800000        39.0832        76.3233
   6810000        39.0972        76.9342
   6820000        39.0970        77.0308
   6830000        39.0915        78.3360
   6840000        39.1665        80.8797
   6850000        39.1710        81.0513
   6860000        39.1589        81.5726
   6870000        39.1789        80.7003
   6880000        39.2166        80.6997
   6890000        39.1698        79.7485
   6900000        39.2128        80.9155
   6910000        39.1831        80.4398
   6920000        39.1549        75.1999
   6930000        39.2213        78.0925
   6940000        39.1471        78.9323
   6950000        39.2036        79.6638
   6960000        39.1928        81.4966
   6970000        39.1580        80.6435
   6980000        39.0933        79.3335
   6990000        39.1129        79.2191
   7000000        39.1488        77.5052
   7010000        39.1800        77.7178
   7020000        39.1747        77.1723
   7030000        39.2572        78.1773
   7040000        39.3372        78.7985
   7050000        39.3191        80.2233
   7060000        39.2920        80.6837
   7070000        39.3121        78.2709
   7080000        39.3274        80.9120
   7090000        39.3005        77.3149
   7100000        39.3281        78.8960
   7110000        39.3181        80.5256
   7120000        39.2733        80.8074
   7130000        39.2707        81.0709
   7140000        39.2467        80.6100
   7150000        39.2930        82.4076
   7160000        39.2764        78.7478
   7170000        39.3410        80.0594
   7180000        39.3202        80.0949
   7190000        39.3024        76.2572
   7200000        39.3189        77.4016
   7210000        39.2788        76.4789
   7220000        39.1902        69.5177
   7230000        39.2169        67.9891
   7240000        39.3001        76.5080
   7250000        39.2403        74.4848
   7260000        39.2226        72.4085
   7270000        39.2359        71.3273
   7280000        39.2910        73.8351
   7290000        39.2687        78.9606
   7300000        39.2485        77.3482
   7310000        39.3133        80.9860
   7320000        39.2524        77.9057
   7330000        39.1763        76.9348
   7340000        39.1907        75.1889
   7350000        39.1566        72.0419
   7360000        39.3362        83.8139
   7370000        39.2605        77.8144
   7380000        39.2222        80.2483
   7390000        39.2383        80.7254
   7400000        39.2159        79.3862
   7410000        39.2609        77.9541
   7420000        39.2835        79.2900
   7430000        39.2212        79.3392
   7440000        39.2128        80.7701
   7450000        39.2190        80.5970
   7460000        39.2336        81.8409
   7470000        39.2542        79.8044
   7480000        39.2350        79.8266
   7490000        39.2942        80.3928
   7500000        39.3003        80.2127
   7510000        39.2472        80.2562
   7520000        39.1855        80.4034
   7530000        39.2295        79.6655
   7540000        39.1656        77.7872
   7550000        39.1883        80.3864
   7560000        39.1177        77.9881
   7570000        39.1392        76.0460
   7580000        39.1425        76.5479
   7590000        39.1242        80.8111
   7600000        39.1105        77.5196
   7610000        39.1391        78.2172
   7620000        39.1042        77.9585
   7630000        39.1159        76.5251
   7640000        39.0853        75.7452
   7650000        39.0900        78.3036
   7660000        39.1482        79.0543
   7670000        39.1826        80.7768
   7680000        39.1841        81.5159
   7690000        39.2280        81.4069
   7700000        39.2067        80.2497
   7710000        39.2053        80.9481
   7720000        39.1898        79.6828
   7730000        39.1310        80.1641
   7740000        39.1462        78.8794
   7750000        39.1010        80.7686
   7760000        39.0844        78.7422
   7770000        39.0632        77.7164
   7780000        39.0913        80.0970
   7790000        39.1938        80.8405
   7800000        39.2636        78.7517
   7810000        39.1370        77.3489
   7820000        39.0952        78.2058
   7830000        39.0732        77.7686
   7840000        39.1795        78.4319
   7850000        39.1478        78.2344
   7860000        39.1296        73.1488
   7870000        39.1528        79.2548
   7880000        39.1957        78.9478
   7890000        39.1605        79.9605
   7900000        39.2187        80.4642
   7910000        39.1114        79.5997
   7920000        39.2086        81.4460
   7930000        39.1797        77.6877
   7940000        39.2102        75.3127
   7950000        39.1717        74.4795
   7960000        39.2354        81.4617
   7970000        39.2242        81.1956
   7980000        39.2095        79.2939
   7990000        39.1561        80.3893
   8000000        39.1440        80.6197
   8010000        39.1452        79.1715
   8020000        39.0724        80.6168
   8030000        39.1118        80.7846
   8040000        39.1064        80.2781
   8050000        39.1530        77.2937
   8060000        39.1409        79.0424
   8070000        39.1466        79.4410
   8080000        39.1636        77.7655
   8090000        39.2284        79.0458
   8100000        39.1260        78.7271
   8110000        39.2413        79.1490
   8120000        39.2271        80.0931
   8130000        39.1999        80.0158
   8140000        39.1973        80.2380
   8150000        39.1837        79.4597
   8160000        39.1289        77.8969
   8170000        39.1464        79.1163
   8180000        39.2121        80.2650
   8190000        39.1363        78.8309
   8200000        39.1844        79.0250
   8210000        39.3170        78.6375
   8220000        39.2420        76.9022
   8230000        39.1837        74.8084
   8240000        39.1459        72.2407
   8250000        39.0707        73.6152
   8260000        39.1119        72.6989
   8270000        39.1519        74.4659
   8280000        39.0997        72.1645
   8290000        39.1026        73.2360
   8300000        39.0989        74.0646
   8310000        39.1126        73.7947
   8320000        39.1220        73.2404
   8330000        39.0299        72.9998
   8340000        39.0321        74.9124
   8350000        39.0128        75.2889
   8360000        39.0783        74.1789
   8370000        39.1537        76.6578
   8380000        39.1444        75.3341
   8390000        39.1714        75.7373
   8400000        39.1583        70.8903
   8410000        39.1685        74.4112
   8420000        39.1055        76.2694
   8430000        39.0910        76.1552
   8440000        39.0917        74.8813
   8450000        39.0586        74.6102
   8460000        39.0160        75.0715
   8470000        39.0067        74.7480
   8480000        38.9504        77.8836
   8490000        39.0059        76.0922
   8500000        38.9611        74.7890
   8510000        39.0008        76.1511
   8520000        38.9734        77.9083
   8530000        38.9987        77.4340
   8540000        38.9612        76.9577
   8550000        38.9888        78.9311
   8560000        38.9505        80.0212
   8570000        38.9454        80.9904
   8580000        38.9581        78.3391
   8590000        38.8918        77.9625
   8600000        38.9017        77.7253
   8610000        38.9284        77.2072
   8620000        38.8829        75.7557
   8630000        38.8827        76.7073
   8640000        38.9385        76.8550
   8650000        38.9034        76.9055
   8660000        38.9727        77.9620
   8670000        38.9833        77.9085
   8680000        38.9774        78.4223
   8690000        38.9822        74.6311
   8700000        38.8910        75.4732
   8710000        38.8903        75.9640
   8720000        38.9277        75.2954
   8730000        38.9014        74.7237
   8740000        38.8636        75.2787
   8750000        38.9099        74.8189
   8760000        38.8703        70.7936
   8770000        38.8679        72.4037
   8780000        38.8886        74.5183
   8790000        38.8662        75.5469
   8800000        38.8939        74.9282
   8810000        38.9216        75.7590
   8820000        38.9199        74.7176
   8830000        38.9353        72.9126
   8840000        38.9574        74.4624
   8850000        39.0086        75.1395
   8860000        38.9487        72.2615
   8870000        38.8791        66.7164
   8880000        38.9746        72.4797
   8890000        38.9543        73.3769
   8900000        38.9140        72.9003
   8910000        38.9283        72.4264
   8920000        38.9311        74.6778
   8930000        38.9024        75.9309
   8940000        38.9226        74.2486
   8950000        38.9367        73.0856
   8960000        38.9626        72.6327
   8970000        38.9567        72.7539
   8980000        38.9653        73.5482
   8990000        39.0654        71.5129
   9000000        39.0534        74.3445
   9010000        39.0349        69.6398
   9020000        39.0923        75.1324
   9030000        39.0331        72.9276
   9040000        39.0569        71.0379
   9050000        39.0360        73.9540
   9060000        39.0226        72.8211
   9070000        39.0294        73.0612
   9080000        39.0408        74.0604
   9090000        39.0684        72.4457
   9100000        39.0697        74.2562
   9110000        39.0580        75.2943
   9120000        39.1067        75.2536
   9130000        39.1799        75.0710
   9140000        39.0809        74.5201
   9150000        39.0793        74.8397
   9160000        39.1513        72.4771
   9170000        39.1298        73.4773
   9180000        39.2105        75.0012
   9190000        39.1374        71.5077
   9200000        39.1624        72.6309
   9210000        39.1673        73.9415
   9220000        39.1137        75.0927
   9230000        39.1114        74.9504
   9240000        39.0914        74.0778
   9250000        39.1840        73.4577
   9260000        39.1961        73.4047
   9270000        39.1858        74.5404
   9280000        39.2126        73.1838
   9290000        39.1287        69.7354
   9300000        39.1432        71.0965
   9310000        39.0642        70.1050
   9320000        38.9200        67.7424
   9330000        38.9716        73.8667
   9340000        39.0063        74.9414
   9350000        38.9532        74.0179
   9360000        38.9647        75.7928
   9370000        39.0088        74.3643
   9380000        38.9993        73.4858
   9390000        38.9867        76.1445
   9400000        38.9998        76.1636
   9410000        38.9783        73.7655
   9420000        38.9432        74.7072
   9430000        39.0097        74.8862
   9440000        39.0485        74.4995
   9450000        39.0019        74.7652
   9460000        39.0451        75.6851
   9470000        39.0266        75.4088
   9480000        39.0824        74.8392
   9490000        39.0503        75.8520
   9500000        38.9923        75.6139
   9510000        38.9868        74.8931
   9520000        38.9633        74.3323
   9530000        38.9811        75.3226
   9540000        38.9198        72.2083
   9550000        39.0203        74.4059
   9560000        38.9991        73.0879
   9570000        39.0008        74.2549
   9580000        38.9940        73.7873
   9590000        38.9965        74.7027
   9600000        38.9560        74.7372
   9610000        38.9640        72.1541
   9620000        38.9810        74.6954
   9630000        38.9594        76.6538
   9640000        38.9538        73.5541
   9650000        38.9417        73.6008
   9660000        38.8634        74.3743
   9670000        39.0279        74.7068
   9680000        38.9562        73.1725
   9690000        38.9802        74.9614
   9700000        38.9687        74.4398
   9710000        39.0135        77.7669
   9720000        38.9186        72.8664
   9730000        38.9553        73.4446
   9740000        38.9559        75.5815
   9750000        38.9803        73.5422
   9760000        38.9588        73.8536
   9770000        38.9088        74.7079
   9780000        38.9696        73.5487
   9790000        38.8838        73.4561
   9800000        39.0051        72.4862
   9810000        38.9465        73.6209
   9820000        38.9046        73.1705
   9830000        39.0086        74.4786
   9840000        38.9485        74.1334
   9850000        38.9494        74.3874
   9860000        38.9558        74.0501
   9870000        38.9537        74.7215
   9880000        38.9550        74.2406
   9890000        39.0537        72.3046
   9900000        39.0568        73.8609
   9910000        39.1034        74.6787
   9920000        39.0878        74.7849
   9930000        39.0802        71.9040
   9940000        39.1009        74.3845
   9950000        39.0541        71.5924
   9960000        39.0730        74.2095
   9970000        39.0322        70.9154
   9980000        39.0825        74.4554
   9990000        39.0378        70.3529
  10000000        39.0507        67.8326
