# Step E_total E_lj E_tors
         1       203.0371       -26.1901       229.2272
     10000       147.7288       -27.5456       175.2744
     20000       139.3993       -28.5269       167.9262
     30000       148.6917       -43.8073       192.4990
     40000       131.6852       -51.1145       182.7997
     50000       131.8833       -51.4227       183.3060
     60000       128.5591       -50.0592       178.6184
     70000       106.9473       -64.0027       170.9500
     80000       101.8171       -67.9273       169.7444
     90000       100.6891       -64.7976       165.4867
    100000        99.3425       -69.8642       169.2068
    110000        96.7092       -69.6759       166.3851
    120000        98.6890       -71.3053       169.9943
    130000       106.4422       -68.7827       175.2250
    140000        95.1828       -71.1110       166.2938
    150000       100.4685       -68.2560       168.7245
    160000        98.3908       -68.3786       166.7694
    170000        95.9071       -70.0395       165.9466
    180000        97.9293       -66.2673       164.1967
    190000       107.6491       -67.1909       174.8400
    200000       103.9535       -63.7003       167.6538
    210000       101.3320       -66.4087       167.7407
    220000       100.4139       -69.7143       170.1281
    230000        95.9419       -70.6348       166.5767
    240000        96.6015       -69.8846       166.4861
    250000        95.4662       -72.0881       167.5544
    260000       104.2803       -67.7178       171.9981
    270000       100.7923       -68.4081       169.2004
    280000        97.2824       -70.2168       167.4992
    290000        96.0629       -69.5896       165.6525
    300000        90.6419       -70.5339       161.1758
    310000        95.0970       -70.2952       165.3922
    320000        94.8334       -71.6009       166.4342
    330000        94.6661       -71.8121       166.4782
    340000        99.1091       -72.1641       171.2732
    350000        92.7674       -71.2528       164.0202
    360000        94.4577       -69.6179       164.0755
    370000        94.1546       -69.9222       164.0768
    380000        97.2130       -68.9774       166.1904
    390000        97.0615       -67.9982       165.0597
    400000        94.5047       -68.6593       163.1641
    410000        90.4972       -70.4651       160.9623
    420000        93.0236       -67.9442       160.9678
    430000        93.1045       -69.4703       162.5748
    440000        93.7974       -67.1414       160.9388
    450000        94.2328       -67.3866       161.6194
    460000        94.1291       -67.0359       161.1649
    470000        97.1134       -65.1971       162.3105
    480000        95.5927       -66.5771       162.1698
    490000        91.5022       -70.5844       162.0866
    500000        86.0022       -73.8203       159.8225
    510000        91.5236       -72.6316       164.1552
    520000        92.1015       -70.5349       162.6364
    530000        91.2486       -71.9033       163.1519
    540000        88.2794       -73.0596       161.3390
    550000        95.8286       -71.1329       166.9615
    560000        88.1673       -75.8880       164.0553
    570000        92.5532       -73.6520       166.2052
    580000        88.5038       -74.6765       163.1804
    590000        91.2408       -76.2022       167.4430
    600000        92.0825       -75.4704       167.5530
    610000        97.1281       -72.1719       169.3000
    620000        91.3557       -72.5737       163.9294
    630000        89.9357       -76.9198       166.8555
    640000        93.2822       -76.3351       169.6173
    650000        85.7367       -78.0089       163.7456
    660000        95.8314       -74.6880       170.5194
    670000        92.9150       -77.2239       170.1390
    680000        91.6686       -71.5806       163.2492
    690000        95.1341       -74.5131       169.6472
    700000        96.8912       -73.9607       170.8519
    710000        96.4197       -73.8383       170.2581
    720000       103.4450       -73.2195       176.6645
    730000        96.6923       -74.1254       170.8177
    740000        93.3499       -75.4213       168.7712
    750000        96.5194       -73.4708       169.9902
    760000        98.8006       -73.7148       172.5154
    770000        93.1685       -76.7343       169.9028
    780000        94.6667       -74.6615       169.3282
    790000        91.3771       -77.5456       168.9227
    800000        91.4947       -78.8628       170.3576
    810000        97.2763       -72.5358       169.8121
    820000        93.6276       -73.7208       167.3484
    830000        97.9079       -71.6361       169.5440
    840000        86.2528       -80.0233       166.2762
    850000        89.4942       -77.9327       167.4269
    860000        92.9684       -74.5326       167.5009
    870000        97.1526       -73.0789       170.2315
    880000        86.8580       -79.5919       166.4500
    890000        89.7673       -76.3110       166.0783
    900000        89.3336       -77.4745       166.8081
    910000        94.6530       -72.7734       167.4264
    920000        95.1277       -73.7015       168.8293
    930000        98.4429       -73.1306       171.5734
    940000        94.6661       -76.3416       171.0077
    950000        98.5279       -70.4646       168.9925
    960000        93.9667       -76.3230       170.2896
    970000        90.6379       -76.7788       167.4167
    980000        91.6861       -77.2530       168.9391
    990000        88.1428       -79.5287       167.6715
   1000000        96.2208       -74.4687       170.6894
   1010000        92.1045       -76.3296       168.4341
   1020000        94.3744       -76.1889       170.5633
   1030000        95.5873       -73.4493       169.0366
   1040000        94.1289       -75.2261       169.3550
   1050000        93.3112       -76.3366       169.6478
   1060000        98.5605       -72.3248       170.8853
   1070000        94.4112       -75.9312       170.3424
   1080000        89.2481       -76.0389       165.2870
   1090000        94.3662       -75.9871       170.3532
   1100000        96.4476       -74.9167       171.3643
   1110000        98.1991       -74.8942       173.0933
   1120000        96.5776       -76.0866       172.6642
   1130000        93.8568       -76.5500       170.4068
   1140000       103.7117       -71.3091       175.0208
   1150000        98.2907       -74.4880       172.7787
   1160000        96.1210       -75.0292       171.1503
   1170000        94.9778       -75.4005       170.3783
   1180000        96.8876       -73.9611       170.8486
   1190000        89.2486       -78.6734       167.9220
   1200000        96.7057       -75.6268       172.3324
   1210000        92.4495       -73.9151       166.3646
   1220000        97.9170       -76.0233       173.9403
   1230000        90.4681       -78.6824       169.1505
   1240000        98.4337       -75.1552       173.5889
   1250000        95.5139       -78.4679       173.9817
   1260000        96.6992       -75.3992       172.0983
   1270000        95.5567       -76.5644       172.1212
   1280000        98.5453       -74.1470       172.6922
   1290000        93.4825       -77.1914       170.6738
   1300000       103.5505       -69.4803       173.0308
   1310000        96.6212       -74.5764       171.1976
   1320000        96.1341       -77.4857       173.6197
   1330000        97.0160       -73.1775       170.1934
   1340000       102.8129       -73.4992       176.3121
   1350000       104.6731       -70.4460       175.1191
   1360000       102.0615       -71.7366       173.7981
   1370000        94.4055       -76.3345       170.7400
   1380000        97.3241       -73.8428       171.1670
   1390000        99.9215       -69.7053       169.6268
   1400000        92.2188       -77.1807       169.3995
   1410000        93.9907       -77.5185       171.5092
   1420000        93.8818       -73.4702       167.3519
   1430000        92.8145       -74.8190       167.6335
   1440000        95.8877       -73.2765       169.1642
   1450000        98.5892       -69.8880       168.4772
   1460000        93.5581       -75.5407       169.0988
   1470000        95.2261       -73.0597       168.2858
   1480000        93.9503       -74.9280       168.8783
   1490000        94.6322       -75.1832       169.8154
   1500000        96.3841       -72.5781       168.9622
   1510000        96.9415       -72.9997       169.9413
   1520000        89.8855       -78.1137       167.9993
   1530000        94.4997       -73.9275       168.4271
   1540000        90.7877       -75.8474       166.6351
   1550000        93.2849       -73.8223       167.1072
   1560000        91.6821       -75.4026       167.0846
   1570000        90.4215       -76.6010       167.0225
   1580000        88.2150       -76.3429       164.5580
   1590000        91.4789       -74.7846       166.2635
   1600000        89.6742       -77.2982       166.9724
   1610000        90.9358       -76.6668       167.6027
   1620000        97.2079       -72.2711       169.4789
   1630000        93.8870       -73.9837       167.8707
   1640000        94.8691       -73.5751       168.4442
   1650000        93.7175       -75.2120       168.9295
   1660000        90.1042       -76.5177       166.6219
   1670000        88.5732       -77.4896       166.0629
   1680000        87.3666       -79.2028       166.5694
   1690000        91.9274       -75.6837       167.6110
   1700000        92.4671       -76.7844       169.2515
   1710000        87.3595       -77.1691       164.5286
   1720000        93.3308       -74.3461       167.6769
   1730000        86.6530       -79.8367       166.4897
   1740000        93.5212       -75.0604       168.5816
   1750000        91.1604       -76.7867       167.9471
   1760000        90.6388       -76.4073       167.0461
   1770000        86.3541       -80.3411       166.6952
   1780000        87.7832       -78.2464       166.0296
   1790000        88.4892       -75.2938       163.7830
   1800000        87.9721       -77.3900       165.3621
   1810000        90.0505       -76.1818       166.2323
   1820000        90.0642       -75.3895       165.4537
   1830000        88.2047       -77.0048       165.2094
   1840000        95.8879       -76.4360       172.3239
   1850000        95.4747       -72.3619       167.8366
   1860000        91.9066       -74.8400       166.7466
   1870000        89.8495       -77.2923       167.1419
   1880000        92.9936       -76.8858       169.8794
   1890000        87.0255       -79.1810       166.2066
   1900000        87.7615       -80.3480       168.1095
   1910000        89.7701       -78.1537       167.9238
   1920000        91.4258       -76.6947       168.1205
   1930000        91.2205       -77.1369       168.3574
   1940000        90.7732       -78.1561       168.9293
   1950000        90.6357       -77.4365       168.0721
   1960000        92.9997       -79.0283       172.0279
   1970000        96.0208       -75.3725       171.3933
   1980000        91.5287       -77.5879       169.1166
   1990000        93.9251       -73.8434       167.7686
   2000000        95.5191       -75.9694       171.4884
   2010000        92.9032       -77.1694       170.0726
   2020000        91.2338       -78.8949       170.1287
   2030000        89.6770       -79.4107       169.0877
   2040000        92.4488       -76.9489       169.3977
   2050000        89.7676       -78.4763       168.2439
   2060000        93.2153       -75.2689       168.4843
   2070000        89.3874       -76.5836       165.9710
   2080000        91.6934       -77.0699       168.7634
   2090000        90.0352       -77.1863       167.2215
   2100000        92.6795       -75.2670       167.9465
   2110000        98.5692       -74.4406       173.0099
   2120000        88.2835       -78.4245       166.7081
   2130000        87.2031       -79.9186       167.1217
   2140000        88.2690       -79.7263       167.9953
   2150000        87.7859       -79.8992       167.6851
   2160000        92.7180       -77.5821       170.3001
   2170000        93.4033       -77.7930       171.1963
   2180000        90.7941       -78.3175       169.1115
   2190000        93.3786       -76.3932       169.7718
   2200000        96.8214       -75.3584       172.1798
   2210000        97.4788       -74.2913       171.7701
   2220000        95.9579       -75.8196       171.7774
   2230000        96.4734       -76.5599       173.0333
   2240000        95.4554       -77.0461       172.5015
   2250000       100.8432       -72.1034       172.9466
   2260000       100.6466       -74.2988       174.9454
   2270000        95.5793       -77.0878       172.6671
   2280000        96.0730       -76.4999       172.5729
   2290000        97.1742       -74.0649       171.2391
   2300000        95.8023       -76.3250       172.1273
   2310000        94.8379       -75.0789       169.9168
   2320000        97.3847       -76.2898       173.6745
   2330000        90.0759       -80.2792       170.3551
   2340000        90.4921       -79.4068       169.8988
   2350000        93.7132       -77.4646       171.1778
   2360000        97.7747       -77.5119       175.2866
   2370000        90.4725       -79.3250       169.7975
   2380000        94.9914       -75.0534       170.0447
   2390000        95.7849       -77.9594       173.7443
   2400000        92.5398       -79.7955       172.3353
   2410000        94.8886       -73.1434       168.0320
   2420000        94.6347       -77.9381       172.5727
   2430000        95.5776       -77.1182       172.6958
   2440000        96.2040       -75.5931       171.7972
   2450000        96.7052       -75.0305       171.7357
   2460000        94.2893       -75.7558       170.0450
   2470000        97.7874       -73.8561       171.6435
   2480000       100.3664       -73.8192       174.1856
   2490000        94.2691       -74.4913       168.7605
   2500000        90.8075       -77.7706       168.5781
   2510000        88.8854       -79.6463       168.5318
   2520000        92.5180       -78.1114       170.6294
   2530000        89.9782       -79.1514       169.1296
   2540000        94.7571       -77.4561       172.2132
   2550000        92.4015       -76.1818       168.5832
   2560000        85.9266       -80.7819       166.7084
   2570000        90.2431       -76.8783       167.1214
   2580000        89.8671       -76.9336       166.8007
   2590000        96.3898       -76.1265       172.5163
   2600000        89.4577       -78.8096       168.2673
   2610000        95.2897       -77.4544       172.7441
   2620000        95.1745       -77.5140       172.6885
   2630000        95.0956       -75.3534       170.4490
   2640000        93.2859       -78.0061       171.2920
   2650000        91.1778       -79.8359       171.0137
   2660000        91.7757       -78.9855       170.7612
   2670000        91.2874       -80.1341       171.4215
   2680000        90.5360       -79.9077       170.4436
   2690000        90.2649       -79.6851       169.9500
   2700000        90.5645       -78.1500       168.7145
   2710000        92.0005       -76.3165       168.3170
   2720000        93.5681       -78.6428       172.2109
   2730000        92.5973       -77.6082       170.2055
   2740000        91.8754       -76.7073       168.5827
   2750000        87.9729       -78.4271       166.4001
   2760000        92.3938       -77.4051       169.7989
   2770000        92.9084       -78.7977       171.7061
   2780000        92.4860       -76.9592       169.4453
   2790000        93.5751       -77.0670       170.6421
   2800000        99.2041       -72.1807       171.3848
   2810000        94.1249       -78.8581       172.9830
   2820000        88.0521       -78.1507       166.2028
   2830000        86.4673       -80.4912       166.9585
   2840000        87.6188       -80.7725       168.3913
   2850000        91.1350       -77.2495       168.3845
   2860000        91.3650       -77.8067       169.1718
   2870000        88.4180       -77.0228       165.4409
   2880000        89.9563       -76.1418       166.0981
   2890000        92.8535       -75.3593       168.2128
   2900000        93.7507       -73.9260       167.6767
   2910000        94.3856       -74.9213       169.3069
   2920000        91.1107       -77.2615       168.3722
   2930000        97.1266       -75.2370       172.3636
   2940000        86.1036       -79.0557       165.1593
   2950000        83.2776       -81.7081       164.9857
   2960000        88.5484       -78.3241       166.8725
   2970000        84.2329       -82.3686       166.6015
   2980000        91.4423       -75.5264       166.9687
   2990000        90.4737       -79.4533       169.9271
   3000000        90.1222       -78.9654       169.0877
   3010000        93.3391       -77.1423       170.4814
   3020000        91.7405       -77.7776       169.5182
   3030000        94.9918       -72.1484       167.1403
   3040000        94.4122       -76.5373       170.9495
   3050000        94.7598       -75.6457       170.4055
   3060000        90.5631       -79.8731       170.4362
   3070000        91.7262       -75.6120       167.3381
   3080000        92.7578       -73.6633       166.4211
   3090000        95.1277       -76.1252       171.2529
   3100000        93.4635       -73.9266       167.3901
   3110000        92.1059       -76.2128       168.3187
   3120000        90.5816       -74.5673       165.1489
   3130000        87.3282       -78.4542       165.7824
   3140000        88.2884       -77.4044       165.6928
   3150000        88.4585       -79.1855       167.6440
   3160000        96.2320       -71.8965       168.1286
   3170000        93.2587       -75.9156       169.1743
   3180000        91.8865       -79.0218       170.9083
   3190000        92.3454       -77.0456       169.3909
   3200000        93.9572       -76.3102       170.2675
   3210000        90.6368       -76.7105       167.3473
   3220000        90.8993       -77.7472       168.6465
   3230000        97.3528       -73.1374       170.4902
   3240000        91.9589       -76.4423       168.4012
   3250000        89.5998       -77.5378       167.1376
   3260000        88.4571       -79.9726       168.4297
   3270000        89.4342       -79.0168       168.4510
   3280000        90.0205       -75.6597       165.6802
   3290000        85.1886       -81.5293       166.7180
   3300000        90.2652       -76.2602       166.5254
   3310000        87.0577       -79.1502       166.2079
   3320000        93.4952       -76.7011       170.1962
   3330000        85.6532       -81.7771       167.4303
   3340000        92.0080       -75.4342       167.4422
   3350000        89.9075       -79.4208       169.3284
   3360000        87.9497       -79.1814       167.1311
   3370000        88.1222       -78.4560       166.5782
   3380000        89.0215       -78.0609       167.0824
   3390000        91.4517       -77.1499       168.6016
   3400000        94.4513       -79.9090       174.3603
   3410000        85.5555       -82.7480       168.3035
   3420000        94.0894       -76.9553       171.0448
   3430000        89.1456       -80.8184       169.9640
   3440000        85.4244       -83.7297       169.1541
   3450000        89.9163       -78.5273       168.4437
   3460000        90.7291       -80.0063       170.7355
   3470000        95.7130       -74.2499       169.9629
   3480000        93.3760       -77.8040       171.1800
   3490000        93.0269       -75.6794       168.7063
   3500000        91.8241       -77.2538       169.0779
   3510000        91.3974       -77.1797       168.5770
   3520000        87.3606       -81.5424       168.9030
   3530000        90.4184       -75.9233       166.3417
   3540000        97.7310       -73.9275       171.6585
   3550000        91.0073       -75.9443       166.9517
   3560000        89.9183       -78.9819       168.9002
   3570000        90.4622       -79.9888       170.4510
   3580000        85.3274       -80.6867       166.0142
   3590000        93.7457       -78.6960       172.4417
   3600000        91.5581       -77.5949       169.1530
   3610000        92.1909       -78.0460       170.2368
   3620000        93.9693       -76.7539       170.7232
   3630000        93.7582       -77.6108       171.3690
   3640000        91.3036       -77.7964       169.0999
   3650000        97.4478       -71.8380       169.2858
   3660000        93.8433       -74.7931       168.6364
   3670000       101.7777       -73.7634       175.5411
   3680000        93.7175       -75.9269       169.6444
   3690000        92.8938       -78.5747       171.4685
   3700000        92.3764       -77.5818       169.9582
   3710000        96.0537       -74.4764       170.5302
   3720000        96.6298       -74.9256       171.5554
   3730000        96.7322       -75.7040       172.4362
   3740000        93.7343       -75.8769       169.6111
   3750000        99.7152       -73.2477       172.9630
   3760000        91.6871       -76.9229       168.6100
   3770000        98.1755       -70.8453       169.0208
   3780000        93.0200       -75.9501       168.9701
   3790000        92.9425       -74.8969       167.8394
   3800000        96.8678       -74.9373       171.8051
