# Step E_total E_lj E_tors
         1       203.9194       -26.1924       230.1118
     10000       146.2324       -28.0635       174.2959
     20000       137.8243       -28.2744       166.0987
     30000       126.1283       -50.7542       176.8824
     40000       124.6382       -49.4830       174.1212
     50000       118.9798       -51.7980       170.7778
     60000       134.0173       -52.0987       186.1161
     70000       110.8870       -63.8699       174.7569
     80000       101.1388       -67.3792       168.5180
     90000        98.9130       -66.2642       165.1773
    100000       107.6554       -63.2449       170.9003
    110000        99.1579       -66.5834       165.7412
    120000       102.2445       -66.9744       169.2189
    130000       102.7623       -65.1739       167.9362
    140000       106.4961       -65.0815       171.5776
    150000        98.5031       -67.3796       165.8827
    160000       100.0757       -64.7765       164.8522
    170000        93.9546       -69.3381       163.2927
    180000       101.6373       -65.4988       167.1362
    190000       100.3916       -66.5379       166.9295
    200000       103.2513       -68.5363       171.7875
    210000       100.7863       -70.3324       171.1187
    220000        99.7696       -69.6374       169.4071
    230000        95.1174       -72.9954       168.1128
    240000        94.7867       -69.1094       163.8961
    250000       100.7886       -67.6236       168.4121
    260000       101.9063       -66.3549       168.2612
    270000        98.8199       -66.8324       165.6523
    280000        94.9245       -69.4103       164.3348
    290000        89.6941       -71.1146       160.8087
    300000        97.3344       -69.5026       166.8370
    310000        89.1431       -70.9425       160.0857
    320000        97.2575       -71.2046       168.4621
    330000        93.7122       -71.4342       165.1465
    340000        95.3788       -70.7236       166.1024
    350000        94.6696       -68.8286       163.4983
    360000        98.2340       -68.1031       166.3371
    370000        96.2698       -69.8907       166.1605
    380000        95.5425       -67.5925       163.1350
    390000        96.1314       -68.3889       164.5203
    400000        88.9288       -71.3101       160.2389
    410000        88.2654       -72.3259       160.5913
    420000        93.4803       -69.2644       162.7447
    430000        93.8444       -69.6869       163.5313
    440000        95.9771       -66.7180       162.6951
    450000        95.2197       -67.9430       163.1626
    460000        96.4337       -65.5779       162.0116
    470000        92.3114       -66.9313       159.2427
    480000        92.9541       -68.4097       161.3638
    490000        92.5959       -70.1000       162.6959
    500000        91.0041       -70.3372       161.3413
    510000       100.1349       -69.5068       169.6416
    520000        90.8955       -71.5376       162.4331
    530000        92.0062       -72.2553       164.2615
    540000        96.1554       -71.9889       168.1443
    550000        90.4889       -73.2892       163.7781
    560000        88.6069       -73.9344       162.5413
    570000        93.8948       -71.3466       165.2415
    580000       100.8436       -65.5872       166.4308
    590000        94.5076       -70.4567       164.9643
    600000        93.0527       -72.7724       165.8251
    610000        90.5011       -74.3967       164.8978
    620000        87.9695       -77.9068       165.8763
    630000        91.8591       -76.8664       168.7255
    640000        91.3196       -75.6739       166.9934
    650000        90.2475       -74.7847       165.0323
    660000        90.9428       -77.2587       168.2015
    670000        96.3109       -75.5640       171.8748
    680000        95.4980       -70.9574       166.4554
    690000        95.8363       -70.5995       166.4358
    700000        93.8183       -73.6930       167.5113
    710000        97.0762       -73.1299       170.2061
    720000        98.3574       -73.2544       171.6118
    730000        94.0901       -74.1862       168.2764
    740000        94.9485       -73.6930       168.6415
    750000        97.9943       -72.4150       170.4093
    760000        96.7358       -74.2159       170.9517
    770000        95.9592       -75.3459       171.3052
    780000        91.1827       -79.1671       170.3498
    790000        93.0914       -75.2749       168.3663
    800000        92.7969       -76.0157       168.8127
    810000       100.5981       -73.5595       174.1576
    820000        97.7267       -75.3185       173.0453
    830000        91.2024       -76.9251       168.1275
    840000        94.0583       -76.1631       170.2214
    850000        91.0941       -77.8581       168.9521
    860000        88.7328       -77.2751       166.0079
    870000        94.3350       -74.3826       168.7176
    880000        90.6094       -77.3821       167.9915
    890000        97.2985       -72.8786       170.1770
    900000        90.6855       -76.0746       166.7601
    910000        92.1102       -75.7089       167.8192
    920000        93.4645       -74.2247       167.6892
    930000        95.9492       -72.9885       168.9378
    940000        95.9418       -74.8254       170.7671
    950000        99.0267       -73.0630       172.0898
    960000        99.1160       -72.6578       171.7739
    970000        92.2032       -75.7820       167.9852
    980000        89.6351       -77.5889       167.2240
    990000        91.8972       -76.7077       168.6049
   1000000        96.9020       -76.3362       173.2382
   1010000        91.6699       -77.6860       169.3560
   1020000        92.5195       -78.2666       170.7861
   1030000        93.7300       -77.5953       171.3253
   1040000        94.3343       -71.1608       165.4950
   1050000        96.1629       -72.0061       168.1689
   1060000        99.4373       -72.7083       172.1456
   1070000        94.9197       -75.4486       170.3683
   1080000        91.8915       -74.9231       166.8145
   1090000        95.7444       -75.2915       171.0360
   1100000        97.8552       -75.4404       173.2957
   1110000        96.9436       -74.7469       171.6906
   1120000        91.4690       -76.9428       168.4118
   1130000        96.7188       -73.1992       169.9180
   1140000        93.2514       -74.5042       167.7556
   1150000        94.6282       -76.1330       170.7612
   1160000        91.6117       -75.8277       167.4394
   1170000        89.8385       -77.5590       167.3974
   1180000        88.8898       -78.1936       167.0834
   1190000        92.7822       -75.6367       168.4189
   1200000        95.0198       -74.2345       169.2543
   1210000        92.9169       -77.3676       170.2845
   1220000        94.5349       -75.9470       170.4818
   1230000       100.3009       -73.2929       173.5938
   1240000        93.4367       -77.2697       170.7064
   1250000        98.5212       -75.3881       173.9093
   1260000       103.0513       -72.5466       175.5979
   1270000        98.3661       -73.6810       172.0470
   1280000       100.1144       -73.1548       173.2691
   1290000       102.2510       -73.7754       176.0264
   1300000       104.4481       -71.8771       176.3252
   1310000        97.2895       -75.3840       172.6735
   1320000        94.8758       -77.5915       172.4673
   1330000        95.5318       -77.2275       172.7593
   1340000        96.8794       -72.6716       169.5510
   1350000        95.6449       -77.0797       172.7246
   1360000        95.6945       -76.6514       172.3459
   1370000        97.6948       -75.0289       172.7237
   1380000        95.5011       -75.7189       171.2200
   1390000        95.5983       -74.7000       170.2982
   1400000        99.3905       -73.7899       173.1804
   1410000        97.6734       -71.9240       169.5974
   1420000        94.1892       -75.4500       169.6393
   1430000        94.6874       -75.2226       169.9100
   1440000        94.7113       -74.6579       169.3692
   1450000        94.9729       -72.8559       167.8288
   1460000        91.3836       -77.3610       168.7446
   1470000        91.4561       -76.8003       168.2564
   1480000        93.4114       -72.9521       166.3635
   1490000        90.4862       -76.9951       167.4813
   1500000        95.8426       -73.4369       169.2795
   1510000        93.6985       -74.4997       168.1983
   1520000        92.5829       -76.2303       168.8132
   1530000        92.8089       -75.3913       168.2002
   1540000        93.7212       -74.8528       168.5741
   1550000        91.1634       -77.5280       168.6914
   1560000        93.8585       -74.7225       168.5810
   1570000        88.9927       -76.3181       165.3108
   1580000        87.0702       -78.6835       165.7537
   1590000        93.5924       -75.4002       168.9925
   1600000        90.9562       -74.6579       165.6142
   1610000        95.6063       -74.1633       169.7696
   1620000        95.0208       -73.7357       168.7565
   1630000        94.3356       -78.8545       173.1901
   1640000        90.9628       -76.0779       167.0407
   1650000        95.1837       -73.5902       168.7739
   1660000        93.7658       -73.7464       167.5122
   1670000        93.6237       -75.7063       169.3300
   1680000        86.7460       -80.5096       167.2556
   1690000        87.3969       -78.2368       165.6337
   1700000        83.9464       -81.0285       164.9749
   1710000        94.2174       -75.0696       169.2870
   1720000        92.3410       -77.5239       169.8649
   1730000        90.1424       -77.8423       167.9848
   1740000        84.2341       -81.7250       165.9592
   1750000        91.8268       -78.2083       170.0350
   1760000        84.5841       -80.1293       164.7134
   1770000        88.6176       -77.4266       166.0442
   1780000        87.3791       -79.8717       167.2508
   1790000        87.9088       -78.9523       166.8611
   1800000        91.6046       -76.1108       167.7154
   1810000        92.6540       -74.4651       167.1191
   1820000        95.6520       -73.6547       169.3067
   1830000        92.3852       -76.7714       169.1566
   1840000        93.0445       -75.0778       168.1223
   1850000        90.6614       -75.2152       165.8766
   1860000        92.1531       -77.1871       169.3403
   1870000        90.7632       -77.7792       168.5424
   1880000        94.3038       -76.9207       171.2246
   1890000        89.1772       -79.4806       168.6577
   1900000        92.7632       -77.7568       170.5200
   1910000        90.9678       -78.4098       169.3776
   1920000        93.8034       -77.3301       171.1335
   1930000        93.2526       -75.1425       168.3951
   1940000        92.8866       -75.7227       168.6093
   1950000        96.3073       -75.4078       171.7151
   1960000        94.4984       -75.6624       170.1609
   1970000        88.6523       -79.5206       168.1729
   1980000        90.7022       -77.3635       168.0657
   1990000        91.4064       -77.1046       168.5110
   2000000        92.9986       -74.2496       167.2481
   2010000        90.3653       -79.9175       170.2828
   2020000        89.4114       -77.0133       166.4247
   2030000        90.7856       -78.0296       168.8152
   2040000        93.6188       -77.0257       170.6445
   2050000        88.5724       -79.9179       168.4903
   2060000        90.6673       -78.7829       169.4501
   2070000        92.7785       -77.2847       170.0632
   2080000        90.7344       -78.1683       168.9027
   2090000        91.1445       -76.3073       167.4519
   2100000        91.0603       -78.6296       169.6899
   2110000        92.6115       -76.5578       169.1694
   2120000        91.4784       -76.0594       167.5378
   2130000        92.7187       -76.2257       168.9443
   2140000        89.8007       -77.9185       167.7193
   2150000        94.8734       -74.7479       169.6213
   2160000        96.4134       -75.7599       172.1733
   2170000        90.1957       -79.8443       170.0400
   2180000        94.5657       -76.1149       170.6806
   2190000        93.6304       -78.1394       171.7698
   2200000        91.9462       -78.1539       170.1001
   2210000        97.4036       -74.0502       171.4538
   2220000        97.4524       -77.0707       174.5231
   2230000        95.6235       -77.0345       172.6580
   2240000       102.6593       -70.6262       173.2855
   2250000       100.9820       -72.0902       173.0722
   2260000        95.6793       -77.8913       173.5706
   2270000        95.1740       -76.9206       172.0947
   2280000        95.4943       -77.1305       172.6248
   2290000        93.9038       -77.1868       171.0907
   2300000        92.6419       -78.8046       171.4465
   2310000        92.3701       -78.3196       170.6898
   2320000        94.9421       -77.2782       172.2203
   2330000        92.8406       -79.4543       172.2949
   2340000        91.7123       -78.3714       170.0837
   2350000        92.7927       -78.4664       171.2591
   2360000        94.5376       -77.5770       172.1146
   2370000        92.1595       -77.7606       169.9200
   2380000        89.9540       -79.6721       169.6261
   2390000        91.7057       -80.1046       171.8104
   2400000        88.8528       -80.2348       169.0876
   2410000        92.9151       -75.8048       168.7200
   2420000        92.3717       -76.7787       169.1505
   2430000        94.7464       -77.5653       172.3117
   2440000        99.6433       -74.8127       174.4560
   2450000        98.5752       -74.7298       173.3049
   2460000        99.1799       -73.3605       172.5405
   2470000        96.2433       -72.5376       168.7809
   2480000        97.4085       -74.2405       171.6489
   2490000        91.9394       -77.2321       169.1715
   2500000        93.9053       -76.0060       169.9113
   2510000        91.2195       -76.7285       167.9481
   2520000        92.5077       -79.3485       171.8562
   2530000        94.3700       -76.7705       171.1405
   2540000        89.8797       -78.3658       168.2455
   2550000        89.1568       -77.7565       166.9133
   2560000        87.9929       -80.3439       168.3368
   2570000        92.5655       -77.0255       169.5910
   2580000        86.9702       -80.9252       167.8953
   2590000        93.1041       -78.8701       171.9742
   2600000        89.9294       -80.2908       170.2202
   2610000        89.5079       -80.6821       170.1900
   2620000        90.4591       -80.2069       170.6660
   2630000        90.4101       -79.7161       170.1262
   2640000        95.4325       -76.8689       172.3014
   2650000        97.5291       -72.8493       170.3784
   2660000        92.8456       -79.8822       172.7278
   2670000        94.5172       -78.1591       172.6763
   2680000        89.0477       -80.6665       169.7142
   2690000        90.4803       -78.5669       169.0473
   2700000        94.5573       -74.7651       169.3223
   2710000        92.8628       -78.6410       171.5038
   2720000        94.4573       -76.0617       170.5190
   2730000        90.6170       -79.1803       169.7973
   2740000        92.9966       -77.4204       170.4170
   2750000        88.5341       -80.8715       169.4056
   2760000        90.7201       -76.9449       167.6650
   2770000        90.8233       -77.4444       168.2678
   2780000        92.0463       -75.6241       167.6704
   2790000        92.2075       -77.6661       169.8736
   2800000        93.4262       -78.1288       171.5550
   2810000        91.6132       -77.1368       168.7499
   2820000        86.6214       -79.5329       166.1543
   2830000        92.1190       -79.1655       171.2845
   2840000        87.1658       -81.5970       168.7628
   2850000        90.1915       -78.8650       169.0565
   2860000        91.1519       -75.3733       166.5252
   2870000        88.3994       -78.5240       166.9235
   2880000        91.5635       -76.2957       167.8592
   2890000        93.0052       -77.3901       170.3952
   2900000        96.5355       -75.9713       172.5067
   2910000        96.8371       -72.9659       169.8030
   2920000        87.4636       -80.5629       168.0264
   2930000        89.6134       -78.8916       168.5050
   2940000        91.1274       -76.7738       167.9011
   2950000        92.8440       -74.2966       167.1406
   2960000        82.7214       -82.3185       165.0399
   2970000        89.2238       -78.1266       167.3503
   2980000        87.9452       -78.4161       166.3614
   2990000        92.9793       -78.5963       171.5756
   3000000        90.0919       -78.0567       168.1486
   3010000        88.1402       -79.6509       167.7911
   3020000        88.7450       -80.5762       169.3211
   3030000        92.8070       -76.9338       169.7408
   3040000        88.8809       -79.5586       168.4395
   3050000        94.3102       -76.3288       170.6390
   3060000        94.2097       -76.5704       170.7801
   3070000        95.2206       -74.1624       169.3830
   3080000        90.4090       -75.7364       166.1454
   3090000        88.6908       -77.5653       166.2561
   3100000        91.6225       -77.1358       168.7584
   3110000        92.3278       -76.5270       168.8548
   3120000        89.2312       -77.0680       166.2991
   3130000        89.8545       -77.3433       167.1978
   3140000        88.7304       -76.7708       165.5013
   3150000        88.1037       -76.6382       164.7419
   3160000        90.6598       -77.3794       168.0392
   3170000        90.5014       -78.0739       168.5753
   3180000        92.4994       -75.7271       168.2265
   3190000        90.2975       -78.9084       169.2060
   3200000        90.3988       -76.8548       167.2536
   3210000        93.4923       -76.7081       170.2004
   3220000        89.0245       -78.7445       167.7690
   3230000        90.0290       -78.4752       168.5043
   3240000        90.7555       -77.7310       168.4864
   3250000        90.4282       -75.5452       165.9734
   3260000        90.3770       -78.7400       169.1170
   3270000        85.5847       -79.7792       165.3640
   3280000        90.5243       -79.1753       169.6996
   3290000        92.3848       -77.6007       169.9854
   3300000        86.4968       -80.4123       166.9092
   3310000        87.2199       -78.7088       165.9287
   3320000        87.9423       -78.8532       166.7956
   3330000        93.4808       -78.4994       171.9802
   3340000        87.7373       -78.8295       166.5668
   3350000        90.3597       -78.1303       168.4900
   3360000        92.3354       -77.6389       169.9743
   3370000        83.4768       -82.2403       165.7171
   3380000        89.8626       -76.6167       166.4793
   3390000        86.0073       -80.8820       166.8893
   3400000        91.9235       -76.1218       168.0454
   3410000        88.2279       -80.2351       168.4629
   3420000        86.5512       -81.8435       168.3947
   3430000        89.4049       -80.5310       169.9358
   3440000        90.7421       -77.7745       168.5166
   3450000        88.4443       -78.6411       167.0854
   3460000        90.8710       -78.2296       169.1005
   3470000        85.2765       -81.2442       166.5207
   3480000        90.9276       -78.1302       169.0578
   3490000        87.0848       -79.0284       166.1132
   3500000        92.0104       -76.1236       168.1340
   3510000        87.8116       -80.1669       167.9785
   3520000        86.0308       -80.5114       166.5423
   3530000        98.8105       -74.7912       173.6017
   3540000        93.9301       -76.8257       170.7558
   3550000        94.6525       -75.3439       169.9965
   3560000        89.3086       -79.0058       168.3144
   3570000        86.6423       -82.1684       168.8106
   3580000        88.5523       -77.5001       166.0525
   3590000        90.1619       -80.4349       170.5968
   3600000        90.6173       -80.0048       170.6220
   3610000        90.7584       -78.7761       169.5345
   3620000        98.5878       -72.3363       170.9241
   3630000        91.6711       -76.9844       168.6555
   3640000        94.4104       -75.5454       169.9559
   3650000        92.9607       -78.6541       171.6148
   3660000        96.4261       -75.1780       171.6041
   3670000        92.6052       -77.3278       169.9330
   3680000        89.7826       -76.9955       166.7781
   3690000        96.3762       -75.5488       171.9250
   3700000        89.5245       -79.8748       169.3993
   3710000        93.8962       -76.0493       169.9455
   3720000        91.5021       -77.5342       169.0363
   3730000        97.1585       -73.1714       170.3299
   3740000        95.1877       -73.0599       168.2476
   3750000        97.1141       -71.2039       168.3180
   3760000        89.7902       -77.3636       167.1538
   3770000        89.3413       -77.9947       167.3360
   3780000        96.3550       -73.5403       169.8952
   3790000        91.2352       -77.7174       168.9526
   3800000        92.6501       -75.4385       168.0886
