# Step E_total E_lj E_tors
         1       202.7600       -26.1900       228.9500
     10000       143.8223       -27.8558       171.6781
     20000       149.1251       -28.2412       177.3662
     30000       140.2706       -46.0149       186.2854
     40000       124.1295       -50.6797       174.8092
     50000       134.0201       -46.0336       180.0537
     60000       106.7088       -62.9312       169.6400
     70000       102.7902       -65.6761       168.4663
     80000       103.4896       -64.5344       168.0240
     90000       100.2217       -68.4199       168.6415
    100000       101.3612       -67.1754       168.5365
    110000       104.7383       -64.7999       169.5382
    120000        94.8656       -68.5972       163.4628
    130000       108.3658       -68.1648       176.5306
    140000        97.4335       -70.6343       168.0678
    150000        99.5136       -69.6722       169.1859
    160000        96.5372       -68.6394       165.1767
    170000        98.5295       -66.0584       164.5879
    180000        97.7575       -66.9533       164.7108
    190000       100.6320       -66.3919       167.0238
    200000        94.0684       -72.3134       166.3818
    210000        99.4309       -69.3974       168.8283
    220000       101.0604       -69.6585       170.7189
    230000        99.2009       -68.4324       167.6333
    240000        96.8214       -70.9713       167.7927
    250000        94.9913       -71.6465       166.6378
    260000        98.2947       -66.2347       164.5295
    270000        96.4613       -71.7160       168.1773
    280000        88.4926       -71.7389       160.2314
    290000       100.8072       -67.7609       168.5681
    300000        95.9416       -67.6912       163.6329
    310000        90.5046       -72.7680       163.2725
    320000        94.4760       -70.1523       164.6283
    330000        96.1110       -68.5809       164.6919
    340000       108.1819       -64.0663       172.2482
    350000        97.2259       -72.9346       170.1605
    360000        94.5680       -67.8613       162.4293
    370000        95.1160       -70.0648       165.1809
    380000        91.5286       -74.9912       166.5198
    390000        89.6002       -71.8503       161.4505
    400000       102.5561       -68.2127       170.7688
    410000        92.0272       -68.9820       161.0093
    420000        93.0698       -68.3577       161.4276
    430000        96.6402       -67.8122       164.4524
    440000        99.2680       -67.4015       166.6695
    450000        91.9792       -71.5899       163.5692
    460000        96.5529       -65.9438       162.4967
    470000        93.8655       -65.7017       159.5672
    480000        90.1123       -69.6032       159.7155
    490000        91.9738       -69.8830       161.8568
    500000        96.5864       -68.1128       164.6991
    510000        93.4441       -69.8021       163.2462
    520000        91.8452       -72.3435       164.1887
    530000        97.3043       -70.1504       167.4547
    540000        89.8749       -72.4663       162.3412
    550000        89.0249       -73.2566       162.2815
    560000        92.2124       -72.7857       164.9981
    570000        97.8964       -70.7894       168.6857
    580000        92.0377       -70.5769       162.6147
    590000        94.0843       -73.7285       167.8128
    600000        97.6288       -70.1452       167.7740
    610000        89.7781       -75.2112       164.9892
    620000        88.1872       -77.9333       166.1204
    630000        90.0677       -75.8012       165.8689
    640000        91.9350       -75.6252       167.5602
    650000        92.0406       -76.3909       168.4316
    660000        89.4634       -76.8044       166.2678
    670000        95.7072       -72.0681       167.7753
    680000        95.3050       -75.1182       170.4232
    690000        94.1155       -74.4550       168.5705
    700000        97.3671       -73.2763       170.6435
    710000        97.4027       -73.7252       171.1279
    720000       100.1415       -76.3609       176.5024
    730000        96.0264       -74.7053       170.7317
    740000        92.2443       -75.5061       167.7504
    750000        98.0202       -75.8208       173.8410
    760000        97.7359       -73.3207       171.0566
    770000        94.4271       -76.5298       170.9568
    780000        92.9003       -76.5037       169.4039
    790000       100.2486       -71.8271       172.0757
    800000        98.6285       -73.4866       172.1150
    810000        95.4442       -71.5259       166.9701
    820000        99.4796       -72.9498       172.4294
    830000        94.4156       -75.4744       169.8900
    840000        95.7414       -74.4648       170.2062
    850000        89.7212       -77.5302       167.2514
    860000        91.0918       -76.6407       167.7324
    870000        94.8368       -75.8452       170.6819
    880000        89.5085       -77.4972       167.0057
    890000        91.5155       -78.2195       169.7350
    900000        92.1482       -76.0268       168.1750
    910000        94.3583       -75.2796       169.6379
    920000       100.2526       -71.4131       171.6657
    930000        95.4612       -74.6085       170.0696
    940000        97.6760       -69.3962       167.0722
    950000        98.9370       -69.0423       167.9792
    960000        93.3782       -77.3486       170.7269
    970000        90.4531       -77.2454       167.6985
    980000        89.6227       -77.8867       167.5095
    990000        93.8929       -73.4067       167.2996
   1000000        93.2102       -75.0159       168.2261
   1010000        96.3093       -74.0374       170.3467
   1020000        92.1819       -75.1508       167.3327
   1030000        97.7137       -71.2929       169.0065
   1040000        98.9837       -70.8048       169.7885
   1050000       100.2885       -72.5394       172.8279
   1060000        95.9966       -73.9077       169.9044
   1070000        95.6340       -72.4828       168.1168
   1080000        89.6834       -76.2148       165.8982
   1090000        90.1092       -75.5521       165.6613
   1100000        96.5803       -75.2184       171.7987
   1110000        96.8038       -74.0525       170.8562
   1120000        97.5895       -75.7973       173.3868
   1130000        88.1683       -77.9870       166.1553
   1140000        91.0992       -76.5861       167.6852
   1150000        95.4376       -75.6729       171.1105
   1160000        91.9287       -77.4709       169.3996
   1170000        95.8682       -74.7302       170.5985
   1180000       101.2293       -74.1114       175.3407
   1190000        90.8259       -77.3192       168.1451
   1200000        92.0830       -78.6771       170.7601
   1210000        95.8341       -75.4037       171.2378
   1220000       100.2633       -72.3038       172.5670
   1230000        95.4769       -77.4833       172.9602
   1240000        97.3010       -76.5215       173.8225
   1250000        98.5707       -74.1017       172.6723
   1260000        92.8347       -77.6063       170.4410
   1270000        95.5636       -76.8960       172.4596
   1280000        94.4658       -77.5689       172.0346
   1290000        95.3691       -76.9605       172.3296
   1300000       102.8700       -72.6525       175.5224
   1310000        98.2926       -77.1202       175.4128
   1320000        93.2560       -76.1522       169.4082
   1330000        96.7598       -73.3022       170.0620
   1340000        97.4319       -74.4313       171.8632
   1350000        97.3075       -76.4689       173.7765
   1360000        96.2759       -75.4317       171.7076
   1370000       101.9499       -74.5775       176.5273
   1380000        98.4753       -72.5595       171.0348
   1390000        93.7524       -75.9564       169.7088
   1400000        97.6306       -72.6834       170.3140
   1410000        99.6037       -73.5718       173.1755
   1420000       102.1160       -71.5677       173.6837
   1430000       100.7070       -67.1721       167.8791
   1440000        91.7459       -77.0685       168.8144
   1450000        95.2595       -76.2488       171.5083
   1460000        91.7578       -77.4047       169.1625
   1470000       102.1283       -71.6746       173.8030
   1480000        88.7058       -77.3707       166.0765
   1490000        91.3804       -76.6505       168.0309
   1500000        93.0825       -76.1381       169.2206
   1510000        88.2299       -78.6402       166.8700
   1520000        92.0871       -74.4725       166.5596
   1530000        92.3463       -75.5164       167.8627
   1540000        91.7287       -72.9147       164.6434
   1550000        90.4690       -77.5352       168.0042
   1560000        98.3972       -74.5542       172.9514
   1570000        95.9730       -73.1766       169.1497
   1580000        90.7143       -76.3151       167.0294
   1590000        91.4080       -75.7776       167.1856
   1600000        92.7297       -74.2310       166.9607
   1610000        93.5305       -76.1977       169.7282
   1620000        91.2006       -76.7092       167.9098
   1630000        89.2488       -78.0108       167.2596
   1640000        96.0909       -73.4881       169.5790
   1650000        89.9900       -76.9413       166.9313
   1660000        93.0982       -75.1512       168.2494
   1670000        90.0261       -77.2018       167.2279
   1680000        93.7144       -76.1329       169.8473
   1690000        85.2181       -80.0364       165.2546
   1700000        88.3585       -79.8124       168.1709
   1710000        88.9971       -76.9363       165.9334
   1720000        91.7505       -76.2626       168.0131
   1730000        91.3549       -76.9510       168.3059
   1740000        95.1607       -71.6157       166.7764
   1750000        89.1671       -79.4356       168.6027
   1760000        89.7432       -80.0974       169.8407
   1770000        87.3127       -78.7126       166.0253
   1780000        90.2362       -75.8557       166.0919
   1790000        95.5525       -72.3355       167.8879
   1800000        90.5492       -77.1282       167.6774
   1810000        98.0636       -71.8088       169.8724
   1820000        89.3829       -79.2873       168.6702
   1830000        90.4579       -76.3344       166.7922
   1840000        91.0125       -76.6848       167.6974
   1850000        94.0586       -73.4774       167.5360
   1860000        99.4013       -69.2822       168.6835
   1870000        93.4109       -77.1206       170.5315
   1880000        94.2791       -76.2596       170.5387
   1890000        91.6137       -77.3362       168.9499
   1900000        88.8627       -78.9375       167.8002
   1910000        90.7256       -81.7752       172.5008
   1920000        93.2118       -76.5800       169.7918
   1930000        89.0835       -81.2173       170.3008
   1940000        86.6485       -79.5162       166.1647
   1950000        92.5062       -75.9893       168.4956
   1960000        87.4571       -80.2535       167.7106
   1970000        91.4328       -76.2434       167.6762
   1980000        95.2944       -72.0973       167.3917
   1990000        91.9331       -77.0245       168.9577
   2000000        89.3064       -79.2438       168.5503
   2010000        95.1932       -72.5127       167.7059
   2020000        90.3574       -80.2994       170.6568
   2030000        87.6116       -79.7066       167.3182
   2040000        86.9377       -81.5953       168.5330
   2050000        86.5506       -80.1190       166.6696
   2060000        90.1480       -78.7807       168.9288
   2070000        91.4928       -77.6667       169.1595
   2080000        92.1889       -77.2748       169.4637
   2090000        92.0183       -77.0919       169.1102
   2100000        90.4553       -78.0865       168.5418
   2110000        94.5641       -75.5546       170.1187
   2120000        89.6760       -78.3659       168.0419
   2130000        91.8308       -76.7770       168.6078
   2140000        87.7104       -79.1323       166.8427
   2150000        93.8906       -75.8871       169.7777
   2160000        95.6458       -75.7111       171.3569
   2170000        99.1696       -73.5336       172.7032
   2180000        91.9383       -77.1700       169.1084
   2190000        96.0360       -73.0545       169.0905
   2200000        92.7219       -76.7763       169.4983
   2210000        99.1853       -73.8487       173.0340
   2220000        95.1587       -78.1988       173.3575
   2230000        98.8920       -74.2112       173.1032
   2240000        93.3815       -79.5723       172.9538
   2250000        97.3461       -76.4961       173.8422
   2260000        96.6052       -76.6338       173.2390
   2270000        94.6686       -77.9385       172.6071
   2280000        99.5214       -72.4122       171.9336
   2290000        94.2756       -78.0577       172.3333
   2300000        92.6533       -76.9760       169.6294
   2310000        91.7617       -79.4092       171.1709
   2320000        91.7673       -79.4492       171.2165
   2330000        92.4234       -78.0269       170.4503
   2340000        93.3434       -78.9996       172.3430
   2350000        94.7015       -76.8511       171.5526
   2360000        96.3097       -74.9801       171.2899
   2370000        99.6754       -73.5502       173.2256
   2380000        93.3423       -76.4569       169.7992
   2390000        90.6029       -77.9887       168.5916
   2400000        93.6485       -75.0325       168.6810
   2410000        90.2154       -78.5659       168.7813
   2420000        95.5338       -74.9025       170.4362
   2430000        94.7762       -76.4113       171.1876
   2440000        96.7490       -73.9512       170.7003
   2450000        97.8161       -73.3610       171.1771
   2460000        94.7905       -75.0253       169.8157
   2470000        92.8501       -76.1502       169.0002
   2480000        94.6861       -76.4312       171.1174
   2490000        93.6014       -79.3033       172.9047
   2500000        91.2439       -76.0504       167.2943
   2510000        93.8135       -76.0892       169.9027
   2520000        89.8023       -79.4623       169.2646
   2530000        89.8465       -78.8495       168.6960
   2540000        93.3382       -76.6747       170.0130
   2550000        91.0416       -78.2842       169.3258
   2560000        92.3842       -74.7069       167.0910
   2570000        93.3939       -76.4470       169.8409
   2580000        87.1257       -81.7823       168.9081
   2590000        87.8055       -81.5725       169.3780
   2600000        87.0966       -83.0482       170.1448
   2610000        92.7052       -76.6273       169.3325
   2620000        91.8455       -79.0472       170.8927
   2630000        90.8580       -76.8559       167.7139
   2640000        93.5728       -77.8312       171.4040
   2650000        93.6125       -76.0950       169.7075
   2660000        91.4626       -79.3970       170.8596
   2670000        93.4297       -77.4550       170.8847
   2680000        92.2721       -78.8604       171.1325
   2690000        93.4956       -76.5182       170.0138
   2700000        94.2482       -78.5149       172.7631
   2710000        95.0053       -75.2038       170.2091
   2720000        85.5952       -81.8588       167.4540
   2730000        90.0144       -76.9059       166.9203
   2740000        88.7196       -77.9531       166.6727
   2750000        93.6878       -77.3829       171.0707
   2760000        91.5834       -78.5724       170.1558
   2770000        89.8972       -79.0421       168.9393
   2780000        91.9768       -78.7534       170.7302
   2790000        90.8553       -78.6683       169.5236
   2800000        87.8761       -79.8177       167.6938
   2810000        93.2541       -75.0031       168.2572
   2820000        92.1928       -76.1529       168.3457
   2830000        91.9849       -79.7547       171.7396
   2840000        90.9417       -77.5024       168.4441
   2850000        91.6641       -75.6283       167.2924
   2860000        85.8666       -78.8934       164.7600
   2870000       104.0052       -70.7201       174.7253
   2880000        87.4537       -79.1963       166.6500
   2890000        93.1224       -75.7047       168.8272
   2900000        97.5725       -70.7197       168.2922
   2910000        92.5957       -76.4733       169.0690
   2920000        91.2535       -77.1934       168.4469
   2930000        81.8614       -83.6255       165.4868
   2940000        87.2863       -80.0000       167.2863
   2950000        87.6447       -78.5243       166.1690
   2960000        87.7772       -81.0044       168.7815
   2970000        89.1004       -78.9189       168.0193
   2980000        90.5959       -78.9155       169.5114
   2990000        90.4072       -78.4340       168.8411
   3000000        98.7722       -74.4573       173.2295
   3010000        90.4398       -77.1079       167.5476
   3020000        88.0180       -78.9174       166.9353
   3030000        87.5704       -79.8681       167.4385
   3040000        95.2237       -74.7935       170.0172
   3050000        92.7013       -77.5920       170.2933
   3060000        92.0795       -76.2303       168.3098
   3070000        90.9553       -75.6387       166.5940
   3080000        94.7326       -76.2276       170.9602
   3090000        97.5720       -70.7648       168.3368
   3100000        94.2909       -77.2864       171.5773
   3110000        86.9064       -79.3042       166.2106
   3120000        91.0621       -75.2908       166.3529
   3130000        89.4563       -76.4795       165.9358
   3140000        86.2515       -78.6162       164.8677
   3150000        95.9145       -73.2094       169.1238
   3160000        94.7837       -72.7022       167.4858
   3170000        90.6663       -77.0747       167.7410
   3180000        93.1890       -77.2564       170.4455
   3190000        93.9874       -76.1495       170.1368
   3200000        95.4295       -74.3942       169.8237
   3210000        90.7648       -79.2672       170.0320
   3220000        96.2059       -75.9796       172.1855
   3230000        88.9351       -78.0292       166.9643
   3240000        91.8173       -77.2920       169.1093
   3250000        93.4487       -75.2044       168.6531
   3260000        87.9482       -78.2474       166.1956
   3270000        89.8287       -77.5666       167.3953
   3280000        89.8326       -77.5354       167.3680
   3290000        88.6278       -77.9493       166.5772
   3300000        90.2686       -78.6585       168.9271
   3310000        90.7862       -79.0160       169.8022
   3320000        91.3122       -76.4870       167.7992
   3330000        88.5392       -79.4883       168.0276
   3340000        88.2545       -78.7307       166.9852
   3350000        93.6197       -76.7221       170.3418
   3360000        92.5510       -77.7317       170.2828
   3370000        86.5694       -79.3813       165.9507
   3380000        85.3809       -80.0132       165.3942
   3390000        86.9860       -79.8440       166.8300
   3400000        89.8744       -77.3128       167.1871
   3410000        89.2119       -80.0633       169.2752
   3420000        87.5593       -80.7233       168.2826
   3430000        91.5773       -78.9373       170.5146
   3440000        90.2891       -79.0566       169.3458
   3450000        89.2999       -78.7995       168.0994
   3460000        88.9914       -78.5387       167.5302
   3470000        95.6692       -74.1633       169.8324
   3480000        90.9958       -77.9714       168.9672
   3490000        90.2214       -77.1860       167.4073
   3500000        88.5505       -79.4616       168.0121
   3510000        97.6128       -71.7943       169.4071
   3520000        95.8787       -71.8537       167.7323
   3530000        85.8919       -79.7463       165.6382
   3540000        94.8471       -75.4066       170.2536
   3550000        92.1263       -75.7788       167.9051
   3560000        94.9843       -73.1106       168.0949
   3570000        95.3500       -76.6710       172.0210
   3580000        92.1378       -74.8812       167.0189
   3590000        93.9420       -78.1388       172.0808
   3600000        96.0565       -77.3058       173.3623
   3610000        94.6560       -76.6996       171.3556
   3620000        93.2113       -77.4810       170.6922
   3630000        98.2442       -71.7396       169.9838
   3640000        90.8586       -79.3355       170.1941
   3650000        91.2965       -77.4760       168.7725
   3660000        93.7587       -76.1643       169.9231
   3670000        95.7748       -74.5840       170.3588
   3680000        91.3588       -77.3088       168.6676
   3690000        95.5692       -75.7695       171.3387
   3700000        91.8232       -77.6925       169.5157
   3710000        93.2715       -77.4738       170.7453
   3720000        95.6979       -76.5838       172.2817
   3730000        92.4531       -74.1171       166.5702
   3740000        93.4162       -74.8049       168.2211
   3750000        90.5784       -78.4487       169.0271
   3760000        93.2574       -74.2871       167.5446
   3770000       100.3498       -70.9380       171.2878
   3780000        94.5812       -75.7330       170.3142
   3790000        94.2040       -73.9269       168.1309
   3800000       100.4322       -72.4163       172.8485
