# Step Rg End_to_End
         1       190.4938       657.5339
     10000        40.1659        43.7490
     20000        78.1169       283.3379
     30000        37.4214       117.2918
     40000       101.5295       255.1725
     50000        97.2641       229.8651
     60000        53.9594       131.6557
     70000        80.5655       128.4172
     80000        95.3963       147.5599
     90000        55.6933        60.3221
    100000        93.1533       144.7924
    110000        70.6173        95.8312
    120000        38.7255        23.3647
    130000        57.2241        54.4591
    140000        40.0005        22.7741
    150000        66.3519        87.9006
    160000        82.2795       127.5837
    170000        70.9568        98.2046
    180000        65.8298       117.5764
    190000        79.1369       117.7090
    200000        75.5495       121.2069
    210000        73.4337       102.7493
    220000        55.4714        72.2908
    230000        76.0412       110.8171
    240000        74.4603        97.4492
    250000        74.3395        92.2244
    260000        82.0022       101.9459
    270000        75.4843       123.0737
    280000        73.4376       119.9254
    290000        76.3258       116.6852
    300000        68.1653       103.7394
    310000        77.3317       120.7717
    320000        81.2407       131.4442
    330000        57.7396        65.6222
    340000        73.8793       109.3123
    350000        72.4298       107.0272
    360000        62.4967       124.1993
    370000        73.0527        89.4572
    380000        60.3072        63.6120
    390000        79.4049       107.7088
    400000        75.0818        98.9207
    410000        72.5636        96.8037
    420000        72.4556        97.9498
    430000        68.4250        85.2250
    440000        67.9860        97.2161
    450000        73.7803       104.4020
    460000        76.5641       115.1815
    470000        75.9872       105.2163
    480000        80.5775       117.1966
    490000        73.8185       120.9038
    500000        75.2234       125.4404
    510000        74.5492       112.6307
    520000        77.3443       133.1339
    530000        65.2701       103.7580
    540000        67.4724       111.1055
    550000        69.8909       109.8175
    560000        72.9925       131.7195
    570000        75.1100       135.8668
    580000        68.4759       132.4308
    590000        66.4799       123.0189
    600000        70.7563       123.5315
    610000        67.2193       129.0620
    620000        70.3301       137.4616
    630000        58.4215       123.3916
    640000        65.8030       129.9360
    650000        78.0806       140.5135
    660000        77.7082       140.9216
    670000        73.7903       134.4541
    680000        75.7256       134.5845
    690000        72.3105       116.4123
    700000        78.8358       132.0398
    710000        74.0509       137.6797
    720000        76.8330       127.8774
    730000        81.5916       142.5488
    740000        74.6268       137.0239
    750000        77.9755       128.6311
    760000        71.5159       127.7117
    770000        78.9621       133.2391
    780000        77.7244       135.0457
    790000        78.9885       137.5335
    800000        78.8186       139.8624
    810000        71.2727       121.7043
    820000        70.2548       125.4681
    830000        74.4045       132.6167
    840000        82.2165       143.3353
    850000        71.0118       124.0627
    860000        76.8894       132.8566
    870000        78.1935       130.1980
    880000        56.7336       110.7992
    890000        80.2898       139.9709
    900000        76.1931       120.3275
    910000        82.2453       143.2116
    920000        78.4672       138.8281
    930000        82.9814       142.6214
    940000        36.5528        28.8517
    950000        46.1771        38.9841
    960000        43.4327        67.7068
    970000        43.1066        27.3595
    980000        40.5562        35.7590
    990000        37.3944         1.6539
   1000000        38.0222        17.4844
   1010000        36.7981        16.3713
   1020000        41.5372        34.2086
   1030000        37.1488        16.8577
   1040000        45.5163        82.2467
   1050000        35.8397        74.1157
   1060000        22.7536        19.8424
   1070000        40.9891        67.1905
   1080000        46.6237        84.1461
   1090000        32.4268        51.0187
   1100000        26.8414        40.9808
   1110000        58.6281       114.3544
   1120000        42.4929        90.5635
   1130000        37.5945        20.7276
   1140000        33.0797        45.1034
   1150000        44.8437        57.1396
   1160000        28.2538        54.9630
   1170000        56.6042       104.3348
   1180000        43.4241        34.0216
   1190000        39.4118        36.1973
   1200000        48.6391        48.9863
   1210000        39.1118        27.7053
   1220000        37.1983        12.3549
   1230000        35.6326         6.1478
   1240000        35.7296         9.7853
   1250000        28.1889        27.8910
   1260000        32.7688        42.1005
   1270000        37.5155        10.1583
   1280000        51.1423        55.9511
   1290000        32.7969        21.8317
   1300000        34.6031        26.8293
   1310000        39.8266        75.4815
   1320000        30.5075        34.2372
   1330000        37.5018        12.2813
   1340000        39.9771        23.3141
   1350000        44.7226        31.9164
   1360000        37.6415        15.4482
   1370000        40.7668        34.7682
   1380000        47.1164        36.2632
   1390000        29.1394        19.0213
   1400000        32.4586        36.5256
   1410000        35.5385        16.5544
   1420000        33.5109         8.6711
   1430000        45.4903        30.1431
   1440000        37.1405        15.5692
   1450000        45.3947        27.8054
   1460000        32.0998        45.6064
   1470000        41.8547        21.1375
   1480000        42.1036        20.5642
   1490000        45.5808        47.6705
   1500000        45.5342        95.2055
   1510000        33.3183        11.0956
   1520000        35.9995         9.2281
   1530000        32.0234        64.7160
   1540000        40.3452        32.8905
   1550000        45.7613        33.6918
   1560000        31.7391        13.8340
   1570000        37.1932         7.8392
   1580000        37.5714        34.2934
   1590000        47.7148        41.0719
   1600000        37.6538        11.3582
   1610000        47.2769        48.2038
   1620000        45.4043        63.8679
   1630000        40.5602        23.2443
   1640000        39.9182        34.7551
   1650000        34.0338        23.0947
   1660000        34.6144        30.6404
   1670000        42.1762        44.7888
   1680000        32.8676        32.6366
   1690000        43.4446        35.5004
   1700000        39.0904        12.3028
   1710000        36.5310         5.6571
   1720000        44.4777        36.5586
   1730000        33.9500        23.8939
   1740000        33.0682        19.6377
   1750000        38.3554        21.4697
   1760000        33.7266        19.9685
   1770000        50.9867        67.6578
   1780000        56.6833        78.2655
   1790000        31.3302        38.4377
   1800000        33.5917        35.3219
   1810000        28.3733         6.1221
   1820000        42.0117        22.1300
   1830000        31.2034        37.3207
   1840000        43.4449        29.8933
   1850000        31.3697        30.7632
   1860000        36.3116         9.1032
   1870000        34.5059         8.8788
   1880000        38.5051        13.9737
   1890000        35.4345        47.5838
   1900000        43.5045        31.4081
   1910000        28.1264        23.8780
   1920000        39.6896        49.5238
   1930000        31.9495        40.5031
   1940000        35.0816        38.7211
   1950000        24.8915        25.9458
   1960000        28.1782        19.6776
   1970000        29.1846        41.4023
   1980000        32.7418        14.1037
   1990000        32.2666        13.1731
   2000000        34.7298        26.5001
   2010000        39.7229        23.1325
   2020000        34.3050        11.6669
   2030000        87.3016       142.0486
   2040000        82.7675       137.5654
   2050000        88.3857       145.1639
   2060000        86.9211       138.7221
   2070000        85.4444       139.1209
   2080000        86.5128       144.1500
   2090000        84.4468       141.1980
   2100000        87.6168       144.2180
   2110000        86.9117       143.8648
   2120000        79.1245       129.4193
   2130000        77.5531       126.7747
   2140000        87.2106       145.4344
   2150000        86.9800       143.7303
   2160000        77.1309       132.7604
   2170000        85.9707       142.2252
   2180000        85.7919       144.7077
   2190000        83.1407       141.1789
   2200000        81.1042       137.8422
   2210000        81.9190       137.6061
   2220000        82.4900       140.7518
   2230000        85.7284       143.0588
   2240000        79.4646       134.4604
   2250000        84.8267       141.3797
   2260000        77.0922       124.7330
   2270000        81.2648       135.2577
   2280000        80.2748       132.0952
   2290000        82.9464       137.2982
   2300000        87.4641       144.4140
   2310000        81.2473       136.8487
   2320000        83.1909       134.7506
   2330000        82.1456       137.1138
   2340000        81.3140       132.3160
   2350000        86.9895       142.2675
   2360000        81.2821       134.8757
   2370000        88.8557       146.5523
   2380000        88.3809       143.6543
   2390000        90.0713       143.4502
   2400000        84.5108       136.4255
   2410000        83.0314       133.9101
   2420000        87.8818       138.8616
   2430000        88.6988       139.1870
   2440000        81.8743       117.9860
   2450000        89.5044       141.1484
   2460000        87.4452       137.1214
   2470000        90.3187       145.1339
   2480000        86.9328       141.2745
   2490000        88.2344       142.8669
   2500000        89.3199       142.5544
   2510000        87.2857       140.9792
   2520000        91.2285       146.3155
   2530000        82.7879       132.5442
   2540000        85.0120       141.4680
   2550000        88.9361       144.6135
   2560000        89.9062       144.3800
   2570000        68.6654       107.0423
   2580000        75.6104       111.5077
   2590000        79.8010       120.6852
   2600000        89.2145       143.1057
   2610000        88.2707       142.1063
   2620000        88.2819       143.2967
   2630000        84.7230       134.3235
   2640000        86.8406       135.7754
   2650000        92.1139       147.8181
   2660000        80.2769       129.1099
   2670000        89.4772       146.7636
   2680000        82.1506       139.1689
   2690000        83.8276       141.5878
   2700000        85.8333       143.3146
   2710000        88.4316       146.8011
   2720000        66.8210        99.0802
   2730000        85.0203       140.8702
   2740000        79.5473       118.3351
   2750000        78.3553       126.6398
   2760000        80.8095       133.6889
   2770000        83.7229       139.0395
   2780000        82.9913       133.4256
   2790000        76.7901       126.3731
   2800000        82.2354       126.1157
   2810000        84.2898       136.9831
   2820000        82.1673       134.5288
   2830000        75.6850       124.1622
   2840000        79.9605       133.9156
   2850000        78.6515       130.8652
   2860000        79.8957       134.1222
   2870000        63.2041        95.9940
   2880000        75.4953       116.9535
   2890000        76.2246       128.7173
   2900000        79.4487       129.8009
   2910000        85.2950       143.3612
   2920000        74.4123       118.2366
   2930000        75.9274       127.0518
   2940000        82.4766       128.8250
   2950000        84.7527       139.7633
   2960000        85.7495       141.8938
   2970000        72.1118       118.3597
   2980000        86.9242       144.6167
   2990000        83.4472       132.4026
   3000000        82.9074       137.3397
   3010000        80.8759       131.6221
   3020000        81.4046       127.9333
   3030000        83.3164       137.2049
   3040000        80.2557       126.1231
   3050000        88.1154       142.2960
   3060000        79.6590       128.4335
   3070000        85.8603       138.6112
   3080000        86.9379       139.6599
   3090000        84.1654       136.9979
   3100000        81.5997       114.7072
   3110000        81.1615       120.3411
   3120000        89.0908       142.5803
   3130000        87.5668       139.1565
   3140000        87.5140       136.3383
   3150000        87.9724       138.9980
   3160000        82.1958       132.8064
   3170000        85.0706       136.8778
   3180000        89.3415       144.0511
   3190000        86.2008       138.3169
   3200000        88.7520       135.9851
   3210000        80.0536       123.4222
   3220000        83.2223       123.8327
   3230000        88.4925       141.9031
   3240000        88.4935       140.9271
   3250000        74.9195       105.3523
   3260000        81.3568       132.8919
   3270000        76.8159       116.9658
   3280000        80.6676       130.8272
   3290000        66.4156        90.1828
   3300000        79.5085       126.1428
   3310000        80.8419       132.5664
   3320000        80.9099       131.3065
   3330000        74.9822       112.8921
   3340000        89.1400       144.6040
   3350000        80.7859       120.1676
   3360000        78.7431       123.2797
   3370000        71.7605       109.7686
   3380000        78.0907       120.4682
   3390000        75.9274       121.1549
   3400000        72.2614       114.0493
   3410000        75.9256       123.3284
   3420000        77.2317       125.5154
   3430000        68.3924       109.6944
   3440000        62.7356        98.6509
   3450000        85.0867       140.1796
   3460000        66.2569        95.5872
   3470000        81.2920       129.8686
   3480000        73.6155       118.3823
   3490000        75.1243       116.2554
   3500000        84.4984       139.0605
   3510000        74.4366       115.9184
   3520000        77.9155       120.6716
   3530000        82.3718       129.0826
   3540000        93.1811       148.4677
   3550000        90.4196       141.5748
   3560000        62.2132        97.9490
   3570000        72.8904       117.3709
   3580000        89.1874       138.2521
   3590000        87.5492       131.9830
   3600000        41.2899        59.6452
   3610000        74.2907       114.5957
   3620000        77.3821       121.3150
   3630000        72.9546       116.2345
   3640000        84.6772       133.6558
   3650000        69.9086       112.3442
   3660000        92.7819       143.7563
   3670000        81.3641       132.6159
   3680000        80.0173       121.1485
   3690000        89.2823       143.1328
   3700000        71.3336       115.9169
   3710000        85.9177       133.4252
   3720000        65.6560       105.4045
   3730000        83.0073       134.0665
   3740000        91.8504       146.2534
   3750000        85.8580       140.0170
   3760000        82.5295       133.3148
   3770000        83.3938       133.7073
   3780000        86.6397       139.1091
   3790000        92.1186       141.6634
   3800000        83.5096       132.2382
