# Step E_total E_lj E_tors
           1  -11.616867392535301       -26.204035700649861        14.587168308114562     
       10000   133.79558067449349       -27.328931611569594        161.12451228606156     
       20000   151.04511373455102       -27.546315565055110        178.59142929960478     
       30000   153.85671604566778       -27.784031824446615        181.64074787011359     
       40000   149.11876627735799       -31.421738908441675        180.54050518579868     
       50000   136.90734934398913       -28.009672448929273        164.91702179291585     
       60000   148.76727284611911       -28.394856801886480        177.16212964800206     
       70000   141.83566630385016       -45.470294970365060        187.30596127421356     
       80000   153.54267757366384       -47.058677176454509        200.60135475011688     
       90000   144.31980564791994       -46.280147949784819        190.59995359770372     
      100000   148.85204459305453       -47.244538262987859        196.09658285604121     
      110000   137.12013613503544       -51.620102864070461        188.74023899910421     
      120000   124.50640499389023       -57.410649287566180        181.91705428145480     
      130000   146.00189682889788       -45.828894862956219        191.83079169185248     
      140000   136.12387051624006       -60.020196819339738        196.14406733557820     
      150000   132.49108072217987       -60.436754424262837        192.92783514644162     
      160000   137.53738234032369       -60.054808814890698        197.59219115521276     
      170000   130.15687407815156       -65.571967509628138        195.72884158777734     
      180000   126.65698170608547       -66.106768218923875        192.76374992500712     
      190000   127.46897976930485       -66.103245486324298        193.57222525562744     
      200000   129.50908817666937       -62.750306489372029        192.25939466603970     
      210000   127.34066615944646       -63.693130057628458        191.03379621707370     
      220000   132.49351346810593       -59.818449209567561        192.31196267767248     
      230000   125.63036204359000       -65.491283022725426        191.12164506631456     
      240000   141.95903597745178       -62.540998073160026        204.50003405061057     
      250000   145.29935599404129       -63.889606203796376        209.18896219783593     
      260000   135.51261877682637       -60.833614287057351        196.34623306388218     
      270000   139.94597579667945       -59.169190120336332        199.11516591701411     
      280000   135.02226914203550       -67.198043831295550        202.22031297332953     
      290000   124.19275516825675       -67.453086649141099        191.64584181739608     
      300000   126.72838627238571       -64.375682520868907        191.10406879325302     
      310000   125.26378699211085       -65.899929755452177        191.16371674756127     
      320000   117.59796409634932       -67.966005436531191        185.56396953287887     
      330000   123.51815837480693       -69.124411351716546        192.64256972652223     
      340000   131.13712236818270       -66.389727754123356        197.52685012230444     
      350000   131.43165513876735       -66.409506836034609        197.84116197479997     
      360000   128.31513787611618       -66.505278172548614        194.82041604866259     
      370000   121.64362857645210       -64.868393482880293        186.51202205933004     
      380000   122.66042198656595       -66.426993745132080        189.08741573169522     
      390000   120.50367765765297       -68.124706184494329        188.62838384214464     
      400000   124.60629492142728       -65.903754846794897        190.51004976821952     
      410000   124.86536895521903       -67.259633349180746        192.12500230439687     
      420000   119.21732547193015       -69.507892668088459        188.72521814001587     
      430000   134.51372998296867       -65.222316624759969        199.73604660772583     
      440000   133.06798407649580       -65.376132801850517        198.44411687834400     
      450000   124.77448421957122       -67.146340780134651        191.92082499970385     
      460000   119.37626897772539       -69.048876228666515        188.42514520639006     
      470000   121.44361532391879       -69.295133875176489        190.73874919909329     
      480000   126.95509755005814       -71.093695078991757        198.04879262904782     
      490000   115.46144554078853       -72.451121418466258        187.91256695925347     
      500000   124.80301755743564       -70.383509069880489        195.18652662731506     
      510000   120.99103770557203       -71.220283806961902        192.21132151253306     
      520000   128.13189001240900       -70.280054861131944        198.41194487353962     
      530000   125.67897376391201       -66.363366249945514        192.04234001385572     
      540000   127.61788005967902       -67.365193708777554        194.98307376845554     
      550000   129.80137293267964       -68.590449751816607        198.39182268449468     
      560000   131.84651060405452       -68.432674463963920        200.27918506801703     
      570000   129.92196260541968       -71.029293569610843        200.95125617502907     
      580000   131.45401399191425       -68.285082326066089        199.73909631797844     
      590000   122.98030413546110       -68.823024970074130        191.80332910553332     
      600000   120.99656271667023       -69.698291033941416        190.69485375060978     
      610000   120.29819780191856       -68.162453576859448        188.46065137877656     
      620000   119.13750548397877       -69.335167614718216        188.47267309869545     
      630000   121.12489681077010       -69.089698264599747        190.21459507536827     
      640000   123.84823863021387       -69.655835079721655        193.50407370993432     
      650000   139.53229695764657       -62.784973348977658        202.31727030662330     
      660000   130.37047102474060       -65.529566729420822        195.90003775416085     
      670000   123.35148809353112       -66.311201325584065        189.66268941911471     
      680000   133.14282082242204       -67.588430108127184        200.73125093054901     
      690000   129.47475398342831       -65.805369917418957        195.28012390084737     
      700000   135.13498632386504       -67.969727868204089        203.10471419206922     
      710000   131.42797973405305       -59.752049284356758        191.18002901841007     
      720000   125.60724668354801       -65.211872957682260        190.81911964123037     
      730000   135.78012054675594       -69.626654900132564        205.40677544688845     
      740000   123.81328420827664       -69.763725641645408        193.57700984992192     
      750000   129.78254100753210       -67.270061398923815        197.05260240645558     
      760000   125.92985884127378       -68.864496409564978        194.79435525083852     
      770000   128.17631437669959       -68.293201054485294        196.46951543118499     
      780000   121.72349403178224       -70.205800769957705        191.92929480173953     
      790000   126.51566366010950       -69.810623954640633        196.32628761475019     
      800000   126.61679435234828       -66.246344472293558        192.86313882464202     
      810000   128.40927424695715       -67.361779946272591        195.77105419322902     
      820000   130.55010502384866       -68.713555970579804        199.26366099442814     
      830000   132.99903920388726       -63.445861166036337        196.44490036992320     
      840000   132.40308256961180       -68.295518423654130        200.69860099326459     
      850000   129.21339844254399       -69.793186696939912        199.00658513948252     
      860000   126.87123946470957       -69.557480142087542        196.42871960679608     
      870000   130.54464276233753       -67.819125397859864        198.36376816019595     
      880000   131.22123888687167       -70.829230058784034        202.05046894565405     
      890000   135.59858480336058       -72.186541498444356        207.78512630180367     
      900000   129.57639266581464       -70.578638204799333        200.15503087061214     
      910000   133.13557914715932       -69.001200345717223        202.13677949287495     
      920000   129.91531762470993       -70.177118901472284        200.09243652618142     
      930000   126.14768084427219       -70.314877618652929        196.46255846292405     
      940000   127.10917148700442       -68.163810141138114        195.27298162814148     
      950000   128.56818403072793       -71.192120205686038        199.76030423641279     
      960000   121.25399758755026       -67.325870100648729        188.57986768819836     
      970000   121.78720063547429       -68.213696823884618        190.00089745935759     
      980000   127.04822680557012       -68.441566128883011        195.48979293445228     
      990000   130.39626431041205       -63.945087697482023        194.34135200789370     
     1000000   125.84262188826045       -64.973379417482704        190.81600130574236     
     1010000   135.70225060802676       -64.723507428954491        200.42575803698048     
     1020000   132.86419787164368       -67.793928026813333        200.65812589845632     
     1030000   131.25286897166725       -67.963358203776892        199.21622717544420     
     1040000   128.48235883409711       -70.636449007143526        199.11880784124048     
     1050000   125.27995111358184       -68.646359098806698        193.92631021238890     
     1060000   119.56612764971482       -72.714247987365809        192.28037563708082     
     1070000   124.91181050391313       -71.408928104284513        196.32073860819830     
     1080000   124.53493684146454       -70.218652147580713        194.75358898904628     
     1090000   126.23226848966057       -72.015973624639827        198.24824211430123     
     1100000   136.10721328528675       -69.411893959382070        205.51910724466936     
     1110000   127.13998477830285       -71.610497529793193        198.75048230809662     
     1120000   130.60329755110138       -68.657965066482163        199.26126261758424     
     1130000   135.79851044878623       -65.456730695170933        201.25524114395719     
     1140000   128.90919851457934       -70.704788948537058        199.61398746311662     
     1150000   123.68075531774855       -71.158835717541578        194.83959103528991     
     1160000   129.15884662429181       -70.032416109148343        199.19126273344023     
     1170000   132.83372474960296       -69.563658513592017        202.39738326319463     
     1180000   130.06186956790944       -67.676755817414829        197.73862538532370     
     1190000   129.16928779618306       -66.335736985322100        195.50502478150435     
     1200000   133.50446841113498       -66.848241504782493        200.35270991591634     
     1210000   125.37723691346181       -67.608430933766286        192.98566784722615     
     1220000   137.47407925936037       -65.025158462716078        202.49923772207410     
     1230000   124.35173624722020       -71.131870764904619        195.48360701212275     
     1240000   121.24045815119744       -69.167644795127117        190.40810294632291     
     1250000   134.41724661587307       -69.620782539617224        204.03802915548872     
     1260000   137.23803720265508       -70.251748970011533        207.48978617266431     
     1270000   137.14245525488656       -73.632084870528530        210.77454012541349     
     1280000   133.06741489876435       -68.692814265745398        201.76022916450836     
     1290000   133.96520489282705       -68.500408998859641        202.46561389168488     
     1300000   128.77350246426616       -71.622931680044118        200.39643414430830     
     1310000   125.24550040413762       -68.477387482034516        193.72288788617021     
     1320000   130.90632663319312       -68.982833754356733        199.88916038754817     
     1330000   132.88880024987327       -69.306422987755241        202.19522323762664     
     1340000   126.41009699154930       -73.080473280634990        199.49057027218268     
     1350000   126.65136315891390       -76.791959609427664        203.44332276833978     
     1360000   128.60119285056041       -72.361151101559798        200.96234395211883     
     1370000   127.81627516384091       -73.740724538979947        201.55699970281972     
     1380000   132.68610935683535       -71.116965010437582        203.80307436727165     
     1390000   128.30638504259525       -71.117280571854863        199.42366561444882     
     1400000   133.60386482234517       -73.329645038671757        206.93350986101566     
     1410000   127.72664114404924       -72.705150105835202        200.43179124988313     
     1420000   128.48586509803093       -72.101448502081340        200.58731360011137     
     1430000   128.19207731144056       -69.168965046950674        197.36104235839076     
     1440000   136.10305393302585       -69.007852577135111        205.11090651016016     
     1450000   130.91597601094318       -69.346762295089206        200.26273830603148     
     1460000   129.08653306703602       -73.446939714552570        202.53347278158796     
     1470000   127.41686725669740       -74.487854809089541        201.90472206578596     
     1480000   126.45915950575156       -73.450807487318173        199.90996699306893     
     1490000   133.78003912351926       -69.427621645011499        203.20766076853036     
     1500000   134.41687377805536       -68.784512980685889        203.20138675874159     
     1510000   135.05884054073323       -74.030696309366718        209.08953685010044     
     1520000   131.77731007594261       -72.980511827004690        204.75782190294731     
     1530000   131.61329333837392       -68.984131753162828        200.59742509153659     
     1540000   135.20812816927807       -69.657002587497828        204.86513075677547     
     1550000   130.57223298974961       -69.986945522980605        200.55917851272980     
     1560000   139.40245202389721       -65.074357853743749        204.47680987764025     
     1570000   135.74076846108554       -69.816992233175625        205.55776069426065     
     1580000   135.34386631625651       -70.560392346396014        205.90425866265258     
     1590000   132.15970985100805       -71.776238497320179        203.93594834832882     
     1600000   124.16777159653280       -74.662563467120123        198.83033506365371     
     1610000   135.50351568762360       -67.807336082564674        203.31085177018906     
     1620000   132.35892005049024       -67.238642325655931        199.59756237614658     
     1630000   133.63742351774448       -68.119880906593465        201.75730442433795     
     1640000   128.02840603028557       -67.034708521953405        195.06311455223923     
     1650000   136.33306540918102       -66.989002566099487        203.32206797528076     
     1660000   132.01683395730859       -66.585646140511912        198.60248009782009     
     1670000   141.75962252920166       -64.684673913000765        206.44429644220224     
     1680000   130.71540762271638       -65.469053125755195        196.18446074847151     
     1690000   132.19052485907818       -66.168896771012442        198.35942163009042     
     1700000   126.51877543696749       -69.523743733812651        196.04251917077966     
     1710000   133.61289636065348       -65.744785076253677        199.35768143690646     
     1720000   133.97428870833264       -67.065168210546645        201.03945691887938     
     1730000   134.43550254483384       -68.453660229157336        202.88916277399122     
     1740000   138.84679638212981       -65.423048477231660        204.26984485936194     
     1750000   128.91589762709106       -69.353330491374081        198.26922811846563     
     1760000   133.18105428805706       -68.126985750938829        201.30804003899709     
     1770000   132.67252340875774       -70.130231728511689        202.80275513727085     
     1780000   132.96507716220179       -69.595407394223031        202.56048455642681     
     1790000   135.05414677262559       -67.547874502866804        202.60202127549394     
     1800000   131.50710876185934       -74.158929952912601        205.66603871477409     
     1810000   131.56316494183127       -70.139267547037150        201.70243248887084     
     1820000   135.78697529068552       -70.602946223859931        206.38992151454863     
     1830000   131.50637762069161       -77.223806535239120        208.73018415593387     
     1840000   131.19737372919866       -74.335439633336875        205.53281336253838     
     1850000   127.12436714990433       -75.577030210303548        202.70139736021090     
     1860000   135.65434354431628       -68.865518605901471        204.51986215022072     
     1870000   143.09689133748864       -66.614397569287902        209.71128890677983     
     1880000   139.46221139985940       -68.600674496364277        208.06288589622662     
     1890000   129.91548860437027       -71.605644140148868        201.52113274452194     
     1900000   139.09218467729326       -70.785940674792485        209.87812535208781     
     1910000   138.85549006463233       -71.736417184802647        210.59190724943730     
     1920000   135.07480421492980       -71.408188558271988        206.48299277320407     
     1930000   145.56831437513566       -69.819069080866527        215.38738345600453     
     1940000   139.35892059334307       -72.206766951332469        211.56568754467830     
     1950000   134.74964923873790       -75.599966422913951        210.34961566165489     
     1960000   146.35783584058146       -70.678597392281972        217.03643323286693     
     1970000   147.26932003781138       -72.761823661830491        220.03114369964521     
     1980000   133.90553030022701       -76.569792615704074        210.47532291593461     
     1990000   131.74135658291010       -76.846495485824619        208.58785206873833     
     2000000   144.21043970692762       -71.848464720069131        216.05890442700090     
     2010000   131.00901686618471       -75.818127621010916        206.82714448720020     
     2020000   136.45377162372839       -73.094365036365886        209.54813666009903     
     2030000   130.34720838418627       -75.905616981697790        206.25282536588929     
     2040000   132.80317488478605       -75.165282271011179        207.96845715580204     
     2050000   135.08430488252168       -77.005147064485030        212.08945194701252     
     2060000   130.91548325445811       -74.636921842917957        205.55240509738184     
     2070000   133.44038043270186       -70.633633061394917        204.07401349410270     
     2080000   131.87795651053892       -73.820035958164425        205.69799246870903     
     2090000   131.61832817609485       -71.598102384417629        203.21643056051772     
     2100000   124.53996696257340       -76.134645662988831        200.67461262556705     
     2110000   130.41868231562259       -72.451758189440483        202.87044050506790     
     2120000   121.20182469912172       -77.694054850066422        198.89587954919332     
     2130000   133.48620666980528       -71.965867640604543        205.45207431041442     
     2140000   129.36230765780883       -75.093283676336029        204.45559133414943     
     2150000   133.96920181388248       -69.055819777417412        203.02502159130398     
     2160000   130.97389539119160       -77.190847922746940        208.16474331394258     
     2170000   129.40522162183720       -73.805081867214057        203.21030348905543     
     2180000   129.85241517423145       -74.331203024286580        204.18361819852214     
     2190000   134.92853771027941       -69.765995827515709        204.69453353779977     
     2200000   130.64182316135066       -69.469181403489713        200.11100456484485     
     2210000   128.28888330803349       -72.346863395029814        200.63574670306778     
     2220000   129.97703175015945       -69.575444516324552        199.55247626648853     
     2230000   133.47697202421318       -71.698962416133000        205.17593444035066     
     2240000   131.19972277610432       -72.862966103624316        204.06268887973275     
     2250000   136.77838546932676       -67.833053320944387        204.61143879027580     
     2260000   139.82231927344699       -71.325988524958589        211.14830779841031     
     2270000   133.95315449300787       -71.611195523200379        205.56435001621273     
     2280000   127.33023597221519       -75.357484650292136        202.68772062251202     
     2290000   138.89949443732840       -70.229203529636891        209.12869796697044     
     2300000   136.15311461498891       -70.067063635212321        206.22017825020663     
     2310000   133.06358353077110       -75.411542745239700        208.47512627601685     
     2320000   130.68309929125257       -79.693304409991299        210.37640370124996     
     2330000   128.42574997238825       -75.013929585467196        203.43967955786243     
     2340000   130.96338498004656       -74.791354330276619        205.75473931032980     
     2350000   126.24484224081688       -76.956724082711560        203.20156632353513     
     2360000   129.28661992980801       -75.219512182824602        204.50613211263905     
     2370000   125.96166224758774       -78.560198836970969        204.52186108456530     
     2380000   130.72204343394233       -75.428865605269394        206.15090903921882     
     2390000   129.50999897151192       -81.633439757706782        211.14343872922578     
     2400000   128.04970783495639       -79.560760697690128        207.61046853265375     
     2410000   131.41186235858075       -77.403333808547117        208.81519616713501     
     2420000   131.74817131318497       -75.286088156078051        207.03425946927018     
     2430000   129.65992861038956       -74.082056853616834        203.74198546401328     
     2440000   130.90386343163661       -74.496701030846296        205.40056446248929     
     2450000   130.82892471076110       -79.850432537181220        210.67935724794862     
     2460000   130.35129506982287       -75.966212656118373        206.31750772594751     
     2470000   127.99297419910830       -83.187427578715031        211.18040177782936     
     2480000   131.80013353188428       -83.832954265807885        215.63308779769844     
     2490000   131.68439354340998       -83.929904362929349        215.61429790634568     
     2500000   135.08076776893654       -80.637545739492609        215.71831350843613     
     2510000   128.67792770419453       -81.777202523702201        210.45513022790377     
     2520000   124.89328374390863       -83.074957473299833        207.96824121721522     
     2530000   126.08604749259160       -82.729588525690360        208.81563601828836     
     2540000   130.69611080379735       -79.370861626132978        210.06697242993647     
     2550000   124.84718514048454       -84.195854670759132        209.04303981125014     
     2560000   128.84102647887809       -82.382120036567457        211.22314651545179     
     2570000   118.40946381094726       -89.079261435863316        207.48872524681656     
     2580000   133.69686652845647       -81.970096108990916        215.66696263745345     
     2590000   128.56714493551002       -80.163457849055575        208.73060278457132     
     2600000   123.96683662133461       -83.812194106411283        207.77903072775166     
     2610000   128.26748669035342       -83.154540394311155        211.42202708467067     
     2620000   130.54840815618019       -78.004708044642683        208.55311620082915     
     2630000   129.45289638122657       -86.546849159863797        215.99974554109664     
     2640000   127.82879652335519       -88.071890328683381        215.90068685204466     
     2650000   127.76365146105786       -89.659196614571570        217.42284807563462     
     2660000   131.36025693801795       -87.661879694572377        219.02213663259536     
     2670000   138.37143416011861       -86.397122960610204        224.76855712073387     
     2680000   132.38314756983689       -83.682055119127327        216.06520268896983     
     2690000   128.50147045001276       -87.264284699769163        215.76575514978765     
     2700000   133.90452326980818       -78.579907828341717        212.48443109815622     
     2710000   132.80885301508690       -81.865221089677661        214.67407410477040     
     2720000   130.71146013071802       -81.164632512318747        211.87609264304260     
     2730000   129.22740486045598       -79.567462688743930        208.79486754920592     
     2740000   129.01425301254415       -80.975995075815533        209.99024808836583     
     2750000   127.28864237361996       -83.149202729595928        210.43784510322217     
     2760000   131.80229996092794       -78.751793482210331        210.55409344314526     
     2770000   140.14383059725628       -73.991401544538149        214.13523214180157     
     2780000   136.38802595963600       -68.562312189070326        204.95033814871400     
     2790000   135.76035460928711       -73.335721321870054        209.09607593116496     
     2800000   140.10463248646070       -71.620931316836945        211.72556380330556     
     2810000   136.44113598116760       -72.347712862106945        208.78884884328238     
     2820000   135.40621295421295       -72.810519313778045        208.21673226799911     
     2830000   132.41577170058454       -79.512173976342226        211.92794567693454     
     2840000   126.23639945569526       -80.744580500075045        206.98097995577808     
     2850000   136.50521833724969       -71.216759031568159        207.72197736882595     
     2860000   128.02055431151877       -84.645299058545163        212.66585337007160     
     2870000   127.34948659630665       -82.705044230110929        210.05453082642504     
     2880000   128.72433614269059       -84.407501843241718        213.13183798593974     
     2890000   129.78160956687964       -84.502130281282021        214.28373984816929     
     2900000   134.23308280381508       -73.970056469191533        208.20313927301407     
     2910000   133.14961884668750       -75.009760757225735        208.15937960392020     
     2920000   138.04168753083414       -70.792794664721384        208.83448219556271     
     2930000   123.16416524611984       -80.340038182913020        203.50420342904016     
     2940000   129.89689085312173       -78.273587117259666        208.17047797038859     
     2950000   126.83070120053235       -85.675360759822127        212.50606196036094     
     2960000   126.77602914053335       -83.927543256211365        210.70357239675135     
     2970000   127.08258367295072       -83.790322145497754        210.87290581845500     
     2980000   122.61101256615598       -85.381614877950938        207.99262744411348     
     2990000   122.47321123593380       -86.812641751340777        209.28585298728112     
     3000000   123.21996497715648       -83.535949011137760        206.75591398830062     
     3010000   124.32165561195001       -83.625444814522382        207.94710042647895     
     3020000   130.33248495895850       -83.077196258631375        213.40968121759627     
     3030000   121.35100137106269       -86.847741650041186        208.19874302111012     
     3040000   125.92039500717506       -81.309705223135538        207.23010023031699     
     3050000   125.25355976975902       -88.454143163290652        213.70770293305608     
     3060000   126.92849528322751       -86.893042095326081        213.82153737855973     
     3070000   121.56313385902406       -85.123697034543241        206.68683089357353     
     3080000   125.18089908240923       -83.397323895737074        208.57822297815233     
     3090000   122.90725399643766       -84.401469604836862        207.30872360128038     
     3100000   127.06222628566464       -81.034461105187802        208.09668739085853     
     3110000   123.90151919408517       -81.881747485649100        205.78326667974019     
     3120000   120.18409611685404       -80.279761834605267        200.46385795146520     
     3130000   120.23673086133593       -83.534778055779611        203.77150891712176     
     3140000   125.28307853366451       -79.632755819801048        204.91583435347181     
     3150000   118.12402423892249       -83.902256417594003        202.02628065652252     
     3160000   129.10502160155761       -80.893777331158830        209.99879893272237     
     3170000   126.24678296845180       -81.176140316043401        207.42292328450068     
     3180000   120.47302588695165       -82.150485594800372        202.62351148175748     
     3190000   125.87630439816465       -82.128249442387087        208.00455384055726     
     3200000   120.41980675930918       -82.263586532633724        202.68339329194833     
