# Step Rg End_to_End
           1   186.12590362974692        644.57717636927418     
       10000   109.40421093442046        336.29447264119068     
       20000   108.10227683394453        258.86180708464008     
       30000   109.86927203453367        313.01213901920721     
       40000   123.18279577366121        323.58936745633810     
       50000   76.119092163234811        203.15209711196565     
       60000   121.27568192769512        322.29814111507915     
       70000   38.403739240874330        42.623553274972515     
       80000   66.936553582234012        158.13480725843505     
       90000   99.422228469712891        218.72282245229496     
      100000   75.536529927155243        175.89565893741698     
      110000   37.530963266729628        22.642370001215145     
      120000   55.879631649835396        53.257970307074793     
      130000   49.676835194946911        82.398430177434562     
      140000   79.050510456046723        175.95050733570943     
      150000   78.219871227513565        154.22238063140668     
      160000   66.498887491059818        163.14570525479459     
      170000   52.985422003449443        124.13058191688272     
      180000   43.717891715378563        38.480148421699695     
      190000   59.372878665312165        144.83751801689314     
      200000   52.879785745078792        128.85330321086599     
      210000   56.779293281382770        152.56403369332887     
      220000   79.372825516602461        187.90595613419472     
      230000   66.820760051979121        170.59315396924049     
      240000   69.481286365017311        135.82384503557861     
      250000   68.987008085528828        147.55891578992760     
      260000   52.793521084455335        104.27291958172583     
      270000   71.657574555802071        166.29859022824138     
      280000   49.653666611350388        87.395274180332535     
      290000   75.417479131916068        178.09597948590172     
      300000   55.057200217726958        122.04948622562527     
      310000   76.643063251964008        172.93340445274768     
      320000   57.363157714280959        127.60590966303545     
      330000   65.321828507742239        158.19749231858654     
      340000   60.838182873423726        121.99445068050649     
      350000   54.075547868866977        86.039155071191900     
      360000   60.671422206939866        119.49439749308812     
      370000   63.883212611519937        138.96955552050591     
      380000   52.188861953360117        82.902804536640105     
      390000   62.192059512563930        131.75979583111797     
      400000   65.188211499102053        132.35544768650055     
      410000   67.652895206463725        148.45679211371325     
      420000   62.785241752244715        128.23060439824874     
      430000   64.497140902660803        139.00197419144018     
      440000   52.458610033385199        73.382226987948101     
      450000   49.833689994765336        20.378467896586610     
      460000   55.199461689969453        93.618153260655603     
      470000   59.634560679867072        143.38985336896633     
      480000   65.311416340336834        140.44653970094419     
      490000   54.401902407352082        101.44349230652679     
      500000   64.517010113540621        132.10984902243658     
      510000   53.297747098692149        87.768892501206054     
      520000   56.258134678167956        113.92310277003644     
      530000   50.677470237088343        120.28610412190733     
      540000   66.484191661685870        149.88241821497283     
      550000   60.755296008846273        135.50518581315885     
      560000   46.500197042035381        111.67921958931882     
      570000   52.400570057446338        126.35797284471239     
      580000   68.645807661980143        150.55906451023870     
      590000   70.089363621149019        154.40297497874016     
      600000   71.280791854740073        142.62489243749451     
      610000   49.545989588969540        69.220520633533610     
      620000   60.141122265684999        115.23834092406942     
      630000   66.985179729999260        135.31830732751303     
      640000   60.580867161948674        128.67456909007973     
      650000   59.874986046236160        130.12203238294057     
      660000   53.555811956670098        88.137620990390246     
      670000   63.107062194930329        116.59869992202754     
      680000   53.491385271925012        92.235557369758553     
      690000   46.414934774241679        38.904956286748941     
      700000   42.940273641856102        37.602164609560305     
      710000   42.504666057442272        35.710646983830721     
      720000   42.419762845460639        43.333936906636808     
      730000   42.276981889936394        33.028924590175109     
      740000   57.104673895074399        48.457605659036538     
      750000   56.874770287276299        53.313445858286926     
      760000   48.243663438836698        27.725161091916526     
      770000   45.148856311556671        46.098749927215678     
      780000   55.173140377336033        96.954598800965172     
      790000   61.400060021338717        108.46552007931270     
      800000   49.805892508368096        60.889292333777441     
      810000   61.727431858781145        111.60043948992816     
      820000   49.493456465141790        70.516809170641537     
      830000   44.367621712821716        40.781765074117075     
      840000   42.022431329041389        50.570995745641049     
      850000   53.098791973338308        39.382924016479635     
      860000   47.545965196726463        75.867101174788999     
      870000   62.054045330356786        134.80570481976562     
      880000   44.603011119969267        28.315685844548870     
      890000   45.291406186293678        36.729672426124878     
      900000   53.669078832485056        87.465551394162233     
      910000   58.385721662902519        91.497983140281605     
      920000   60.006038457564401        108.23137764543361     
      930000   64.021082593209300        135.38313995463514     
      940000   53.348045526904123        71.978575382779113     
      950000   49.819127415502358        60.918755518607739     
      960000   55.207317534663176        95.210812250145196     
      970000   58.918053199093343        111.54859920611101     
      980000   62.627466274643972        127.99244809320892     
      990000   62.605186775710266        111.39767262890422     
     1000000   49.838351129654789        72.979868319557809     
     1010000   60.938785720918304        105.11312089898493     
     1020000   47.322916801317959        51.438812638730901     
     1030000   53.204470283207669        74.778017526443236     
     1040000   56.802312395243590        83.933454940172894     
     1050000   56.873169196814565        88.308467693482697     
     1060000   65.442934378156451        111.29847094192660     
     1070000   60.350343793236178        97.535378186004650     
     1080000   46.749957901008479        53.747411478531369     
     1090000   64.975079173308487        112.25616199681339     
     1100000   53.733915662770563        79.530183683526587     
     1110000   55.873188394781607        110.06626921413432     
     1120000   57.869598287085232        132.27359578999869     
     1130000   66.337786734969939        131.13815848562149     
     1140000   55.582282551602134        100.61123554365803     
     1150000   69.979323214824348        130.75187160680514     
     1160000   56.516542925017077        123.53356419816230     
     1170000   57.302411686038447        93.063094151801209     
     1180000   64.513231319776807        112.55725981505211     
     1190000   64.344479917303858        135.04090723375660     
     1200000   53.113674176169596        91.113870969386866     
     1210000   55.162721420151108        95.109171683672315     
     1220000   51.052818306262644        69.223998529057866     
     1230000   51.684167554221020        81.903976945024169     
     1240000   53.360082346201352        75.145139570199618     
     1250000   44.133762194391942        42.868711096392296     
     1260000   43.090833692798604        14.727447780945596     
     1270000   47.847893485932325        33.442196081775108     
     1280000   50.162927331978963        77.451961641100908     
     1290000   48.963109849818906        118.30668542407433     
     1300000   44.625608559363876        22.642877289116303     
     1310000   69.429544704272459        137.65126494002519     
     1320000   55.385823467771644        88.045076365402437     
     1330000   53.703506963340132        80.915785970950282     
     1340000   51.138178451759607        76.035623273194574     
     1350000   51.730823446391604        72.652434328936664     
     1360000   55.328715304015212        81.677406462039229     
     1370000   52.736816477853871        72.878034635010067     
     1380000   55.765087194037683        86.382050718165729     
     1390000   52.878760565606306        69.927775977643577     
     1400000   50.795062625096271        67.825687523442028     
     1410000   60.173276600890020        112.96287998655799     
     1420000   52.010773912832676        73.547798517431900     
     1430000   58.682808585123219        96.551738153330092     
     1440000   47.375002186357278        41.784678904721844     
     1450000   53.672435352974865        85.100261059150299     
     1460000   58.503003522646189        99.967303992404183     
     1470000   45.995003732707140        20.970853752225523     
     1480000   56.544836890645421        99.932886833532862     
     1490000   67.749265700661027        91.831660038006021     
     1500000   56.038162626315305        110.77328690588712     
     1510000   48.927003047880248        79.491459124891165     
     1520000   63.011690019983504        125.06752410106236     
     1530000   60.900038952389885        103.94102027805896     
     1540000   50.890699167856177        65.170887611900113     
     1550000   48.574401498649912        49.675570442435109     
     1560000   42.675858699852967        18.325028436523510     
     1570000   40.504852295492825        20.542184233355549     
     1580000   50.736225823381560        63.084474762322365     
     1590000   60.565636953613009        101.18534676117694     
     1600000   68.659755539036269        132.95022886363628     
     1610000   57.613616645206427        112.94347614170535     
     1620000   66.349847804944716        129.08389383158621     
     1630000   69.002057701510211        129.24266540706861     
     1640000   63.827257907187743        118.34164465588989     
     1650000   57.111197359519103        99.994520706561886     
     1660000   54.621151313769275        114.65918406159608     
     1670000   60.987108839658639        136.94874364069719     
     1680000   55.683769016483907        98.331483591404364     
     1690000   57.252170123913352        95.866839868643368     
     1700000   44.983363351310373        64.264726447336400     
     1710000   66.908300710575944        135.12998052305090     
     1720000   47.887810931250669        79.608731340361999     
     1730000   82.725606127239203        147.79792180505675     
     1740000   90.304792605063156        179.09628118991142     
     1750000   72.779581980063327        112.57513087833928     
     1760000   80.932257627295485        144.41463606550755     
     1770000   65.787801309802276        95.758185443948562     
     1780000   90.742488785939102        180.65204472902494     
     1790000   87.049747318726460        184.32443360173673     
     1800000   35.273601535407366        45.033073511597706     
     1810000   86.433914403859404        164.41407179609547     
     1820000   88.159033706971087        185.41992484281124     
     1830000   68.404662632987865        138.39200239421629     
     1840000   41.462186186854623        26.405572887411694     
     1850000   37.017557239501024        61.317117838456980     
     1860000   72.653078777039212        130.40493889356222     
     1870000   41.045365733647522        72.925395123013217     
     1880000   49.802439533879188        52.763553427073404     
     1890000   57.461478720728074        123.52118231264855     
     1900000   87.872075975614734        177.77916098507558     
     1910000   83.885499076783347        178.63482268353803     
     1920000   55.959953377879003        123.44983780046111     
     1930000   41.669645942376107        23.956440165337263     
     1940000   74.729056599040987        167.07015651651955     
     1950000   71.669109432628090        155.41862515207754     
     1960000   68.790376882332481        152.82585444087479     
     1970000   85.123985043898813        155.47007121985746     
     1980000   82.923993669286247        147.68559705909459     
     1990000   87.961401756819072        158.59665731263436     
     2000000   83.944681386794457        156.62367383397691     
     2010000   85.481549636748184        152.94107295105189     
     2020000   78.809522182466637        138.24210448208828     
     2030000   82.158388809758478        141.49959941332096     
     2040000   77.161689676655200        156.08353678932673     
     2050000   83.768371190747331        168.94492358954241     
     2060000   38.786588700738264        5.1668777890353565     
     2070000   88.570439097847384        165.90875092178322     
     2080000   75.283682508657208        114.46660612929539     
     2090000   85.347516689665454        153.88857290380332     
     2100000   89.592986302561783        164.90125754076763     
     2110000   45.510405652348183        28.283459973483694     
     2120000   45.183435833569000        72.762922249954514     
     2130000   76.589764085987341        136.61842501063231     
     2140000   82.560507627918597        131.69909625032091     
     2150000   53.043615956287894        39.066421245739981     
     2160000   58.894899229366175        60.145815712975704     
     2170000   49.588370170026970        29.457023994608456     
     2180000   65.859965040673700        83.151441505411171     
     2190000   60.770688276784959        100.77071278765673     
     2200000   80.947016378598846        137.15703085762294     
     2210000   55.288343827549170        51.379677943224038     
     2220000   73.272941445389890        109.87297990814960     
     2230000   42.947350337522430        4.3019041554114112     
     2240000   55.812987045001698        55.817585415922238     
     2250000   74.160887779670176        115.63880686376440     
     2260000   79.124339839029332        136.48521625167538     
     2270000   77.776241142125812        127.63061363042938     
     2280000   62.824235251042303        76.584295497348492     
     2290000   71.183508399755141        104.21795679662367     
     2300000   64.096875681259149        80.396419519618959     
     2310000   54.200083395051983        50.510375605741565     
     2320000   46.000966561520428        24.013006987640580     
     2330000   47.032148694768395        28.391613236571576     
     2340000   40.277644911914173        17.082591091241902     
     2350000   54.015430618106798        94.605501398846386     
     2360000   48.959392667605655        33.684888927563264     
     2370000   61.834571356239920        74.132029410424707     
     2380000   53.107515055212389        48.298344838364166     
     2390000   60.213410078049293        69.288850872777019     
     2400000   49.594154372196982        35.028768730632457     
     2410000   61.753493839695089        73.244504754425705     
     2420000   51.838019979332202        41.452874386980753     
     2430000   50.014005352376032        39.792220386073637     
     2440000   49.269674219268474        29.666339439741783     
     2450000   76.785730979052929        117.16059187123034     
     2460000   78.877658057283583        119.75057478215638     
     2470000   76.836920559140921        114.77190668010562     
     2480000   84.578944780538137        144.53247803465959     
     2490000   58.321817368781296        57.420436744300559     
     2500000   40.036582931204926        20.183876967181124     
     2510000   74.735155041313220        108.50552244287641     
     2520000   69.004123938791253        90.678638297059550     
     2530000   52.831778089328438        44.955764540561852     
     2540000   75.166338522641354        111.11376471534699     
     2550000   38.193323307618691        58.149371183428009     
     2560000   41.027173495533596        26.228225426225571     
     2570000   49.170947580891003        45.681587134390043     
     2580000   46.312260269439228        55.633579869803867     
     2590000   58.368633317834096        70.180340001384266     
     2600000   53.701233829704790        42.499383442083122     
     2610000   37.019103861214326        26.266131335176702     
     2620000   40.132697752689722        11.299385011123324     
     2630000   36.538015023193523        41.407059388131408     
     2640000   43.357651098733911        19.990596390993097     
     2650000   38.975571435529460        20.881633810544159     
     2660000   41.457509082717870        20.018145088977256     
     2670000   58.395330825520418        67.171612745607533     
     2680000   42.547070846090001        18.244737206225608     
     2690000   50.061380717282844        42.701835168682507     
     2700000   71.613023973988419        95.330147210133049     
     2710000   58.964941655166299        60.294985865762243     
     2720000   56.530562229764151        51.278427736574365     
     2730000   38.702138148918095        18.888377160827634     
     2740000   38.645612202781948        20.394101350925581     
     2750000   39.138810532356786        20.363154911662576     
     2760000   60.495541532764946        62.993475097414731     
     2770000   41.497856515382836        14.557323158340978     
     2780000   42.513500611121913        12.776786039414079     
     2790000   68.369639441105633        88.808257458278575     
     2800000   40.576576520789303        26.260579320852802     
     2810000   38.726070466181511        25.203622685554247     
     2820000   40.132711765481936        24.896037728093404     
     2830000   39.690035199390842        15.166460436865043     
     2840000   49.314869331716153        32.180321384420459     
     2850000   42.157511112202350        16.016032700104379     
     2860000   46.564475082653196        23.324842098842321     
     2870000   53.459023425250841        46.694216937761261     
     2880000   51.470422707890904        36.573179694063484     
     2890000   56.052759714927703        48.936262773741056     
     2900000   56.324920061087134        55.208966343001237     
     2910000   45.476919361703587        11.052979779127506     
     2920000   44.224422202730366        15.059485427969982     
     2930000   46.809812709322955        12.002777617494965     
     2940000   48.099121955188018        18.028963585640920     
     2950000   63.299957330527064        75.510071218215003     
     2960000   63.451573915797724        77.651404030245629     
     2970000   69.531361535572216        92.010702851979460     
     2980000   48.744902611621825        29.065177692285872     
     2990000   55.037006419215423        41.987125649703572     
     3000000   55.604921344992185        41.334063158410508     
     3010000   54.344120001187306        44.151155983523353     
     3020000   62.857075897513653        64.103344585771850     
     3030000   69.507908836163651        90.816138340163491     
     3040000   52.140941124119252        43.331710154128132     
     3050000   73.244108194415261        114.79746023036475     
     3060000   71.263751913286939        96.940036094712752     
     3070000   59.937992717830667        64.284490963012587     
     3080000   48.581861974336768        23.441410575141489     
     3090000   37.581576726321842        15.463126521644078     
     3100000   46.005996429997552        16.495029634082574     
     3110000   43.846037084223788        10.135210377815469     
     3120000   46.345977796085755        15.159306551810406     
     3130000   50.398925349295318        28.273816812195182     
     3140000   45.141613992870056        7.1407132769039814     
     3150000   42.452618014569104        9.7894074957661719     
     3160000   41.447443941009219        37.408792417917688     
     3170000   47.976302866238520        15.603733004443288     
     3180000   49.445978207127368        23.187533890040328     
     3190000   41.531220226374671        26.443262867502153     
     3200000   42.514073148253900        53.785440328965485     
