# Step CPU_Time_s
         1       0.000000
     10000       2.316145
     20000       4.808300
     30000       7.376461
     40000       9.912619
     50000      12.424776
     60000      14.960935
     70000      17.489093
     80000      20.029252
     90000      22.657416
    100000      25.253578
    110000      27.869741
    120000      30.473904
    130000      33.070066
    140000      35.690230
    150000      38.302393
    160000      40.942558
    170000      43.578723
    180000      46.230889
    190000      48.919057
    200000      51.643227
    210000      54.367397
    220000      57.071566
    230000      59.807737
    240000      62.547908
    250000      65.300080
    260000      68.036251
    270000      70.736420
    280000      73.472591
    290000      76.224763
    300000      78.956934
    310000      81.705106
    320000      84.449277
    330000      87.169447
    340000      89.901618
    350000      92.621788
    360000      95.365959
    370000      98.082129
    380000     100.822300
    390000     103.566472
    400000     106.322645
    410000     109.090818
    420000     111.846990
    430000     114.615162
    440000     117.383335
    450000     120.139508
    460000     122.891680
    470000     125.643852
    480000     128.368022
    490000     131.088192
    500000     133.816362
    510000     136.556534
    520000     139.280704
    530000     141.992873
    540000     144.717044
    550000     147.445214
    560000     150.181385
    570000     152.913556
    580000     155.629726
    590000     158.325894
    600000     161.006062
    610000     163.674228
    620000     166.350396
    630000     169.046564
    640000     171.722731
    650000     174.438901
    660000     177.175072
    670000     179.907243
    680000     182.639413
    690000     185.379585
    700000     188.139757
    710000     190.907930
    720000     193.676103
    730000     196.440277
    740000     199.160447
    750000     201.876616
    760000     204.588786
    770000     207.324957
    780000     210.065128
    790000     212.793299
    800000     215.521469
    810000     218.293642
    820000     221.045814
    830000     223.785986
    840000     226.530157
    850000     229.270328
    860000     232.002499
    870000     234.746670
    880000     237.486841
    890000     240.191010
    900000     242.883178
    910000     245.595348
    920000     248.307517
    930000     251.011686
    940000     253.731856
    950000     256.468027
    960000     259.176197
    970000     261.916368
    980000     264.656539
    990000     267.324707
   1000000     269.948871
   1010000     272.625038
   1020000     275.369209
   1030000     278.101380
   1040000     280.809549
   1050000     283.501718
   1060000     286.229888
   1070000     288.950058
   1080000     291.654227
   1090000     294.330394
   1100000     296.990561
   1110000     299.670728
   1120000     302.338895
   1130000     305.019062
   1140000     307.699230
   1150000     310.395398
   1160000     313.119569
   1170000     315.771734
   1180000     318.515906
   1190000     321.284079
   1200000     324.056252
   1210000     326.836426
   1220000     329.636601
   1230000     332.432775
   1240000     335.216949
   1250000     337.997123
   1260000     340.753295
   1270000     343.501467
   1280000     346.261639
   1290000     349.045813
   1300000     351.805986
   1310000     354.570158
   1320000     357.350333
   1330000     360.142507
   1340000     362.906680
   1350000     365.658852
   1360000     368.427025
   1370000     371.163196
   1380000     373.891366
   1390000     376.651539
   1400000     379.467715
   1410000     382.307892
   1420000     385.140069
   1430000     387.964246
   1440000     390.768421
   1450000     393.564596
   1460000     396.364771
   1470000     399.200948
   1480000     402.045126
   1490000     404.881303
   1500000     407.761483
   1510000     410.625662
   1520000     413.465839
   1530000     416.306017
   1540000     419.134194
   1550000     421.974371
   1560000     424.814549
   1570000     427.682728
   1580000     430.558907
   1590000     433.375083
   1600000     436.231262
   1610000     439.083440
   1620000     441.915617
   1630000     444.767795
   1640000     447.615974
   1650000     450.444151
   1660000     453.284328
   1670000     456.144507
   1680000     458.996685
   1690000     461.816862
   1700000     464.633038
   1710000     467.437213
   1720000     470.269390
   1730000     473.113568
   1740000     475.989747
   1750000     478.869927
   1760000     481.738107
   1770000     484.586285
   1780000     487.410461
   1790000     490.234638
   1800000     493.082816
   1810000     495.914993
   1820000     498.743169
   1830000     501.563346
   1840000     504.359520
   1850000     507.095691
   1860000     509.835863
   1870000     512.524031
   1880000     515.328206
   1890000     518.132381
   1900000     520.952557
   1910000     523.748732
   1920000     526.556907
   1930000     529.337081
   1940000     532.085253
   1950000     534.885428
   1960000     537.705604
   1970000     540.465777
   1980000     543.285953
   1990000     546.110129
   2000000     548.930306
   2010000     551.742481
   2020000     554.566658
   2030000     557.382834
   2040000     560.175008
   2050000     562.971183
   2060000     565.787359
   2070000     568.619536
   2080000     571.415711
   2090000     574.239887
   2100000     577.064063
   2110000     579.880240
   2120000     582.680415
   2130000     585.492590
   2140000     588.324768
   2150000     591.160945
   2160000     593.969120
   2170000     596.817298
   2180000     599.697478
   2190000     602.553657
   2200000     605.425836
   2210000     608.274014
   2220000     611.094190
   2230000     613.978371
   2240000     616.858551
   2250000     619.742731
   2260000     622.610910
   2270000     625.491090
   2280000     628.375270
   2290000     631.219449
   2300000     634.031624
   2310000     636.835800
   2320000     639.651976
   2330000     642.500154
   2340000     645.352332
   2350000     648.188509
   2360000     650.976683
   2370000     653.768858
   2380000     656.541031
   2390000     659.321205
   2400000     662.113379
   2410000     664.905554
   2420000     667.709729
   2430000     670.493903
   2440000     673.246075
   2450000     676.006248
   2460000     678.790422
   2470000     681.570595
   2480000     684.362770
   2490000     687.162945
   2500000     689.963120
   2510000     692.759295
   2520000     695.547469
   2530000     698.355644
   2540000     701.155819
   2550000     703.971995
   2560000     706.772170
   2570000     709.600347
   2580000     712.416523
   2590000     715.216698
   2600000     718.028873
   2610000     720.861050
   2620000     723.697228
   2630000     726.513404
   2640000     729.293577
   2650000     732.057750
   2660000     734.829923
   2670000     737.594096
   2680000     740.394271
   2690000     743.222448
   2700000     746.022623
   2710000     748.818798
   2720000     751.650975
   2730000     754.475151
   2740000     757.231323
   2750000     759.975495
   2760000     762.751668
   2770000     765.531842
   2780000     768.352018
   2790000     771.156194
   2800000     773.948368
   2810000     776.760544
   2820000     779.568719
   2830000     782.392896
   2840000     785.205072
   2850000     788.005247
   2860000     790.725417
   2870000     793.493589
   2880000     796.245761
   2890000     799.005934
   2900000     801.778107
   2910000     804.486276
   2920000     807.206447
   2930000     809.942618
   2940000     812.694790
   2950000     815.442962
   2960000     818.179133
   2970000     820.863300
   2980000     823.587471
   2990000     826.335642
   3000000     829.023810
   3010000     831.683977
   3020000     834.360144
   3030000     837.032311
   3040000     839.692477
   3050000     842.360644
   3060000     845.036811
   3070000     847.728979
   3080000     850.401146
   3090000     853.101315
   3100000     855.841486
   3110000     858.581657
   3120000     861.329829
   3130000     864.049999
   3140000     866.750168
   3150000     869.454337
   3160000     872.194508
   3170000     874.946680
   3180000     877.690852
   3190000     880.447024
   3200000     883.183195
   3210000     885.935367
   3220000     888.703540
   3230000     891.447711
   3240000     894.183882
   3250000     896.948055
   3260000     899.700227
   3270000     902.416397
   3280000     905.132567
   3290000     907.868738
   3300000     910.592908
   3310000     913.321079
   3320000     916.081251
   3330000     918.837424
   3340000     921.593596
   3350000     924.337767
   3360000     927.081939
   3370000     929.838111
   3380000     932.602284
   3390000     935.366457
   3400000     938.090627
   3410000     940.814797
   3420000     943.566969
   3430000     946.315141
   3440000     949.027310
   3450000     951.771482
   3460000     954.491652
   3470000     957.231823
   3480000     959.999996
   3490000     962.772169
   3500000     965.560343
   3510000     968.340517
   3520000     971.156693
   3530000     973.964869
   3540000     976.773044
   3550000     979.585220
   3560000     982.369394
   3570000     985.145567
   3580000     987.897739
   3590000     990.685914
   3600000     993.466087
   3610000     996.286264
   3620000     999.082438
   3630000    1001.878613
   3640000    1004.674788
   3650000    1007.422960
   3660000    1010.171131
   3670000    1012.907302
   3680000    1015.655474
   3690000    1018.427647
   3700000    1021.187820
   3710000    1023.979994
   3720000    1026.732166
   3730000    1029.496339
   3740000    1032.280513
   3750000    1035.056686
   3760000    1037.824859
   3770000    1040.585032
   3780000    1043.361205
   3790000    1046.145379
   3800000    1048.925553
   3810000    1051.729728
   3820000    1054.505902
   3830000    1057.282075
   3840000    1060.038248
   3850000    1062.802420
   3860000    1065.578594
   3870000    1068.350767
   3880000    1071.130941
   3890000    1073.911115
   3900000    1076.695288
   3910000    1079.455461
   3920000    1082.239636
   3930000    1085.035810
   3940000    1087.827985
   3950000    1090.624159
   3960000    1093.436335
   3970000    1096.236510
   3980000    1099.036685
   3990000    1101.832860
   4000000    1104.641036
   4010000    1107.429210
   4020000    1110.217384
   4030000    1113.005558
   4040000    1115.817734
   4050000    1118.621909
   4060000    1121.422084
   4070000    1124.238260
   4080000    1127.026434
   4090000    1129.802608
   4100000    1132.586782
   4110000    1135.342954
   4120000    1138.115127
   4130000    1140.891301
   4140000    1143.683475
   4150000    1146.451648
   4160000    1149.251823
   4170000    1152.027996
   4180000    1154.800170
   4190000    1157.564342
   4200000    1160.348516
   4210000    1163.132691
   4220000    1165.912865
   4230000    1168.717040
   4240000    1171.457211
   4250000    1174.209383
   4260000    1176.993557
   4270000    1179.753730
   4280000    1182.505902
   4290000    1185.270075
   4300000    1188.022247
   4310000    1190.794420
   4320000    1193.570593
   4330000    1196.338766
   4340000    1199.098939
   4350000    1201.859111
   4360000    1204.631285
   4370000    1207.423459
   4380000    1210.191632
   4390000    1212.963805
   4400000    1215.735979
   4410000    1218.484150
   4420000    1221.280325
   4430000    1224.092501
   4440000    1226.880675
   4450000    1229.680850
   4460000    1232.469024
   4470000    1235.285200
   4480000    1238.113377
   4490000    1240.905551
   4500000    1243.689725
   4510000    1246.485900
   4520000    1249.290075
   4530000    1252.086250
   4540000    1254.882425
   4550000    1257.710601
   4560000    1260.534778
   4570000    1263.322952
   4580000    1266.135128
   4590000    1268.979306
   4600000    1271.815483
   4610000    1274.631659
   4620000    1277.443835
   4630000    1280.252010
   4640000    1283.072186
   4650000    1285.876362
   4660000    1288.696538
   4670000    1291.520714
   4680000    1294.344891
   4690000    1297.177068
   4700000    1300.021246
   4710000    1302.833421
   4720000    1305.653598
   4730000    1308.473774
   4740000    1311.293950
   4750000    1314.114126
   4760000    1316.914301
   4770000    1319.726477
   4780000    1322.546653
   4790000    1325.350828
   4800000    1328.155004
   4810000    1330.959179
   4820000    1333.743353
   4830000    1336.519526
   4840000    1339.331702
   4850000    1342.123877
   4860000    1344.924052
   4870000    1347.708226
   4880000    1350.480400
   4890000    1353.268574
   4900000    1356.056748
   4910000    1358.876924
   4920000    1361.653098
   4930000    1364.437272
   4940000    1367.249447
   4950000    1370.049622
   4960000    1372.857797
   4970000    1375.689975
   4980000    1378.514152
   4990000    1381.346329
   5000000    1384.162505
   5010000    1386.994682
   5020000    1389.818858
   5030000    1392.635034
   5040000    1395.455210
   5050000    1398.295388
   5060000    1401.119564
   5070000    1403.931740
   5080000    1406.783918
   5090000    1409.624096
   5100000    1412.472274
   5110000    1415.312451
   5120000    1418.144628
   5130000    1420.984806
   5140000    1423.816983
   5150000    1426.669161
   5160000    1429.489337
   5170000    1432.309513
   5180000    1435.145690
   5190000    1437.969867
   5200000    1440.810044
   5210000    1443.630221
   5220000    1446.454397
   5230000    1449.302575
   5240000    1452.138752
   5250000    1454.974930
   5260000    1457.771104
   5270000    1460.543278
   5280000    1463.315451
   5290000    1466.083624
   5300000    1468.875798
   5310000    1471.675973
   5320000    1474.500150
   5330000    1477.320327
   5340000    1480.148503
   5350000    1482.944678
   5360000    1485.740853
   5370000    1488.549028
   5380000    1491.361204
   5390000    1494.149378
   5400000    1496.921551
   5410000    1499.713726
   5420000    1502.517901
   5430000    1505.330077
   5440000    1508.170254
   5450000    1511.010432
   5460000    1513.778605
   5470000    1516.570779
   5480000    1519.362954
   5490000    1522.155128
   5500000    1524.959303
   5510000    1527.735477
   5520000    1530.531652
   5530000    1533.335827
   5540000    1536.148003
   5550000    1538.960178
   5560000    1541.772354
   5570000    1544.596531
   5580000    1547.432708
   5590000    1550.228883
   5600000    1553.049059
   5610000    1555.889237
   5620000    1558.709413
   5630000    1561.533590
   5640000    1564.369767
   5650000    1567.197943
   5660000    1570.038121
   5670000    1572.866298
   5680000    1575.670473
   5690000    1578.526651
   5700000    1581.358828
   5710000    1584.175004
   5720000    1587.027183
   5730000    1589.883361
   5740000    1592.715538
   5750000    1595.559716
   5760000    1598.383892
   5770000    1601.200069
   5780000    1604.036246
   5790000    1606.864422
   5800000    1609.720601
   5810000    1612.564779
   5820000    1615.364954
   5830000    1618.177129
   5840000    1620.993305
   5850000    1623.789480
   5860000    1626.605656
   5870000    1629.409831
   5880000    1632.214007
   5890000    1635.018182
   5900000    1637.814357
   5910000    1640.618532
   5920000    1643.438708
   5930000    1646.290886
   5940000    1649.127064
   5950000    1651.959241
   5960000    1654.791418
   5970000    1657.607594
   5980000    1660.423770
   5990000    1663.247946
   6000000    1666.088124
   6010000    1668.912300
   6020000    1671.748477
   6030000    1674.580654
   6040000    1677.400831
   6050000    1680.225007
   6060000    1683.009181
   6070000    1685.801356
   6080000    1688.581529
   6090000    1691.385704
   6100000    1694.205881
   6110000    1697.050058
   6120000    1699.866234
   6130000    1702.678410
   6140000    1705.486585
   6150000    1708.318762
   6160000    1711.142939
   6170000    1713.975116
   6180000    1716.827295
   6190000    1719.655472
   6200000    1722.471648
   6210000    1725.295824
   6220000    1728.140002
   6230000    1730.964178
   6240000    1733.804356
   6250000    1736.624532
   6260000    1739.464710
   6270000    1742.272885
   6280000    1745.113063
   6290000    1747.933239
   6300000    1750.753415
   6310000    1753.573591
   6320000    1756.405768
   6330000    1759.241945
   6340000    1762.054121
   6350000    1764.882298
   6360000    1767.718475
   6370000    1770.566653
   6380000    1773.414831
   6390000    1776.255009
   6400000    1779.107187
   6410000    1781.959365
   6420000    1784.803543
   6430000    1787.647720
   6440000    1790.491898
   6450000    1793.344076
   6460000    1796.196255
   6470000    1799.028432
   6480000    1801.884610
   6490000    1804.728788
   6500000    1807.572966
   6510000    1810.437144
   6520000    1813.285322
   6530000    1816.157502
   6540000    1819.025682
   6550000    1821.869860
   6560000    1824.738039
   6570000    1827.598217
   6580000    1830.450395
   6590000    1833.314574
   6600000    1836.170753
   6610000    1839.026932
   6620000    1841.863109
   6630000    1844.707287
   6640000    1847.555465
   6650000    1850.403643
   6660000    1853.243820
   6670000    1856.099998
   6680000    1858.956177
   6690000    1861.792354
   6700000    1864.648532
   6710000    1867.496710
   6720000    1870.340888
   6730000    1873.205067
   6740000    1876.029244
   6750000    1878.889422
   6760000    1881.741601
   6770000    1884.605780
   6780000    1887.461958
   6790000    1890.318137
   6800000    1893.166315
   6810000    1896.022493
   6820000    1898.890672
   6830000    1901.734850
   6840000    1904.595029
   6850000    1907.467208
   6860000    1910.319387
   6870000    1913.187566
   6880000    1916.051745
   6890000    1918.899923
   6900000    1921.756101
   6910000    1924.596279
   6920000    1927.432456
   6930000    1930.268633
   6940000    1933.120812
   6950000    1935.948988
   6960000    1938.793166
   6970000    1941.673346
   6980000    1944.521524
   6990000    1947.373702
   7000000    1950.221880
   7010000    1953.082059
   7020000    1955.942238
   7030000    1958.798417
   7040000    1961.654596
   7050000    1964.534776
   7060000    1967.414956
   7070000    1970.275134
   7080000    1973.115312
   7090000    1975.963490
   7100000    1978.823668
   7110000    1981.655845
   7120000    1984.500023
   7130000    1987.356202
   7140000    1990.236381
   7150000    1993.108561
   7160000    1995.988741
   7170000    1998.860920
   7180000    2001.737100
   7190000    2004.609279
   7200000    2007.485459
   7210000    2010.349638
   7220000    2013.177815
   7230000    2016.029993
   7240000    2018.886172
   7250000    2021.722349
   7260000    2024.602529
   7270000    2027.470708
   7280000    2030.326887
   7290000    2033.179066
   7300000    2036.027244
   7310000    2038.883422
   7320000    2041.747601
   7330000    2044.607780
   7340000    2047.471959
   7350000    2050.336138
   7360000    2053.196316
   7370000    2056.056495
   7380000    2058.908673
   7390000    2061.756851
   7400000    2064.625031
   7410000    2067.489210
   7420000    2070.385390
   7430000    2073.273571
   7440000    2076.161751
   7450000    2079.037931
   7460000    2081.930112
   7470000    2084.806292
   7480000    2087.662470
   7490000    2090.506648
   7500000    2093.362826
   7510000    2096.227005
   7520000    2099.063182
   7530000    2101.931362
   7540000    2104.787541
   7550000    2107.639719
   7560000    2110.503898
   7570000    2113.372077
   7580000    2116.244257
   7590000    2119.120437
   7600000    2121.988616
   7610000    2124.880796
   7620000    2127.756976
   7630000    2130.625155
   7640000    2133.509335
   7650000    2136.361513
   7660000    2139.249694
   7670000    2142.101872
   7680000    2144.950050
   7690000    2147.830230
   7700000    2150.698409
   7710000    2153.582590
   7720000    2156.490771
   7730000    2159.362951
   7740000    2162.243131
   7750000    2165.131311
   7760000    2168.003491
   7770000    2170.851669
   7780000    2173.695847
   7790000    2176.548025
   7800000    2179.384202
   7810000    2182.240381
   7820000    2185.124561
   7830000    2187.976739
   7840000    2190.824917
   7850000    2193.673095
   7860000    2196.521273
   7870000    2199.373451
   7880000    2202.221629
   7890000    2205.065807
   7900000    2207.905985
   7910000    2210.738162
   7920000    2213.534336
   7930000    2216.342512
   7940000    2219.158688
   7950000    2222.002866
   7960000    2224.879045
   7970000    2227.779227
   7980000    2230.659407
   7990000    2233.551587
   8000000    2236.439768
   8010000    2239.307947
   8020000    2242.196128
   8030000    2245.080308
   8040000    2247.956488
   8050000    2250.856669
   8060000    2253.752850
   8070000    2256.637030
   8080000    2259.517210
   8090000    2262.405391
   8100000    2265.289572
   8110000    2268.177752
   8120000    2271.057932
   8130000    2273.950113
   8140000    2276.842294
   8150000    2279.714473
   8160000    2282.582652
   8170000    2285.458832
   8180000    2288.311010
   8190000    2291.163188
   8200000    2294.023367
   8210000    2296.851544
   8220000    2299.671720
   8230000    2302.499897
   8240000    2305.344074
   8250000    2308.204253
   8260000    2311.048431
   8270000    2313.900610
   8280000    2316.772789
   8290000    2319.600966
   8300000    2322.425142
   8310000    2325.253319
   8320000    2328.105497
   8330000    2330.953675
   8340000    2333.793853
   8350000    2336.598028
   8360000    2339.350200
   8370000    2342.130374
   8380000    2344.914548
   8390000    2347.710723
   8400000    2350.554900
   8410000    2353.379077
   8420000    2356.223254
   8430000    2359.055431
   8440000    2361.903609
   8450000    2364.747787
   8460000    2367.587964
   8470000    2370.428142
   8480000    2373.288321
   8490000    2376.116497
   8500000    2378.968675
   8510000    2381.804853
   8520000    2384.633029
   8530000    2387.485208
   8540000    2390.313384
   8550000    2393.181564
   8560000    2396.033742
   8570000    2398.893921
   8580000    2401.738098
   8590000    2404.594277
   8600000    2407.454456
   8610000    2410.306634
   8620000    2413.190814
   8630000    2416.054993
   8640000    2418.911172
   8650000    2421.775351
   8660000    2424.619528
   8670000    2427.447705
   8680000    2430.279882
   8690000    2433.124060
   8700000    2435.952237
   8710000    2438.784414
   8720000    2441.636592
   8730000    2444.468769
   8740000    2447.316947
   8750000    2450.145124
   8760000    2452.993302
   8770000    2455.849480
   8780000    2458.709659
   8790000    2461.565837
   8800000    2464.422016
   8810000    2467.262193
   8820000    2470.122372
   8830000    2472.986551
   8840000    2475.846730
   8850000    2478.718909
   8860000    2481.595089
   8870000    2484.463268
   8880000    2487.339448
   8890000    2490.219628
   8900000    2493.099808
   8910000    2495.959987
   8920000    2498.828166
   8930000    2501.696345
   8940000    2504.556524
   8950000    2507.432704
   8960000    2510.292883
   8970000    2513.169063
   8980000    2516.041242
   8990000    2518.917422
   9000000    2521.781601
   9010000    2524.645780
   9020000    2527.509959
   9030000    2530.326135
   9040000    2533.186314
   9050000    2536.042492
   9060000    2538.910672
   9070000    2541.758849
   9080000    2544.595027
   9090000    2547.455206
   9100000    2550.323385
   9110000    2553.147561
   9120000    2556.007740
   9130000    2558.855918
   9140000    2561.704096
   9150000    2564.536273
   9160000    2567.376450
   9170000    2570.228629
   9180000    2573.124810
   9190000    2576.000989
   9200000    2578.877169
   9210000    2581.741348
   9220000    2584.621528
   9230000    2587.497708
   9240000    2590.361887
   9250000    2593.234066
   9260000    2596.086244
   9270000    2598.958425
   9280000    2601.830604
   9290000    2604.682782
   9300000    2607.526960
   9310000    2610.387139
   9320000    2613.255318
   9330000    2616.115497
   9340000    2618.987676
   9350000    2621.871857
   9360000    2624.748036
   9370000    2627.624216
   9380000    2630.500396
   9390000    2633.388576
   9400000    2636.268756
   9410000    2639.132935
   9420000    2642.009115
   9430000    2644.881294
   9440000    2647.761474
   9450000    2650.637654
   9460000    2653.521834
   9470000    2656.406014
   9480000    2659.266193
   9490000    2662.134372
   9500000    2665.018553
   9510000    2667.890732
   9520000    2670.762911
   9530000    2673.627090
   9540000    2676.499270
   9550000    2679.399451
   9560000    2682.299632
   9570000    2685.155811
   9580000    2688.015990
   9590000    2690.916171
   9600000    2693.788350
   9610000    2696.636528
   9620000    2699.484706
   9630000    2702.348885
   9640000    2705.197063
   9650000    2708.057242
   9660000    2710.909420
   9670000    2713.789600
   9680000    2716.637778
   9690000    2719.501957
   9700000    2722.362136
   9710000    2725.230315
   9720000    2728.098495
   9730000    2730.954673
   9740000    2733.818852
   9750000    2736.683031
   9760000    2739.555211
   9770000    2742.423391
   9780000    2745.307571
   9790000    2748.191751
   9800000    2751.083932
   9810000    2753.952111
   9820000    2756.848292
   9830000    2759.740473
   9840000    2762.592651
   9850000    2765.480832
   9860000    2768.365012
   9870000    2771.237191
   9880000    2774.109371
   9890000    2776.985551
   9900000    2779.845729
   9910000    2782.721909
   9920000    2785.598088
   9930000    2788.458267
   9940000    2791.326446
   9950000    2794.194626
   9960000    2797.046804
   9970000    2799.898982
   9980000    2802.771162
   9990000    2805.623340
  10000000    2808.511521
