# Step E_total E_lj E_tors
         1        -5.0531        -5.0531         0.0000
     10000        40.1411        -8.0513        48.1924
     20000        29.6157       -25.3846        55.0003
     30000        32.4751       -24.1514        56.6265
     40000        28.0769       -24.1544        52.2313
     50000        33.2372       -22.5394        55.7766
     60000        28.3295       -24.4645        52.7940
     70000        32.3432       -24.8165        57.1597
     80000        38.8376       -25.0485        63.8861
     90000        33.1127       -29.3919        62.5046
    100000        30.2891       -30.7358        61.0250
    110000        39.3785       -22.6749        62.0534
    120000        33.6216       -28.2008        61.8225
    130000        28.1330       -31.0725        59.2055
    140000        28.5920       -31.9711        60.5631
    150000        33.1062       -27.4704        60.5766
    160000        30.6894       -34.5197        65.2090
    170000        34.5336       -31.9250        66.4586
    180000        27.5046       -33.8187        61.3233
    190000        26.3660       -36.0330        62.3990
    200000        26.8016       -38.6861        65.4876
    210000        25.4656       -41.1190        66.5846
    220000        22.7084       -37.8898        60.5982
    230000        34.9200       -33.4323        68.3523
    240000        27.1459       -40.5834        67.7293
    250000        19.2377       -39.4682        58.7060
    260000        21.8403       -36.1926        58.0329
    270000        24.3126       -42.2604        66.5731
    280000        19.6189       -43.1158        62.7347
    290000        21.5603       -40.7735        62.3338
    300000        26.0049       -42.9633        68.9683
    310000        21.8810       -45.6654        67.5464
    320000        27.9030       -40.0883        67.9913
    330000        28.8867       -39.6025        68.4892
    340000        30.6099       -38.4507        69.0605
    350000        30.0509       -41.0471        71.0980
    360000        25.6369       -44.1021        69.7390
    370000        23.4657       -44.0710        67.5366
    380000        28.2405       -41.1958        69.4362
    390000        20.9350       -43.8514        64.7865
    400000        15.7875       -46.1814        61.9689
    410000        18.8241       -45.9864        64.8105
    420000        18.2862       -46.1784        64.4646
    430000        23.5303       -43.2001        66.7303
    440000        26.0013       -44.4155        70.4168
    450000        30.5579       -38.7824        69.3402
    460000        31.4092       -38.5400        69.9493
    470000        29.5453       -40.0031        69.5485
    480000        27.5386       -41.7336        69.2722
    490000        30.4985       -38.4211        68.9196
    500000        25.4966       -41.7109        67.2075
    510000        28.8384       -41.0896        69.9280
    520000        26.6497       -41.0013        67.6510
    530000        26.2803       -43.3907        69.6710
    540000        26.5170       -46.5149        73.0319
    550000        33.5281       -39.8482        73.3762
    560000        25.5294       -42.6534        68.1828
    570000        25.4728       -44.7198        70.1926
    580000        27.4585       -38.3852        65.8437
    590000        29.1180       -39.7365        68.8545
    600000        33.8877       -34.5256        68.4133
    610000        29.6221       -34.8316        64.4536
    620000        44.5549       -28.9765        73.5314
    630000        41.5415       -30.6646        72.2061
    640000        36.2406       -35.6533        71.8939
    650000        35.6467       -41.5608        77.2075
    660000        32.8535       -40.5452        73.3987
    670000        25.6061       -45.4526        71.0587
    680000        27.9495       -42.2549        70.2044
    690000        24.9850       -44.2958        69.2808
    700000        28.5999       -45.3161        73.9160
    710000        22.3302       -46.7349        69.0651
    720000        26.6092       -45.2296        71.8389
    730000        25.9792       -39.1008        65.0800
    740000        28.3419       -40.7357        69.0776
    750000        29.4413       -40.3354        69.7766
    760000        28.5478       -39.1708        67.7187
    770000        26.6642       -44.5040        71.1682
    780000        30.1285       -41.9283        72.0569
    790000        33.2819       -39.0646        72.3465
    800000        33.0380       -38.9309        71.9689
    810000        32.3499       -43.6663        76.0163
    820000        28.1060       -45.0784        73.1844
    830000        28.5438       -45.4819        74.0258
    840000        32.1328       -42.9787        75.1115
    850000        38.3402       -39.4501        77.7903
    860000        29.0808       -44.6445        73.7254
    870000        28.8272       -43.9994        72.8266
    880000        36.5035       -37.8348        74.3383
    890000        32.2571       -39.9790        72.2361
    900000        37.6454       -36.8268        74.4723
    910000        34.9993       -35.2604        70.2597
    920000        40.4397       -38.7693        79.2090
    930000        32.4975       -42.0286        74.5261
    940000        27.3004       -44.7530        72.0534
    950000        31.8421       -40.9786        72.8208
    960000        30.7011       -42.9297        73.6307
    970000        36.0162       -41.1621        77.1783
    980000        30.0309       -41.6162        71.6471
    990000        30.3486       -36.7261        67.0747
   1000000        31.1530       -37.0140        68.1670
   1010000        35.4610       -46.7848        82.2458
   1020000        27.0945       -43.6293        70.7238
   1030000        30.9000       -40.5152        71.4152
   1040000        32.4991       -41.0370        73.5361
   1050000        22.8956       -45.6236        68.5192
   1060000        28.5179       -39.8742        68.3921
   1070000        34.7175       -39.2349        73.9524
   1080000        34.1364       -37.1976        71.3339
   1090000        34.9938       -30.2981        65.2919
   1100000        38.0763       -34.8543        72.9306
   1110000        31.0766       -37.0870        68.1636
   1120000        33.9457       -36.2771        70.2228
   1130000        30.3746       -39.8532        70.2278
   1140000        38.2981       -34.7222        73.0202
   1150000        25.6793       -43.2644        68.9437
   1160000        33.4404       -39.3817        72.8221
   1170000        38.6502       -41.8816        80.5319
   1180000        26.3923       -52.1711        78.5633
   1190000        24.9699       -52.3334        77.3033
   1200000        28.2659       -49.6363        77.9022
   1210000        28.8615       -50.4382        79.2997
   1220000        26.4621       -51.5486        78.0107
   1230000        23.8818       -51.1852        75.0670
   1240000        25.0651       -53.6169        78.6821
   1250000        24.8378       -50.8512        75.6891
   1260000        20.9497       -52.3205        73.2702
   1270000        28.0595       -50.1648        78.2243
   1280000        25.1491       -51.1846        76.3338
   1290000        24.2045       -51.4837        75.6883
   1300000        23.8412       -54.6166        78.4578
   1310000        21.6650       -56.2540        77.9190
   1320000        35.3054       -47.7618        83.0672
   1330000        27.8472       -52.7819        80.6291
   1340000        27.2852       -48.2355        75.5206
   1350000        28.2328       -55.8050        84.0378
   1360000        30.1542       -46.3973        76.5515
   1370000        38.3594       -40.1496        78.5090
   1380000        40.6356       -41.3761        82.0118
   1390000        26.4927       -54.2514        80.7442
   1400000        30.4131       -48.4156        78.8286
   1410000        31.5146       -49.7491        81.2637
   1420000        31.2342       -46.5037        77.7379
   1430000        29.3425       -49.9033        79.2458
   1440000        31.9299       -43.9410        75.8709
   1450000        29.7075       -42.1285        71.8360
   1460000        28.6208       -43.1438        71.7646
   1470000        21.7252       -52.0073        73.7325
   1480000        25.0822       -50.6847        75.7668
   1490000        25.6084       -50.5947        76.2031
   1500000        24.1537       -53.2636        77.4173
   1510000        25.3061       -53.5248        78.8309
   1520000        28.8043       -50.5287        79.3330
   1530000        34.5905       -49.4460        84.0365
   1540000        37.6088       -48.8611        86.4700
   1550000        32.5861       -49.8929        82.4790
   1560000        29.6000       -49.6184        79.2184
   1570000        32.4909       -52.3685        84.8594
   1580000        32.4848       -55.7325        88.2173
   1590000        38.6915       -49.0628        87.7543
   1600000        29.6130       -49.1406        78.7536
   1610000        30.9802       -46.5098        77.4900
   1620000        29.6694       -50.2217        79.8911
   1630000        29.1031       -49.3306        78.4337
   1640000        25.7957       -48.6329        74.4285
   1650000        25.3003       -47.3810        72.6814
   1660000        30.9333       -48.9513        79.8847
   1670000        25.8220       -53.5962        79.4183
   1680000        32.8752       -48.3454        81.2206
   1690000        32.5025       -50.7026        83.2052
   1700000        35.8797       -49.1681        85.0478
   1710000        33.0278       -51.1644        84.1922
   1720000        26.6951       -53.4208        80.1159
   1730000        25.5755       -54.6468        80.2223
   1740000        30.0269       -52.5597        82.5867
   1750000        30.8461       -46.8473        77.6934
   1760000        24.6471       -53.1337        77.7807
   1770000        27.8318       -53.3474        81.1792
   1780000        28.5096       -52.7637        81.2733
   1790000        22.9666       -56.6112        79.5778
   1800000        32.8214       -47.8926        80.7141
   1810000        32.3175       -51.2761        83.5935
   1820000        33.4951       -44.2229        77.7180
   1830000        28.0973       -45.7630        73.8603
   1840000        25.1928       -45.3618        70.5546
   1850000        32.6443       -40.9890        73.6334
   1860000        32.6784       -39.8200        72.4984
   1870000        32.5883       -44.2553        76.8437
   1880000        27.3000       -50.2225        77.5225
   1890000        24.5148       -50.7416        75.2564
   1900000        26.3555       -48.9519        75.3074
   1910000        27.0907       -46.6804        73.7711
   1920000        27.2904       -46.0681        73.3585
   1930000        29.5758       -46.7407        76.3165
   1940000        23.7619       -49.6831        73.4450
   1950000        25.5773       -51.5370        77.1142
   1960000        30.0851       -45.2693        75.3544
   1970000        20.4487       -48.2398        68.6885
   1980000        23.1528       -47.4666        70.6195
   1990000        14.7435       -56.2670        71.0105
   2000000        20.5134       -52.7956        73.3090
   2010000        19.1708       -52.2239        71.3948
   2020000        17.0725       -53.9459        71.0184
   2030000        16.0447       -52.5118        68.5565
   2040000        23.1622       -50.5995        73.7617
   2050000        19.6275       -48.2828        67.9104
   2060000        22.2810       -52.6595        74.9405
   2070000        24.0911       -50.5122        74.6033
   2080000        23.6074       -48.6774        72.2848
   2090000        20.6221       -53.7739        74.3959
   2100000        24.5824       -53.8577        78.4401
   2110000        22.1407       -50.5421        72.6829
   2120000        24.0947       -53.2217        77.3164
   2130000        24.7504       -52.7561        77.5065
   2140000        25.7756       -51.2550        77.0306
   2150000        19.0995       -55.5377        74.6372
   2160000        20.2681       -56.6636        76.9317
   2170000        26.0816       -52.2598        78.3413
   2180000        21.2289       -58.6452        79.8741
   2190000        25.2506       -55.4774        80.7280
   2200000        24.4943       -55.2023        79.6966
   2210000        24.1950       -54.2493        78.4444
   2220000        23.6555       -54.3491        78.0046
   2230000        22.6277       -54.4065        77.0342
   2240000        19.6079       -55.3385        74.9465
   2250000        25.0570       -55.1599        80.2168
   2260000        23.6145       -53.8789        77.4934
   2270000        25.7819       -54.5984        80.3803
   2280000        21.4320       -55.2717        76.7036
   2290000        21.5856       -50.5117        72.0974
   2300000        26.5611       -47.2678        73.8289
   2310000        26.3264       -51.2400        77.5665
   2320000        27.0055       -46.0186        73.0241
   2330000        25.0143       -49.6384        74.6527
   2340000        25.8274       -55.0831        80.9105
   2350000        27.7459       -51.0220        78.7680
   2360000        26.0425       -47.4868        73.5293
   2370000        35.4101       -45.1488        80.5589
   2380000        25.5938       -49.0421        74.6359
   2390000        26.3845       -46.5230        72.9075
   2400000        20.6116       -49.0208        69.6325
   2410000        19.3905       -50.7319        70.1224
   2420000        20.1119       -47.7337        67.8456
   2430000        23.2733       -44.3978        67.6710
   2440000        26.1692       -42.3450        68.5142
   2450000        25.5395       -44.4538        69.9932
   2460000        20.2840       -47.0168        67.3007
   2470000        20.9273       -48.1623        69.0896
   2480000        24.9049       -45.9207        70.8256
   2490000        26.3884       -48.7586        75.1470
   2500000        29.5834       -47.8804        77.4638
   2510000        22.8454       -51.9309        74.7763
   2520000        19.8737       -49.2687        69.1424
   2530000        20.6970       -50.8964        71.5934
   2540000        26.1200       -46.4845        72.6045
   2550000        21.3934       -51.0266        72.4199
   2560000        22.2458       -49.4356        71.6814
   2570000        23.8014       -52.8220        76.6234
   2580000        34.5329       -43.2448        77.7777
   2590000        28.6277       -44.9532        73.5810
   2600000        22.1218       -53.2276        75.3495
   2610000        23.6823       -52.9214        76.6037
   2620000        30.6848       -45.1530        75.8378
   2630000        22.8637       -49.9430        72.8067
   2640000        22.4507       -50.6827        73.1334
   2650000        23.1663       -50.2685        73.4348
   2660000        17.9318       -53.4746        71.4065
   2670000        17.1928       -50.9611        68.1539
   2680000        24.8914       -46.7556        71.6470
   2690000        31.3455       -43.5921        74.9376
   2700000        21.8188       -50.0526        71.8714
   2710000        25.4712       -47.5562        73.0274
   2720000        20.2221       -49.6075        69.8296
   2730000        23.0660       -46.3346        69.4007
   2740000        38.7707       -33.0203        71.7910
   2750000        24.9526       -42.2909        67.2434
   2760000        25.0334       -44.8632        69.8966
   2770000        24.9272       -45.2134        70.1407
   2780000        20.2412       -48.9054        69.1466
   2790000        26.0658       -45.9294        71.9952
   2800000        25.7376       -46.7590        72.4966
   2810000        25.3168       -51.4397        76.7565
   2820000        24.7163       -48.6858        73.4021
   2830000        21.2916       -52.4985        73.7901
   2840000        21.8866       -51.7669        73.6535
   2850000        24.2496       -44.6597        68.9093
   2860000        28.3091       -41.4470        69.7561
   2870000        20.9177       -47.3725        68.2902
   2880000        26.4197       -42.7635        69.1832
   2890000        30.4525       -44.0003        74.4528
   2900000        33.2780       -41.8416        75.1197
   2910000        31.0823       -46.9960        78.0783
   2920000        34.4051       -38.1006        72.5057
   2930000        30.8690       -43.3674        74.2365
   2940000        26.9103       -43.9218        70.8320
   2950000        26.6503       -46.9247        73.5750
   2960000        25.0293       -42.8797        67.9090
   2970000        27.2247       -42.3168        69.5416
   2980000        25.4563       -40.6624        66.1187
   2990000        34.1466       -40.8013        74.9479
   3000000        31.3934       -42.4810        73.8744
   3010000        34.5551       -34.7145        69.2696
   3020000        30.4713       -42.3796        72.8509
   3030000        34.3688       -36.9699        71.3387
   3040000        39.4444       -38.7102        78.1546
   3050000        32.2335       -44.3330        76.5665
   3060000        30.6349       -40.7589        71.3938
   3070000        32.8440       -39.4663        72.3103
   3080000        44.8860       -34.2427        79.1287
   3090000        37.2736       -44.3160        81.5896
   3100000        33.1998       -43.8945        77.0942
   3110000        35.8319       -39.5089        75.3408
   3120000        32.5795       -45.7251        78.3046
   3130000        31.7223       -43.4122        75.1345
   3140000        30.0621       -46.7741        76.8362
   3150000        35.6010       -45.4124        81.0134
   3160000        32.3957       -45.9540        78.3497
   3170000        41.7450       -39.7956        81.5406
   3180000        37.0730       -47.5419        84.6150
   3190000        34.7643       -45.8959        80.6602
   3200000        26.0333       -52.0298        78.0631
   3210000        31.9850       -50.3962        82.3812
   3220000        29.3677       -48.0222        77.3899
   3230000        30.6435       -46.8662        77.5097
   3240000        34.9746       -44.7844        79.7589
   3250000        28.5663       -51.7564        80.3226
   3260000        35.8080       -42.2457        78.0537
   3270000        29.3875       -46.1969        75.5845
   3280000        30.5249       -44.1922        74.7172
   3290000        26.8651       -45.9186        72.7837
   3300000        30.6257       -43.8332        74.4589
   3310000        28.8960       -43.3938        72.2898
   3320000        30.1558       -47.9083        78.0641
   3330000        26.7851       -50.1685        76.9536
   3340000        31.4177       -43.0196        74.4373
   3350000        27.6680       -48.3324        76.0003
   3360000        27.4324       -48.4508        75.8832
   3370000        23.4994       -51.8715        75.3709
   3380000        26.3191       -49.6136        75.9327
   3390000        30.9363       -50.8774        81.8137
   3400000        21.3918       -52.3946        73.7864
   3410000        25.1239       -53.1639        78.2878
   3420000        31.6271       -51.0935        82.7206
   3430000        35.0869       -47.1401        82.2270
   3440000        31.2074       -52.1539        83.3613
   3450000        28.1611       -52.9214        81.0825
   3460000        27.7123       -52.5605        80.2728
   3470000        28.8190       -50.7145        79.5335
   3480000        30.4637       -48.6792        79.1429
   3490000        26.9470       -52.9796        79.9266
   3500000        23.7466       -56.8391        80.5857
   3510000        21.5650       -59.1033        80.6683
   3520000        20.6782       -57.8585        78.5367
   3530000        21.7941       -56.8419        78.6360
   3540000        21.2067       -58.2011        79.4078
   3550000        22.9405       -56.0554        78.9958
   3560000        28.4505       -51.3937        79.8442
   3570000        34.7552       -45.2943        80.0495
   3580000        20.8569       -54.2097        75.0665
   3590000        24.4286       -54.4950        78.9235
   3600000        21.4999       -57.7059        79.2057
   3610000        22.5984       -55.0249        77.6233
   3620000        23.9957       -58.0649        82.0606
   3630000        24.5962       -56.9632        81.5594
   3640000        27.1994       -56.8370        84.0363
   3650000        26.6239       -56.8186        83.4425
   3660000        26.2193       -53.8009        80.0202
   3670000        25.6106       -54.3349        79.9455
   3680000        27.8785       -52.1050        79.9835
   3690000        20.8788       -57.8803        78.7591
   3700000        26.9499       -51.6720        78.6219
   3710000        17.1140       -58.1315        75.2454
   3720000        20.8826       -52.7476        73.6302
   3730000        22.0372       -55.5590        77.5962
   3740000        18.0230       -57.6708        75.6938
   3750000        20.8846       -54.2933        75.1779
   3760000        22.2011       -56.3961        78.5972
   3770000        22.2875       -54.9062        77.1937
   3780000        21.7865       -51.3062        73.0927
   3790000        15.2332       -58.5141        73.7472
   3800000        20.1656       -56.7915        76.9572
   3810000        21.0697       -55.5974        76.6671
   3820000        19.9759       -55.2088        75.1847
   3830000        19.8643       -52.4901        72.3544
   3840000        18.0474       -55.0566        73.1040
   3850000        22.6604       -53.3726        76.0330
   3860000        18.9452       -57.8565        76.8017
   3870000        21.5829       -57.8617        79.4446
   3880000        20.0433       -57.0126        77.0559
   3890000        18.9432       -56.5577        75.5010
   3900000        23.0104       -55.1370        78.1474
   3910000        17.1515       -57.6824        74.8339
   3920000        23.6596       -53.4403        77.0999
   3930000        24.2874       -55.8810        80.1684
   3940000        22.0826       -59.6461        81.7286
   3950000        21.1370       -57.1488        78.2859
   3960000        15.3643       -60.1852        75.5495
   3970000        16.2940       -58.5697        74.8637
   3980000        17.1932       -59.2599        76.4531
   3990000        16.5334       -58.5995        75.1329
   4000000        20.5426       -57.0626        77.6052
   4010000        26.6498       -51.9638        78.6136
   4020000        25.4231       -56.7126        82.1357
   4030000        23.1433       -57.2528        80.3961
   4040000        21.4640       -59.1938        80.6578
   4050000        26.4208       -55.7510        82.1719
   4060000        20.1805       -55.8651        76.0456
   4070000        19.1871       -56.3562        75.5433
   4080000        31.7287       -47.6580        79.3867
   4090000        26.4452       -54.1945        80.6397
   4100000        26.2201       -54.8156        81.0357
   4110000        25.8047       -54.6149        80.4197
   4120000        26.0432       -54.2490        80.2922
   4130000        22.5032       -57.3254        79.8286
   4140000        19.5785       -58.7983        78.3768
   4150000        22.0263       -54.1428        76.1691
   4160000        18.1467       -57.3747        75.5214
   4170000        23.1130       -56.3534        79.4664
   4180000        28.3897       -49.5936        77.9834
   4190000        19.7702       -55.5284        75.2985
   4200000        16.5234       -56.6832        73.2066
   4210000        18.6736       -56.2116        74.8852
   4220000        17.9519       -58.1851        76.1369
   4230000        22.5887       -53.6634        76.2522
   4240000        24.4319       -53.5876        78.0195
   4250000        24.4107       -55.2197        79.6304
   4260000        24.9248       -58.6269        83.5517
   4270000        21.9706       -54.3882        76.3588
   4280000        24.2573       -52.7691        77.0265
   4290000        24.5622       -53.8007        78.3629
   4300000        20.1795       -56.3495        76.5290
   4310000        23.2039       -57.4343        80.6382
   4320000        24.0384       -54.4696        78.5080
   4330000        22.6060       -57.1849        79.7909
   4340000        25.0605       -50.9339        75.9945
   4350000        24.5089       -55.6697        80.1786
   4360000        31.6031       -52.2820        83.8851
   4370000        26.1388       -56.1960        82.3348
   4380000        23.1105       -59.7558        82.8663
   4390000        22.6562       -56.1529        78.8091
   4400000        21.3227       -55.9825        77.3052
   4410000        12.8014       -61.7066        74.5080
   4420000        20.5948       -57.9296        78.5245
   4430000        17.7772       -56.7853        74.5626
   4440000        15.6925       -62.0495        77.7420
   4450000        15.3171       -60.3472        75.6643
   4460000        13.5712       -62.7233        76.2945
   4470000        15.8001       -60.0735        75.8737
   4480000        13.1835       -63.8836        77.0671
   4490000        15.4566       -60.7733        76.2299
   4500000        15.6590       -61.5732        77.2322
   4510000        18.4287       -56.4149        74.8436
   4520000        20.8546       -54.5001        75.3547
   4530000        17.8812       -58.2098        76.0909
   4540000        13.5330       -61.2973        74.8303
   4550000        21.6652       -59.6253        81.2905
   4560000        18.1497       -61.6257        79.7753
   4570000        19.8383       -59.1610        78.9993
   4580000        20.5328       -62.5316        83.0645
   4590000        17.2181       -62.5160        79.7341
   4600000        13.6342       -62.9536        76.5878
   4610000        16.3981       -57.7335        74.1316
   4620000        12.4219       -64.0992        76.5210
   4630000        11.2945       -63.0893        74.3838
   4640000        12.4128       -63.2913        75.7041
   4650000        12.6108       -63.0036        75.6144
   4660000        14.8511       -61.7745        76.6256
   4670000        13.9582       -62.0700        76.0282
   4680000        19.8184       -56.0034        75.8218
   4690000        18.5244       -59.7446        78.2690
   4700000        17.4008       -61.0325        78.4333
   4710000        20.5171       -60.0068        80.5239
   4720000        18.0620       -61.3362        79.3982
   4730000        21.6622       -57.1645        78.8267
   4740000        18.1144       -60.0571        78.1716
   4750000        18.8376       -57.7274        76.5650
   4760000        16.6386       -61.5673        78.2059
   4770000        21.9955       -57.3335        79.3291
   4780000        21.0873       -61.7493        82.8365
   4790000        19.5503       -58.1642        77.7146
   4800000        18.1299       -59.6539        77.7838
   4810000        16.9942       -60.2515        77.2458
   4820000        18.4517       -56.4923        74.9440
   4830000        19.4739       -57.7781        77.2521
   4840000        19.6665       -55.1036        74.7700
   4850000        13.0519       -60.6333        73.6852
   4860000        23.5808       -57.9678        81.5486
   4870000        19.1759       -57.6134        76.7893
   4880000        13.7539       -57.7466        71.5005
   4890000        15.3865       -57.2043        72.5908
   4900000        16.2857       -57.9664        74.2521
   4910000        19.0967       -61.3589        80.4556
   4920000        27.8509       -52.4658        80.3167
   4930000        26.4667       -53.3641        79.8308
   4940000        24.5690       -57.3933        81.9623
   4950000        26.7260       -57.4289        84.1550
   4960000        23.4589       -61.9520        85.4109
   4970000        27.5318       -60.4586        87.9904
   4980000        24.0400       -58.5563        82.5963
   4990000        24.9850       -52.6334        77.6184
   5000000        21.3618       -57.6874        79.0492
   5010000        19.4731       -57.0352        76.5083
   5020000        24.7323       -54.1567        78.8889
   5030000        19.0273       -58.3164        77.3437
   5040000        22.5939       -57.9604        80.5543
   5050000        22.4335       -58.1132        80.5466
   5060000        20.6905       -56.0630        76.7535
   5070000        15.2274       -58.3222        73.5496
   5080000        13.9184       -61.1944        75.1128
   5090000        14.0883       -60.8370        74.9253
   5100000        15.4864       -59.3401        74.8265
   5110000        19.0708       -59.5176        78.5884
   5120000        15.7758       -58.3001        74.0759
   5130000        12.6750       -61.5800        74.2549
   5140000        15.5858       -56.3485        71.9344
   5150000        16.7673       -56.8241        73.5913
   5160000        11.8849       -59.1518        71.0367
   5170000        16.4553       -55.7612        72.2165
   5180000        18.1017       -57.4698        75.5714
   5190000        16.5797       -57.0280        73.6077
   5200000        14.1892       -56.2156        70.4048
   5210000        13.3418       -56.4413        69.7831
   5220000        14.1696       -58.0000        72.1696
   5230000        12.7663       -58.1802        70.9466
   5240000         8.8916       -57.7183        66.6099
   5250000        13.3378       -58.5638        71.9016
   5260000        12.3020       -58.3816        70.6837
   5270000         9.9738       -58.9686        68.9424
   5280000        15.2358       -57.0390        72.2748
   5290000        13.1340       -58.9381        72.0721
   5300000        17.1522       -55.8947        73.0469
   5310000        12.8169       -59.1419        71.9587
   5320000        18.3336       -55.6226        73.9562
   5330000        12.6926       -57.4713        70.1639
   5340000        12.0677       -55.2426        67.3104
   5350000        11.5978       -55.4612        67.0590
   5360000        15.1548       -53.4699        68.6248
   5370000        15.1614       -57.5368        72.6982
   5380000        13.7574       -55.1577        68.9151
   5390000        17.3886       -56.0995        73.4881
   5400000        24.6950       -54.3568        79.0518
   5410000        22.6422       -52.2643        74.9065
   5420000        12.1805       -57.8073        69.9878
   5430000        14.7635       -58.4958        73.2593
   5440000        15.2756       -59.3742        74.6499
   5450000        19.7111       -55.2037        74.9149
   5460000        25.9970       -52.5872        78.5842
   5470000        20.8908       -57.4163        78.3071
   5480000        28.1998       -50.3586        78.5583
   5490000        22.5410       -57.0561        79.5971
   5500000        21.2286       -56.3892        77.6177
   5510000        16.7099       -58.9670        75.6769
   5520000        19.2412       -56.6673        75.9085
   5530000        28.9889       -49.9374        78.9262
   5540000        19.0470       -59.4713        78.5183
   5550000        18.3049       -57.0732        75.3780
   5560000        19.6434       -57.3527        76.9961
   5570000        23.2248       -51.7357        74.9605
   5580000        23.5702       -52.6077        76.1779
   5590000        20.4312       -53.9433        74.3745
   5600000        17.8449       -57.5915        75.4363
   5610000        18.6590       -57.3067        75.9657
   5620000        19.3175       -54.9044        74.2219
   5630000        16.5347       -56.8869        73.4216
   5640000        16.3009       -59.7884        76.0893
   5650000        14.8620       -59.8606        74.7226
   5660000        18.5099       -55.5295        74.0394
   5670000        14.0749       -59.8736        73.9484
   5680000        11.2166       -60.5228        71.7394
   5690000        19.6130       -58.9069        78.5199
   5700000        17.4207       -58.5905        76.0112
   5710000        17.4617       -57.0455        74.5072
   5720000        11.3828       -63.3523        74.7352
   5730000        17.7381       -59.7698        77.5079
   5740000        15.9924       -61.0995        77.0920
   5750000        16.4282       -60.8886        77.3168
   5760000        12.5028       -61.7996        74.3024
   5770000        11.9568       -61.2790        73.2357
   5780000        15.7088       -58.7763        74.4851
   5790000        15.9394       -60.4567        76.3962
   5800000        20.3049       -57.2963        77.6012
   5810000        21.1655       -57.8795        79.0450
   5820000        16.2234       -59.2342        75.4575
   5830000        23.8777       -55.7965        79.6742
   5840000        18.1192       -59.0733        77.1925
   5850000        15.1959       -58.6520        73.8479
   5860000        16.1707       -55.8714        72.0421
   5870000        24.2159       -48.7030        72.9188
   5880000        17.6730       -55.5129        73.1859
   5890000        14.0403       -56.0015        70.0419
   5900000        12.9394       -57.2527        70.1921
   5910000        10.9745       -56.8732        67.8477
   5920000        12.8956       -56.8020        69.6976
   5930000        13.5163       -57.4344        70.9507
   5940000        14.0771       -58.5737        72.6508
   5950000        15.4976       -57.2691        72.7667
   5960000        18.4881       -54.7317        73.2197
   5970000        20.1078       -58.0397        78.1475
   5980000        18.9072       -52.8956        71.8028
   5990000        12.8657       -56.7915        69.6573
   6000000        17.8425       -51.1822        69.0246
   6010000        16.5073       -54.6581        71.1654
   6020000        14.8241       -57.7810        72.6052
   6030000        18.5808       -53.1021        71.6829
   6040000        13.2871       -57.3823        70.6694
   6050000        16.1986       -56.2551        72.4537
   6060000        12.7657       -55.1686        67.9344
   6070000        13.1434       -55.4291        68.5725
   6080000        14.9593       -56.8011        71.7603
   6090000         6.9640       -57.3185        64.2825
   6100000        13.4741       -53.3811        66.8552
   6110000        13.4253       -55.8392        69.2645
   6120000        11.1192       -57.9444        69.0635
   6130000         8.6874       -59.0447        67.7321
   6140000        14.9589       -56.3398        71.2987
   6150000        23.1589       -52.0859        75.2448
   6160000        12.4158       -56.2624        68.6782
   6170000        15.8464       -53.8171        69.6634
   6180000        12.1312       -56.4590        68.5902
   6190000        12.1873       -56.2572        68.4445
   6200000         8.3644       -59.2903        67.6547
   6210000        15.6542       -54.9913        70.6455
   6220000        10.4035       -58.7563        69.1598
   6230000        10.1133       -59.1513        69.2647
   6240000        14.2571       -55.0356        69.2927
   6250000         7.0473       -61.2762        68.3235
   6260000        10.2343       -57.3361        67.5703
   6270000        10.0600       -57.1534        67.2134
   6280000        15.7105       -52.7478        68.4584
   6290000         7.8863       -59.9659        67.8522
   6300000         6.8328       -60.8073        67.6402
   6310000         9.7573       -55.1190        64.8764
   6320000         9.7027       -53.3017        63.0044
   6330000         9.2513       -56.2252        65.4765
   6340000        10.0641       -59.2894        69.3534
   6350000        12.5746       -56.0949        68.6695
   6360000         9.7294       -58.8334        68.5628
   6370000         9.4423       -57.3148        66.7571
   6380000        11.7310       -58.6715        70.4026
   6390000         6.2554       -60.6411        66.8965
   6400000        20.3398       -54.2724        74.6122
   6410000         9.7068       -61.0578        70.7645
   6420000        10.8872       -58.4054        69.2925
   6430000         8.0883       -60.4210        68.5093
   6440000        11.0885       -59.1946        70.2831
   6450000        10.5842       -60.0416        70.6258
   6460000         8.2234       -60.3170        68.5405
   6470000         4.5679       -60.9995        65.5674
   6480000         3.5974       -61.3012        64.8987
   6490000         9.8675       -56.2818        66.1494
   6500000        12.8321       -54.1290        66.9611
   6510000         8.3244       -57.4704        65.7948
   6520000         7.2908       -60.6199        67.9107
   6530000         4.9002       -62.1236        67.0238
   6540000         8.0235       -58.7631        66.7866
   6550000        14.5274       -55.5978        70.1252
   6560000         7.2748       -61.4500        68.7248
   6570000         9.6418       -58.0318        67.6736
   6580000         6.4911       -61.2287        67.7198
   6590000         9.2461       -58.1017        67.3478
   6600000         6.4840       -59.0585        65.5426
   6610000         7.8694       -59.0406        66.9099
   6620000         9.4545       -56.1331        65.5876
   6630000        11.7871       -58.0021        69.7892
   6640000         4.0620       -60.3368        64.3988
   6650000         3.9048       -63.6217        67.5265
   6660000         4.0742       -62.5730        66.6472
   6670000         7.4820       -61.6727        69.1547
   6680000        11.1744       -61.1095        72.2839
   6690000         6.8785       -61.4357        68.3141
   6700000        10.2178       -59.2147        69.4325
   6710000         8.4824       -62.6522        71.1346
   6720000         5.6954       -66.6660        72.3614
   6730000        10.8959       -60.5921        71.4880
   6740000         8.8109       -61.6099        70.4209
   6750000         5.9541       -64.8562        70.8102
   6760000         6.0251       -64.5732        70.5983
   6770000         6.2687       -64.2664        70.5351
   6780000         4.7631       -64.4959        69.2590
   6790000         5.4785       -61.5812        67.0598
   6800000         7.8049       -63.1523        70.9573
   6810000         9.6474       -62.1365        71.7839
   6820000         7.9324       -61.7501        69.6825
   6830000         1.0208       -65.4079        66.4288
   6840000         0.1644       -64.9054        65.0697
   6850000        -1.8181       -65.8386        64.0205
   6860000         1.1098       -65.9817        67.0915
   6870000         2.5377       -65.4074        67.9451
   6880000         5.3742       -65.1311        70.5053
   6890000         3.9639       -66.4958        70.4597
   6900000         6.3075       -63.2566        69.5641
   6910000         7.2594       -61.9084        69.1678
   6920000        10.6347       -63.5998        74.2344
   6930000        16.7920       -56.9191        73.7111
   6940000         8.5078       -63.8132        72.3210
   6950000         7.1105       -62.2851        69.3956
   6960000         8.5018       -61.2062        69.7080
   6970000         5.7294       -64.0798        69.8093
   6980000        16.4755       -58.3324        74.8079
   6990000         9.9998       -60.2494        70.2493
   7000000         7.9013       -62.6176        70.5188
   7010000         3.9873       -65.6279        69.6152
   7020000         4.3490       -64.9859        69.3349
   7030000         5.3831       -64.6915        70.0746
   7040000         4.3991       -67.6230        72.0222
   7050000         4.0204       -66.0676        70.0880
   7060000         4.3346       -65.4126        69.7472
   7070000         4.2623       -64.0267        68.2889
   7080000        13.0384       -56.5467        69.5851
   7090000        13.8872       -58.6060        72.4932
   7100000         8.5958       -63.0132        71.6090
   7110000        18.4937       -55.3934        73.8870
   7120000         7.7457       -64.5872        72.3329
   7130000         5.4957       -66.1196        71.6153
   7140000         7.0594       -66.5547        73.6141
   7150000         3.0327       -66.8872        69.9199
   7160000         5.0886       -67.1043        72.1929
   7170000         2.5879       -68.0552        70.6431
   7180000         2.3676       -68.2976        70.6652
   7190000         1.5160       -66.9608        68.4768
   7200000         6.3605       -65.0365        71.3970
   7210000         4.8693       -66.0023        70.8716
   7220000         8.7835       -64.5721        73.3557
   7230000         6.2250       -64.9841        71.2090
   7240000         5.2201       -63.1613        68.3814
   7250000         6.4297       -62.3328        68.7625
   7260000         2.3897       -63.8990        66.2887
   7270000         3.4338       -64.5560        67.9898
   7280000         6.9891       -63.2513        70.2404
   7290000         2.6141       -64.2310        66.8451
   7300000         6.8932       -62.1335        69.0267
   7310000        -1.2239       -66.7826        65.5586
   7320000         5.0931       -61.3985        66.4916
   7330000         2.4135       -64.6801        67.0936
   7340000         2.2585       -64.7224        66.9809
   7350000         1.5256       -65.8020        67.3276
   7360000         1.0894       -66.0669        67.1562
   7370000         5.6695       -61.7243        67.3938
   7380000         1.6626       -64.9135        66.5761
   7390000         2.2449       -63.0445        65.2894
   7400000         2.6319       -60.6921        63.3239
   7410000        -1.1858       -67.4377        66.2519
   7420000         0.0486       -65.6729        65.7215
   7430000        -1.7477       -67.0787        65.3310
   7440000        -2.0630       -68.1386        66.0755
   7450000         4.2489       -64.3053        68.5543
   7460000         3.5293       -64.2611        67.7904
   7470000         4.1654       -63.5580        67.7233
   7480000         6.3045       -63.5305        69.8350
   7490000         4.7996       -65.0696        69.8692
   7500000         4.5735       -64.5144        69.0880
   7510000        10.7942       -62.5881        73.3822
   7520000        12.8010       -61.8936        74.6946
   7530000        10.0902       -63.7779        73.8681
   7540000        10.5603       -62.1518        72.7121
   7550000         6.3052       -63.4900        69.7952
   7560000         7.2591       -64.7923        72.0514
   7570000         7.9857       -62.6548        70.6405
   7580000         9.4147       -64.4654        73.8801
   7590000        12.8791       -61.4922        74.3713
   7600000         7.2687       -63.9028        71.1715
   7610000         4.2103       -67.9302        72.1405
   7620000         6.9525       -67.8126        74.7651
   7630000         8.4923       -64.4995        72.9918
   7640000         7.6484       -65.8238        73.4722
   7650000         8.0437       -63.5374        71.5810
   7660000        10.0898       -61.9333        72.0232
   7670000         6.5252       -65.5964        72.1216
   7680000         4.3315       -65.1823        69.5138
   7690000         8.1550       -66.0689        74.2239
   7700000        11.7465       -60.4708        72.2173
   7710000         3.3049       -68.0984        71.4033
   7720000         3.8170       -66.7367        70.5537
   7730000         0.9005       -69.5460        70.4465
   7740000        -0.5162       -71.3940        70.8778
   7750000         8.6978       -64.3976        73.0954
   7760000         3.7289       -65.1131        68.8420
   7770000         9.4659       -60.6579        70.1238
   7780000         6.0113       -63.2443        69.2556
   7790000         5.7375       -62.7236        68.4612
   7800000         6.1580       -61.9335        68.0915
   7810000         3.7174       -63.9104        67.6278
   7820000         3.0292       -66.6040        69.6332
   7830000         5.9513       -61.9973        67.9486
   7840000         6.4086       -64.9002        71.3088
   7850000         5.6113       -63.1635        68.7747
   7860000        11.3154       -64.0283        75.3436
   7870000        17.5836       -60.0983        77.6819
   7880000         9.1593       -62.7495        71.9088
   7890000         8.4983       -60.9207        69.4190
   7900000         8.7223       -63.5300        72.2523
   7910000         7.0079       -62.4628        69.4707
   7920000         7.7178       -61.7548        69.4725
   7930000         4.9771       -66.2670        71.2441
   7940000         3.4380       -66.9040        70.3420
   7950000         2.6293       -68.5645        71.1938
   7960000         4.4287       -64.9280        69.3567
   7970000         5.6812       -65.1495        70.8307
   7980000         2.9470       -68.1087        71.0557
   7990000         4.3567       -65.3476        69.7044
   8000000         6.9147       -66.0130        72.9277
   8010000         5.9136       -68.8435        74.7571
   8020000         1.0591       -68.1168        69.1758
   8030000        10.5445       -61.9448        72.4893
   8040000         1.8757       -65.9756        67.8512
   8050000         9.6024       -62.7657        72.3681
   8060000         9.9845       -65.3357        75.3201
   8070000        16.7169       -61.6976        78.4144
   8080000        12.3687       -65.2427        77.6114
   8090000        14.6931       -66.3533        81.0464
   8100000        11.9109       -62.0601        73.9710
   8110000        13.5299       -63.3976        76.9275
   8120000        13.5067       -62.4507        75.9573
   8130000        13.9597       -62.8111        76.7709
   8140000        17.0117       -61.5849        78.5965
   8150000        11.2983       -60.9502        72.2485
   8160000        10.6884       -61.3623        72.0506
   8170000        12.4214       -56.8464        69.2678
   8180000         5.5425       -56.7345        62.2770
   8190000         9.2665       -55.4919        64.7584
   8200000         5.8506       -61.7188        67.5694
   8210000         4.1561       -58.6909        62.8470
   8220000         7.0109       -56.3426        63.3534
   8230000         5.7006       -56.8548        62.5554
   8240000         4.8098       -60.8675        65.6773
   8250000         2.3951       -62.2701        64.6652
   8260000         6.5902       -57.6970        64.2872
   8270000         1.2054       -61.7797        62.9851
   8280000         1.8535       -60.9220        62.7755
   8290000         6.0604       -53.8661        59.9265
   8300000         4.5674       -60.8107        65.3782
   8310000         7.7436       -56.8685        64.6121
   8320000         5.2633       -59.6745        64.9378
   8330000         7.1751       -56.7520        63.9271
   8340000        15.3734       -54.9134        70.2868
   8350000         8.5026       -56.9482        65.4508
   8360000         9.1844       -57.1050        66.2894
   8370000         4.2221       -59.0450        63.2671
   8380000         5.2728       -60.1913        65.4641
   8390000         5.9304       -56.7619        62.6922
   8400000         5.5576       -58.2757        63.8332
   8410000         1.5633       -59.8196        61.3830
   8420000        -0.8417       -61.4590        60.6174
   8430000        -1.3022       -61.0926        59.7905
   8440000        -1.2410       -61.0107        59.7697
   8450000        -3.6541       -63.8333        60.1793
   8460000        -1.6370       -62.3868        60.7498
   8470000        -3.2683       -63.5531        60.2847
   8480000        -2.0789       -62.9135        60.8346
   8490000        -2.4241       -63.3785        60.9544
   8500000         1.0893       -62.7248        63.8141
   8510000        -0.3009       -62.4673        62.1664
   8520000         4.2015       -61.1760        65.3776
   8530000         5.1996       -65.7319        70.9315
   8540000         1.9403       -64.8609        66.8012
   8550000         9.5535       -59.5268        69.0803
   8560000         9.8739       -58.8336        68.7076
   8570000         7.9132       -61.3148        69.2280
   8580000        10.7187       -56.6842        67.4029
   8590000         8.6758       -58.8978        67.5736
   8600000         4.4310       -63.0618        67.4928
   8610000         5.5882       -63.9192        69.5074
   8620000         9.0398       -58.7979        67.8378
   8630000         5.7903       -61.9373        67.7276
   8640000         3.5205       -59.7748        63.2952
   8650000         6.8002       -57.6098        64.4100
   8660000        13.1561       -53.1837        66.3398
   8670000        11.4647       -56.1749        67.6396
   8680000         4.1184       -58.4767        62.5951
   8690000        13.3444       -51.7600        65.1044
   8700000        10.1952       -56.2001        66.3953
   8710000        11.2585       -55.6877        66.9462
   8720000         9.5368       -56.3126        65.8493
   8730000         6.7443       -54.9781        61.7224
   8740000         3.1176       -60.2173        63.3349
   8750000        -3.1712       -61.5078        58.3366
   8760000         3.9593       -59.5615        63.5208
   8770000         3.1439       -60.6572        63.8011
   8780000         0.3309       -59.7244        60.0553
   8790000        -2.8293       -61.2538        58.4245
   8800000        -0.4635       -61.2118        60.7483
   8810000        -0.1914       -62.3474        62.1560
   8820000        -2.9746       -65.1168        62.1422
   8830000         2.6902       -61.2937        63.9839
   8840000        -3.9437       -67.7502        63.8066
   8850000        -0.5657       -63.4526        62.8868
   8860000         0.8012       -61.8101        62.6113
   8870000         4.6957       -61.4256        66.1213
   8880000         1.6849       -62.2987        63.9835
   8890000         0.6442       -60.6441        61.2883
   8900000         0.9427       -59.2454        60.1881
   8910000         3.6177       -61.5277        65.1454
   8920000         4.7450       -59.2401        63.9851
   8930000         5.6549       -58.8718        64.5267
   8940000        -3.0535       -64.1734        61.1198
   8950000        -0.3537       -61.5535        61.1998
   8960000        -4.2014       -63.8924        59.6910
   8970000         3.5500       -59.0683        62.6183
   8980000        -0.6359       -62.8360        62.2001
   8990000         7.8407       -57.3932        65.2338
   9000000         3.3062       -61.4936        64.7998
   9010000         7.5063       -54.3512        61.8575
   9020000         2.4378       -60.2283        62.6661
   9030000        -4.4496       -63.4692        59.0196
   9040000        -2.4569       -61.5302        59.0732
   9050000        -4.1489       -62.9254        58.7765
   9060000        -1.0174       -58.6535        57.6361
   9070000        -4.5134       -64.3505        59.8372
   9080000        -4.7373       -65.0321        60.2949
   9090000        -4.9468       -64.0794        59.1327
   9100000         5.8543       -59.5664        65.4207
   9110000         3.9251       -60.4003        64.3254
   9120000        -0.2534       -63.5486        63.2952
   9130000         4.2135       -60.0067        64.2202
   9140000         9.1628       -55.2560        64.4188
   9150000         4.0349       -60.5060        64.5409
   9160000         4.3931       -58.6439        63.0371
   9170000         2.1087       -64.0573        66.1660
   9180000        -0.4907       -63.9822        63.4915
   9190000         3.8201       -62.7357        66.5558
   9200000         2.0399       -61.8338        63.8736
   9210000         2.2508       -62.8203        65.0711
   9220000         6.9402       -58.9977        65.9379
   9230000         9.3069       -60.5983        69.9052
   9240000         4.7678       -61.5036        66.2714
   9250000        10.3057       -58.3603        68.6660
   9260000         2.4952       -61.8065        64.3017
   9270000        -0.1507       -63.4423        63.2916
   9280000         2.8392       -56.8641        59.7033
   9290000        -2.1518       -61.1648        59.0130
   9300000        -1.1869       -63.2487        62.0618
   9310000        -0.6467       -65.6964        65.0497
   9320000         5.8361       -59.9135        65.7496
   9330000         2.0980       -59.0420        61.1400
   9340000         5.0862       -60.7828        65.8690
   9350000         4.3217       -61.5531        65.8748
   9360000        -4.1657       -66.0931        61.9274
   9370000         1.5333       -63.0011        64.5344
   9380000        -1.3778       -63.4256        62.0478
   9390000         1.1867       -59.4535        60.6402
   9400000         0.2027       -63.3487        63.5514
   9410000        -2.0896       -60.3778        58.2882
   9420000        -3.1456       -60.9890        57.8435
   9430000        -2.7531       -63.7475        60.9944
   9440000        -5.7226       -62.0756        56.3530
   9450000        -6.8611       -63.5955        56.7344
   9460000        -2.4454       -63.7529        61.3075
   9470000        -8.5020       -64.8359        56.3339
   9480000        -3.6038       -62.1329        58.5291
   9490000        -2.0563       -64.6586        62.6023
   9500000        -2.8856       -65.3802        62.4946
   9510000        -2.6993       -65.0229        62.3236
   9520000        -5.2067       -63.5740        58.3672
   9530000        -2.4362       -62.6544        60.2183
   9540000        -1.5228       -64.0639        62.5412
   9550000        -4.1164       -63.0093        58.8929
   9560000        -7.6256       -65.4887        57.8632
   9570000        -5.1190       -64.2068        59.0879
   9580000        -3.5040       -63.5554        60.0514
   9590000        -4.4008       -64.6531        60.2523
   9600000        -3.9254       -64.2651        60.3397
   9610000         0.2155       -57.0152        57.2307
   9620000        -3.5290       -61.3541        57.8251
   9630000         2.4481       -55.5062        57.9543
   9640000        -4.6559       -63.7611        59.1053
   9650000        -3.4307       -65.2176        61.7869
   9660000        -4.6926       -61.6437        56.9511
   9670000        -2.5618       -63.5800        61.0182
   9680000        -4.2390       -64.7738        60.5349
   9690000        -3.7768       -62.7398        58.9630
   9700000        -3.9736       -66.5236        62.5500
   9710000        -3.8248       -65.7912        61.9665
   9720000         0.1202       -62.1392        62.2594
   9730000        -4.6296       -65.2493        60.6197
   9740000        -4.7511       -64.9228        60.1717
   9750000        -0.0339       -63.9516        63.9177
   9760000        -0.5068       -62.4158        61.9090
   9770000        -2.7604       -64.3974        61.6370
   9780000         0.3471       -61.9891        62.3362
   9790000        -3.5875       -65.9457        62.3582
   9800000        -4.9290       -65.7268        60.7978
   9810000        -2.7121       -63.5005        60.7884
   9820000        -4.4753       -67.7026        63.2273
   9830000        -0.5290       -62.3576        61.8287
   9840000        -6.2695       -68.9824        62.7130
   9850000        -6.6979       -68.0486        61.3507
   9860000        -3.9712       -64.1950        60.2238
   9870000        -1.8670       -66.6902        64.8233
   9880000        -3.1886       -66.2882        63.0996
   9890000        -4.7404       -66.0328        61.2924
   9900000        -3.2623       -64.1958        60.9335
   9910000        -5.2210       -68.9651        63.7441
   9920000        -0.2198       -63.9738        63.7541
   9930000        -0.4429       -60.6591        60.2161
   9940000        -6.1894       -67.8458        61.6564
   9950000        -3.2796       -65.6676        62.3880
   9960000        -1.7196       -63.7067        61.9872
   9970000         0.2180       -63.3279        63.5459
   9980000         1.5791       -61.3408        62.9199
   9990000         6.8472       -57.7957        64.6430
  10000000         9.4819       -57.0333        66.5152
