# Step E_total E_lj E_tors
         1        -1.9478        -5.0661         3.1184
     10000        37.7140       -18.8198        56.5338
     20000        37.6416       -21.6843        59.3260
     30000        32.5069       -20.0755        52.5824
     40000        38.5444       -18.7110        57.2554
     50000        31.6606       -26.3981        58.0586
     60000        27.2118       -33.5529        60.7647
     70000        27.6132       -32.3660        59.9792
     80000        31.7873       -29.6495        61.4368
     90000        30.9272       -29.5618        60.4890
    100000        37.7286       -26.3944        64.1230
    110000        35.2284       -25.0727        60.3011
    120000        36.4594       -26.4077        62.8671
    130000        29.6984       -31.1920        60.8904
    140000        25.9900       -34.6436        60.6336
    150000        26.6018       -31.3102        57.9120
    160000        33.3804       -29.5914        62.9718
    170000        32.3591       -31.9961        64.3552
    180000        32.4580       -30.3818        62.8398
    190000        30.0041       -29.9618        59.9660
    200000        28.6894       -29.6365        58.3259
    210000        20.3630       -35.7977        56.1606
    220000        28.2015       -30.0401        58.2417
    230000        24.8749       -35.9439        60.8188
    240000        20.4482       -36.7056        57.1538
    250000        22.0017       -32.8568        54.8585
    260000        20.4816       -36.0181        56.4997
    270000        19.7974       -35.4752        55.2725
    280000        22.9532       -36.3638        59.3170
    290000        18.2858       -35.6234        53.9091
    300000        17.4377       -37.8433        55.2811
    310000        16.3662       -37.2638        53.6300
    320000        20.9851       -32.6225        53.6076
    330000        17.3521       -39.2025        56.5545
    340000        23.5972       -36.3251        59.9223
    350000        14.2650       -37.9753        52.2403
    360000        16.7080       -39.9551        56.6631
    370000        22.2345       -34.6408        56.8752
    380000        22.6285       -34.0424        56.6708
    390000        20.1306       -34.6845        54.8151
    400000        19.0632       -36.2807        55.3439
    410000        17.2067       -33.6912        50.8979
    420000        22.5089       -35.3051        57.8141
    430000        25.8689       -29.8856        55.7545
    440000        20.1487       -35.2465        55.3952
    450000        22.1314       -34.9242        57.0556
    460000        21.8283       -36.7128        58.5411
    470000        20.2036       -38.5936        58.7972
    480000        24.2006       -35.5995        59.8000
    490000        24.9690       -32.8978        57.8669
    500000        23.0787       -34.4849        57.5637
    510000        17.6592       -38.2939        55.9532
    520000        14.0651       -38.1899        52.2550
    530000        11.5146       -38.0298        49.5443
    540000         8.7814       -40.9863        49.7676
    550000        18.3039       -36.0652        54.3691
    560000        18.9574       -36.0539        55.0113
    570000        15.7052       -36.3226        52.0278
    580000        15.1551       -37.6206        52.7757
    590000        18.6027       -37.9949        56.5976
    600000        21.0477       -34.4771        55.5248
    610000        14.6486       -37.7759        52.4245
    620000        29.8375       -29.9389        59.7764
    630000        27.9420       -34.6010        62.5431
    640000        22.8972       -34.3053        57.2025
    650000        21.8843       -35.7668        57.6511
    660000        15.5584       -39.8792        55.4375
    670000        17.6461       -39.3384        56.9845
    680000        18.9418       -38.0753        57.0171
    690000        16.1343       -38.3989        54.5332
    700000        23.4295       -36.2075        59.6370
    710000        18.9106       -37.9526        56.8632
    720000        29.8452       -30.1961        60.0413
    730000        21.8256       -36.9173        58.7429
    740000        23.5914       -34.9562        58.5476
    750000        29.0286       -35.6759        64.7045
    760000        27.3549       -34.1647        61.5196
    770000        26.2462       -38.5926        64.8389
    780000        18.0723       -43.1702        61.2426
    790000        21.6092       -40.8041        62.4133
    800000        21.7228       -43.6692        65.3920
    810000        18.2439       -41.9882        60.2321
    820000        21.1543       -43.0743        64.2286
    830000        22.9151       -40.1259        63.0410
    840000        23.4288       -36.8761        60.3049
    850000        19.0202       -41.0642        60.0844
    860000        18.6811       -42.0678        60.7489
    870000        25.3976       -40.8133        66.2109
    880000        18.2494       -38.3120        56.5614
    890000        23.7858       -38.5316        62.3173
    900000        20.9611       -40.8392        61.8003
    910000        29.5267       -35.8865        65.4132
    920000        23.0913       -32.7013        55.7926
    930000        16.7987       -38.8565        55.6551
    940000        18.9837       -41.6768        60.6605
    950000        18.2984       -43.5809        61.8793
    960000        19.0008       -43.7221        62.7229
    970000        23.1428       -41.5387        64.6816
    980000        21.4386       -43.9581        65.3967
    990000        21.4298       -38.9195        60.3493
   1000000        26.4395       -39.3397        65.7792
   1010000        19.1845       -41.0449        60.2293
   1020000        21.8391       -40.1309        61.9701
   1030000        23.2396       -36.1560        59.3956
   1040000        21.1112       -41.0913        62.2025
   1050000        19.9751       -40.3181        60.2932
   1060000        22.0951       -42.2346        64.3296
   1070000        24.5010       -37.6110        62.1120
   1080000        24.6068       -37.5948        62.2016
   1090000        28.2409       -40.6921        68.9331
   1100000        26.0337       -38.5356        64.5693
   1110000        22.1108       -37.1556        59.2663
   1120000        17.6030       -38.9025        56.5055
   1130000        16.6852       -40.6162        57.3014
   1140000        17.8040       -35.9619        53.7659
   1150000        19.1241       -32.6260        51.7501
   1160000        16.4746       -33.3795        49.8542
   1170000        13.4089       -38.3283        51.7372
   1180000        14.0642       -39.6152        53.6794
   1190000        15.5684       -37.2879        52.8563
   1200000        15.6035       -40.6901        56.2936
   1210000        22.6255       -37.2184        59.8439
   1220000        23.0726       -36.7280        59.8007
   1230000        17.5228       -40.6484        58.1712
   1240000        20.5156       -40.5281        61.0437
   1250000        28.3448       -35.3442        63.6890
   1260000        16.6789       -41.9553        58.6342
   1270000        23.4885       -40.1648        63.6533
   1280000        24.6863       -37.2764        61.9628
   1290000        16.2202       -40.9909        57.2111
   1300000        18.9600       -38.2995        57.2595
   1310000        19.1964       -38.2640        57.4604
   1320000        17.6242       -41.4146        59.0388
   1330000        21.8951       -41.0768        62.9719
   1340000        15.8014       -40.6961        56.4974
   1350000        20.0821       -38.9782        59.0603
   1360000        17.5323       -37.7197        55.2519
   1370000        15.2661       -41.7941        57.0602
   1380000        16.5073       -39.5718        56.0791
   1390000        13.4683       -38.5962        52.0646
   1400000        16.0704       -37.3744        53.4448
   1410000        14.6806       -40.1107        54.7913
   1420000        16.8872       -39.4680        56.3552
   1430000        14.5276       -38.2175        52.7451
   1440000        12.8018       -40.1467        52.9485
   1450000        11.2250       -39.4686        50.6936
   1460000        14.3240       -35.9583        50.2823
   1470000        15.4610       -35.5270        50.9880
   1480000        16.1330       -39.3513        55.4843
   1490000        16.6501       -37.2794        53.9295
   1500000         9.5009       -40.4394        49.9403
   1510000        10.2836       -37.1746        47.4583
   1520000        13.7070       -37.2351        50.9421
   1530000        26.8305       -35.0679        61.8984
   1540000        26.6545       -35.4633        62.1178
   1550000        19.6710       -40.2951        59.9661
   1560000        18.2208       -38.7535        56.9743
   1570000        25.6351       -36.0326        61.6677
   1580000        19.4916       -37.3296        56.8212
   1590000        21.3977       -36.5238        57.9216
   1600000        16.7837       -38.7202        55.5039
   1610000        20.5351       -36.2121        56.7472
   1620000        16.8353       -42.4971        59.3324
   1630000        15.1950       -41.8598        57.0548
   1640000        17.7554       -41.7450        59.5004
   1650000        18.5763       -39.8602        58.4365
   1660000        17.0394       -41.5565        58.5959
   1670000        23.7116       -37.5576        61.2691
   1680000        23.8812       -38.6747        62.5559
   1690000        21.3685       -37.7105        59.0790
   1700000        25.9381       -37.1430        63.0811
   1710000        21.3779       -38.1506        59.5285
   1720000        22.2794       -38.7491        61.0284
   1730000        24.7942       -39.6176        64.4118
   1740000        26.8647       -32.4822        59.3470
   1750000        21.2103       -38.8363        60.0466
   1760000        18.7600       -40.4826        59.2426
   1770000        20.2920       -41.8205        62.1125
   1780000        18.0696       -42.8869        60.9565
   1790000        25.0103       -36.6794        61.6898
   1800000        10.8677       -43.2354        54.1031
   1810000        11.3655       -45.2302        56.5957
   1820000        14.6511       -43.2089        57.8601
   1830000        13.0071       -43.7352        56.7423
   1840000        14.7308       -45.5388        60.2695
   1850000        11.8413       -44.1651        56.0064
   1860000         8.3559       -44.4548        52.8107
   1870000         9.6510       -41.5969        51.2479
   1880000        10.2415       -42.9209        53.1624
   1890000         7.6990       -43.8233        51.5223
   1900000        11.8968       -43.1648        55.0617
   1910000        11.0106       -40.3780        51.3886
   1920000        12.1970       -44.0299        56.2269
   1930000        14.2337       -41.4158        55.6495
   1940000        16.4143       -45.1407        61.5550
   1950000        10.2320       -44.1958        54.4278
   1960000        17.0337       -42.5933        59.6270
   1970000        17.8674       -43.3644        61.2318
   1980000        17.9382       -40.9756        58.9138
   1990000        15.7109       -40.7586        56.4695
   2000000        13.2653       -39.6530        52.9183
   2010000        16.2552       -39.0904        55.3456
   2020000        13.0456       -41.1452        54.1908
   2030000        13.6108       -39.1267        52.7375
   2040000        13.8675       -40.9643        54.8319
   2050000        16.7651       -37.1491        53.9142
   2060000        15.6078       -41.6774        57.2852
   2070000        14.3584       -43.4288        57.7873
   2080000        17.3744       -40.7698        58.1442
   2090000        12.6335       -42.0416        54.6751
   2100000         7.9432       -48.0383        55.9816
   2110000        12.2946       -41.5386        53.8332
   2120000        19.7604       -38.9715        58.7319
   2130000        21.0532       -38.3871        59.4403
   2140000        17.5418       -36.8270        54.3687
   2150000        15.5758       -37.4977        53.0735
   2160000        17.8525       -39.6532        57.5057
   2170000        15.1528       -41.3889        56.5416
   2180000        21.2283       -42.9530        64.1813
   2190000        23.8855       -40.6054        64.4909
   2200000        18.4938       -40.8769        59.3707
   2210000        19.3805       -38.6602        58.0407
   2220000        15.2213       -37.0432        52.2646
   2230000        13.4607       -38.8050        52.2657
   2240000        14.1451       -39.2418        53.3870
   2250000        14.7583       -38.4211        53.1794
   2260000        20.1909       -40.4692        60.6601
   2270000        16.6965       -39.5046        56.2010
   2280000        17.1174       -40.4083        57.5256
   2290000        10.8955       -42.0544        52.9499
   2300000         9.9606       -45.3988        55.3594
   2310000        14.9103       -39.5829        54.4933
   2320000        19.3239       -36.4584        55.7823
   2330000        19.5015       -40.2893        59.7908
   2340000        17.3587       -43.3481        60.7068
   2350000        17.3693       -42.3361        59.7053
   2360000         8.8623       -43.6341        52.4965
   2370000        16.1746       -40.1532        56.3278
   2380000        18.5487       -40.3072        58.8558
   2390000        22.6286       -39.2639        61.8925
   2400000        13.1591       -43.1153        56.2743
   2410000        10.9908       -43.3637        54.3546
   2420000         8.1850       -43.6177        51.8027
   2430000        11.8245       -45.5846        57.4091
   2440000         9.8459       -44.3982        54.2441
   2450000        13.8919       -39.8796        53.7715
   2460000        15.7443       -45.0346        60.7789
   2470000        13.0160       -42.0615        55.0775
   2480000        12.9525       -42.0500        55.0024
   2490000        13.9287       -39.3962        53.3250
   2500000        16.0641       -41.0609        57.1250
   2510000        19.9868       -39.5965        59.5833
   2520000        11.6559       -42.9263        54.5821
   2530000        12.9539       -42.0437        54.9976
   2540000        13.7152       -42.8777        56.5929
   2550000        14.2839       -41.1243        55.4082
   2560000        13.3214       -37.5810        50.9024
   2570000         9.3960       -38.8986        48.2946
   2580000        11.5448       -39.8874        51.4321
   2590000        18.3832       -39.1958        57.5790
   2600000        17.0228       -38.0208        55.0436
   2610000        15.1198       -37.8022        52.9220
   2620000        15.7958       -35.6523        51.4481
   2630000        22.4534       -31.0848        53.5382
   2640000        21.4056       -36.2117        57.6173
   2650000        15.6757       -39.2456        54.9213
   2660000        15.8338       -36.1201        51.9539
   2670000        17.1396       -37.4438        54.5834
   2680000        14.4036       -39.7541        54.1577
   2690000        14.2077       -41.4077        55.6154
   2700000        11.7101       -38.3565        50.0666
   2710000        13.5283       -37.3360        50.8644
   2720000        11.9494       -37.1817        49.1311
   2730000        15.4647       -37.3430        52.8077
   2740000        22.2098       -34.7665        56.9763
   2750000         6.4632       -40.9973        47.4605
   2760000         5.3712       -40.9402        46.3114
   2770000        11.5509       -37.7941        49.3451
   2780000        11.0542       -36.3188        47.3730
   2790000        12.4587       -37.2679        49.7266
   2800000         7.3175       -36.6437        43.9612
   2810000         5.7408       -41.6176        47.3584
   2820000        12.7212       -32.9967        45.7179
   2830000        14.0143       -37.6943        51.7086
   2840000        11.2873       -35.7163        47.0035
   2850000        12.7276       -36.5787        49.3063
   2860000        10.6497       -39.6132        50.2629
   2870000        17.3445       -34.9556        52.3002
   2880000        20.7224       -32.7780        53.5005
   2890000        23.4474       -29.3056        52.7530
   2900000        20.2397       -30.7229        50.9626
   2910000        26.7864       -31.1661        57.9525
   2920000        25.8440       -29.4502        55.2942
   2930000        16.5866       -35.3746        51.9612
   2940000        12.8420       -33.5104        46.3524
   2950000        13.2099       -32.9028        46.1127
   2960000        14.0945       -30.8035        44.8980
   2970000        15.6746       -28.4313        44.1059
   2980000        11.4068       -29.1267        40.5335
   2990000        18.0777       -31.4652        49.5429
   3000000        17.6390       -31.2696        48.9085
   3010000        29.4168       -27.0608        56.4776
   3020000        10.8283       -32.4891        43.3174
   3030000        14.3347       -36.5532        50.8878
   3040000        15.3271       -34.2527        49.5798
   3050000         9.9674       -39.1262        49.0936
   3060000         9.5646       -38.6181        48.1827
   3070000         4.9699       -40.6158        45.5857
   3080000         2.7024       -42.2434        44.9458
   3090000        12.8833       -35.0530        47.9363
   3100000        14.6027       -35.8667        50.4694
   3110000        11.9347       -34.6189        46.5537
   3120000        22.0773       -28.8128        50.8901
   3130000        11.3279       -36.3551        47.6831
   3140000        21.0267       -34.3352        55.3620
   3150000        14.2290       -31.6300        45.8590
   3160000        24.1507       -30.3268        54.4775
   3170000        21.9020       -35.0626        56.9646
   3180000        17.4777       -39.5086        56.9863
   3190000        21.8282       -33.1004        54.9286
   3200000        14.8420       -37.2533        52.0954
   3210000        21.0505       -35.4192        56.4697
   3220000        26.2229       -36.0104        62.2333
   3230000        25.5805       -36.9517        62.5323
   3240000        32.3536       -27.8351        60.1887
   3250000        23.3269       -31.2391        54.5660
   3260000        14.3268       -36.4951        50.8219
   3270000        12.0613       -36.3517        48.4129
   3280000        11.9569       -38.4794        50.4363
   3290000        17.0671       -34.2674        51.3345
   3300000        19.6363       -33.4570        53.0932
   3310000        15.6786       -35.4520        51.1306
   3320000        28.9031       -32.5212        61.4244
   3330000        21.6815       -36.4726        58.1541
   3340000        21.0810       -33.9715        55.0526
   3350000        16.7277       -35.0566        51.7843
   3360000        16.2493       -37.7440        53.9933
   3370000        16.1225       -35.3638        51.4863
   3380000        10.5795       -38.3623        48.9418
   3390000        14.8225       -36.0120        50.8345
   3400000        18.9526       -31.8388        50.7914
   3410000        21.6128       -27.4594        49.0722
   3420000        19.0269       -32.2692        51.2961
   3430000        20.3375       -29.1058        49.4433
   3440000        15.4296       -31.4793        46.9089
   3450000        15.1647       -35.8705        51.0352
   3460000        20.4916       -31.2043        51.6959
   3470000        19.8905       -34.3320        54.2225
   3480000        20.1352       -34.6274        54.7627
   3490000        17.7615       -34.4167        52.1782
   3500000        25.8019       -32.3766        58.1784
   3510000        23.1760       -34.1408        57.3168
   3520000        21.8511       -34.5907        56.4418
   3530000        22.8254       -36.0218        58.8473
   3540000        21.0853       -33.0627        54.1479
   3550000        22.8190       -33.0074        55.8264
   3560000        18.9191       -40.5704        59.4896
   3570000        23.0373       -35.2991        58.3364
   3580000        25.3672       -38.7226        64.0898
   3590000        21.3571       -41.1181        62.4752
   3600000        23.2459       -40.9835        64.2294
   3610000        16.5890       -44.3465        60.9356
   3620000        18.1928       -42.0583        60.2512
   3630000        25.0113       -39.1455        64.1568
   3640000        18.7952       -39.1876        57.9828
   3650000        17.7448       -39.8138        57.5585
   3660000        14.1104       -42.8578        56.9682
   3670000        18.8596       -37.9528        56.8124
   3680000        19.5894       -36.9743        56.5636
   3690000        13.9784       -40.0081        53.9866
   3700000        16.1555       -37.2604        53.4159
   3710000        10.5520       -42.1467        52.6987
   3720000        15.3717       -38.7362        54.1079
   3730000        20.6413       -37.1029        57.7442
   3740000        16.4433       -35.2174        51.6607
   3750000        14.6030       -40.3353        54.9383
   3760000        18.0583       -41.7927        59.8510
   3770000        17.6083       -41.5037        59.1119
   3780000        21.4078       -36.9332        58.3410
   3790000        22.4879       -36.9680        59.4559
   3800000        12.8027       -44.5188        57.3215
   3810000        17.0225       -39.7903        56.8127
   3820000        11.5450       -41.6760        53.2210
   3830000        10.7870       -41.6364        52.4234
   3840000        12.3689       -43.3493        55.7182
   3850000        11.2814       -41.5613        52.8428
   3860000        13.0231       -41.3752        54.3983
   3870000        14.6432       -39.9390        54.5822
   3880000        13.0891       -35.1161        48.2051
   3890000        14.3813       -36.3421        50.7234
   3900000         7.8962       -40.5818        48.4780
   3910000        13.6099       -38.2222        51.8321
   3920000        15.4922       -38.7833        54.2754
   3930000        21.1959       -34.7594        55.9554
   3940000        16.8572       -40.8391        57.6963
   3950000        16.4939       -35.5486        52.0424
   3960000        25.3305       -35.1602        60.4907
   3970000        20.3862       -32.3279        52.7141
   3980000        23.8036       -32.5274        56.3310
   3990000        23.5258       -29.4726        52.9984
   4000000        24.6464       -35.7006        60.3471
   4010000        20.4773       -34.7981        55.2754
   4020000        23.3418       -33.3786        56.7204
   4030000        26.7499       -32.6269        59.3768
   4040000        26.7978       -32.6627        59.4605
   4050000        19.6880       -35.2602        54.9482
   4060000        22.0721       -34.8200        56.8921
   4070000        16.5537       -34.8978        51.4516
   4080000        20.4304       -32.2640        52.6944
   4090000        22.2009       -31.7797        53.9806
   4100000        20.9627       -35.5492        56.5118
   4110000        15.1227       -38.1219        53.2446
   4120000        19.5267       -36.5574        56.0840
   4130000        27.5557       -29.1403        56.6960
   4140000        15.1687       -36.0923        51.2610
   4150000        15.7980       -37.6233        53.4213
   4160000        14.8886       -37.7138        52.6024
   4170000        30.6075       -30.0279        60.6353
   4180000        17.7146       -37.5712        55.2858
   4190000        18.9818       -37.4461        56.4279
   4200000        19.3042       -36.8192        56.1234
   4210000        24.4138       -32.8751        57.2888
   4220000        22.2996       -36.1885        58.4882
   4230000        19.5183       -36.6712        56.1895
   4240000        21.2917       -33.2553        54.5470
   4250000        27.7062       -28.3492        56.0555
   4260000        23.3634       -31.7555        55.1189
   4270000        19.9598       -34.6834        54.6431
   4280000        17.0840       -35.9510        53.0351
   4290000        15.6307       -37.8743        53.5049
   4300000        16.9099       -38.5381        55.4480
   4310000        19.0459       -39.8692        58.9151
   4320000        18.6170       -37.8011        56.4181
   4330000        24.7968       -33.6047        58.4016
   4340000        16.4236       -36.3993        52.8229
   4350000        21.4433       -33.0092        54.4525
   4360000        15.6996       -35.7992        51.4988
   4370000        27.6490       -34.8881        62.5371
   4380000        30.5043       -36.8412        67.3455
   4390000        31.5438       -34.4801        66.0239
   4400000        25.5850       -38.8740        64.4590
   4410000        22.4532       -38.4348        60.8880
   4420000        27.2857       -35.6586        62.9443
   4430000        16.8835       -33.7151        50.5986
   4440000        16.8410       -36.9232        53.7642
   4450000        22.9091       -37.1035        60.0126
   4460000        25.5599       -35.5783        61.1381
   4470000        25.8970       -34.7757        60.6727
   4480000        22.2300       -36.2422        58.4722
   4490000        21.4953       -38.0380        59.5333
   4500000        18.5223       -35.8875        54.4097
   4510000        20.2250       -37.3090        57.5341
   4520000        22.1597       -37.1933        59.3530
   4530000        19.1660       -38.0847        57.2507
   4540000        23.1689       -37.4032        60.5721
   4550000        19.6861       -35.1164        54.8025
   4560000        15.3623       -39.0259        54.3882
   4570000        15.0749       -37.3102        52.3851
   4580000        19.9499       -38.5361        58.4860
   4590000        17.7811       -38.8035        56.5846
   4600000        22.3811       -35.5810        57.9621
   4610000        17.8259       -37.5203        55.3463
   4620000        15.8594       -41.1453        57.0047
   4630000        22.8051       -37.0566        59.8617
   4640000        21.6813       -39.5525        61.2338
   4650000        18.4702       -40.3147        58.7849
   4660000        16.3851       -41.7235        58.1087
   4670000        13.1597       -42.9718        56.1315
   4680000        17.8577       -41.7994        59.6571
   4690000        16.1353       -41.6869        57.8222
   4700000        17.9799       -38.3331        56.3130
   4710000        15.7818       -38.8890        54.6708
   4720000        15.7169       -40.1403        55.8572
   4730000        21.0669       -37.4138        58.4806
   4740000        14.5006       -40.3663        54.8668
   4750000        18.7299       -39.3076        58.0375
   4760000        11.2962       -43.7698        55.0659
   4770000        11.8079       -43.2171        55.0251
   4780000         8.8689       -42.5245        51.3934
   4790000        15.1176       -39.5215        54.6391
   4800000        16.2372       -40.2050        56.4422
   4810000        14.0195       -40.9742        54.9937
   4820000        10.2440       -43.0421        53.2860
   4830000        14.3915       -42.1096        56.5011
   4840000        15.0113       -38.5095        53.5208
   4850000        16.9649       -42.8381        59.8031
   4860000        11.0627       -43.2456        54.3083
   4870000        12.4930       -41.0069        53.5000
   4880000        12.4327       -40.7874        53.2201
   4890000        11.9774       -41.6321        53.6095
   4900000        10.2645       -45.7009        55.9654
   4910000        11.0940       -44.7655        55.8595
   4920000        12.8812       -41.6094        54.4906
   4930000        11.8179       -41.1619        52.9798
   4940000        18.9738       -37.0874        56.0613
   4950000        13.5388       -40.8136        54.3524
   4960000        17.3937       -41.0395        58.4332
   4970000        18.7219       -36.2525        54.9744
   4980000        23.2326       -36.9068        60.1394
   4990000        24.7737       -36.3125        61.0862
   5000000        13.4081       -42.8084        56.2164
   5010000        15.8169       -39.6385        55.4554
   5020000        13.2671       -41.3549        54.6220
   5030000        12.2641       -38.2816        50.5457
   5040000        15.5131       -39.1696        54.6826
   5050000        14.0024       -36.9455        50.9478
   5060000        13.2362       -38.0481        51.2843
   5070000        10.4618       -39.6773        50.1391
   5080000        22.3191       -31.6375        53.9566
   5090000        10.9933       -39.4410        50.4343
   5100000        10.6407       -39.6766        50.3173
   5110000         9.7998       -42.0096        51.8094
   5120000        16.1743       -41.6854        57.8597
   5130000        17.9324       -35.6203        53.5527
   5140000        18.6331       -38.2927        56.9259
   5150000        16.6819       -36.3746        53.0565
   5160000        14.4989       -41.0739        55.5728
   5170000        10.6659       -42.0522        52.7181
   5180000        15.7913       -38.8322        54.6236
   5190000        16.0244       -39.1909        55.2153
   5200000        15.7200       -40.7080        56.4279
   5210000        15.5833       -41.5890        57.1723
   5220000        13.8292       -41.5152        55.3444
   5230000        13.7540       -38.3466        52.1005
   5240000        10.5284       -43.7575        54.2859
   5250000        15.4491       -40.1003        55.5494
   5260000        14.5259       -40.4838        55.0097
   5270000        11.6482       -43.7413        55.3895
   5280000        15.9074       -39.1336        55.0410
   5290000        11.7772       -36.4558        48.2330
   5300000        11.4027       -37.4722        48.8749
   5310000         8.1409       -43.1398        51.2806
   5320000         2.4198       -43.1913        45.6111
   5330000         6.4164       -40.9273        47.3436
   5340000         4.7062       -44.0015        48.7077
   5350000        10.3742       -41.5406        51.9147
   5360000        11.4803       -41.1237        52.6040
   5370000        12.4245       -39.0899        51.5144
   5380000        15.1091       -39.5917        54.7008
   5390000        13.0782       -41.4180        54.4963
   5400000        15.8269       -38.1767        54.0036
   5410000        16.5558       -39.2445        55.8003
   5420000        13.6748       -40.3494        54.0242
   5430000        15.3050       -39.4877        54.7927
   5440000        18.2894       -36.8144        55.1038
   5450000        21.2275       -36.2645        57.4920
   5460000        17.7773       -35.6502        53.4276
   5470000        19.3598       -36.8886        56.2483
   5480000        15.6400       -36.5406        52.1807
   5490000        17.5809       -34.2847        51.8656
   5500000         8.5879       -38.4678        47.0557
   5510000         7.8522       -39.7826        47.6348
   5520000        10.5026       -37.5143        48.0169
   5530000        13.5217       -38.8160        52.3377
   5540000         6.4816       -41.8663        48.3479
   5550000         8.0579       -41.1471        49.2050
   5560000         8.1779       -39.5303        47.7082
   5570000        14.5513       -35.7162        50.2675
   5580000        12.6888       -36.2993        48.9880
   5590000        11.3980       -38.8819        50.2798
   5600000        12.1483       -38.3228        50.4711
   5610000        10.0172       -42.5682        52.5854
   5620000        10.8207       -41.8829        52.7036
   5630000         8.5993       -40.1326        48.7319
   5640000         7.8852       -40.0344        47.9196
   5650000        12.6275       -37.0440        49.6715
   5660000        11.2417       -42.4580        53.6997
   5670000        15.5000       -38.6179        54.1179
   5680000         9.1120       -42.0007        51.1127
   5690000        10.8220       -39.1627        49.9847
   5700000        15.1885       -38.0157        53.2042
   5710000         9.6571       -39.0631        48.7202
   5720000         6.6440       -40.4503        47.0943
   5730000        14.2016       -35.1101        49.3117
   5740000         9.9283       -39.2767        49.2051
   5750000         2.5982       -42.2931        44.8913
   5760000        10.7402       -39.9120        50.6521
   5770000        10.3099       -36.8455        47.1555
   5780000        12.6535       -37.0121        49.6656
   5790000        12.7745       -38.7781        51.5526
   5800000         6.0827       -39.9145        45.9971
   5810000         7.5534       -39.8059        47.3593
   5820000         8.9765       -39.3067        48.2832
   5830000         5.4793       -42.1265        47.6058
   5840000        12.5653       -37.8178        50.3831
   5850000         7.6967       -40.8153        48.5120
   5860000         7.4871       -40.9746        48.4617
   5870000         7.3380       -40.5830        47.9210
   5880000         9.4909       -40.2699        49.7609
   5890000         7.0599       -39.2135        46.2734
   5900000        12.9677       -39.8335        52.8011
   5910000        11.7329       -37.4899        49.2228
   5920000        12.5888       -35.2263        47.8150
   5930000        14.2329       -39.1106        53.3436
   5940000        10.4436       -42.4372        52.8808
   5950000         8.1309       -40.8059        48.9368
   5960000        11.3975       -35.7676        47.1651
   5970000         8.1422       -39.4664        47.6086
   5980000         3.7442       -40.1661        43.9103
   5990000         6.5253       -39.4336        45.9589
   6000000         6.0510       -42.1588        48.2098
   6010000        11.6889       -38.5697        50.2586
   6020000         8.4350       -41.6897        50.1248
   6030000        10.8989       -40.9452        51.8442
   6040000         8.7858       -40.6009        49.3867
   6050000         3.6130       -42.1258        45.7389
   6060000         9.3258       -36.9722        46.2980
   6070000         4.3956       -41.0650        45.4606
   6080000         6.1504       -41.5448        47.6952
   6090000        17.7354       -38.3277        56.0631
   6100000        11.6599       -40.4808        52.1407
   6110000         9.3984       -40.0594        49.4578
   6120000        14.9941       -38.8606        53.8547
   6130000        14.2035       -41.6701        55.8736
   6140000        10.3070       -39.8094        50.1164
   6150000        10.9428       -38.0560        48.9988
   6160000        12.0034       -36.5928        48.5962
   6170000        10.0434       -39.6100        49.6534
   6180000        11.7158       -38.2936        50.0094
   6190000        16.7514       -36.7824        53.5337
   6200000        12.0528       -38.4758        50.5285
   6210000        19.4710       -31.3721        50.8430
   6220000        19.4512       -36.3431        55.7943
   6230000        19.2264       -37.5398        56.7662
   6240000        19.7324       -35.7216        55.4540
   6250000        16.7093       -36.3651        53.0743
   6260000        13.3264       -37.6020        50.9285
   6270000        16.1096       -37.8831        53.9927
   6280000        14.2282       -38.3840        52.6121
   6290000        16.7583       -36.0141        52.7725
   6300000        20.6975       -37.0762        57.7737
   6310000        18.1334       -36.6001        54.7335
   6320000        20.3174       -34.3290        54.6465
   6330000        26.9091       -36.4137        63.3228
   6340000        22.0875       -36.9181        59.0056
   6350000        17.7293       -36.3885        54.1178
   6360000        20.0807       -35.2431        55.3239
   6370000        21.7551       -35.4449        57.2000
   6380000        16.6119       -36.4405        53.0524
   6390000        23.6066       -35.8146        59.4212
   6400000        29.2715       -33.7497        63.0212
   6410000        17.4059       -39.0958        56.5017
   6420000        15.9711       -38.9051        54.8762
   6430000        16.8719       -39.3757        56.2476
   6440000        20.5983       -39.5808        60.1792
   6450000        19.2101       -36.1362        55.3463
   6460000        16.6445       -38.1434        54.7879
   6470000        14.3456       -38.9819        53.3275
   6480000        14.5956       -37.6863        52.2820
   6490000        13.1392       -38.3837        51.5229
   6500000        15.3966       -39.6627        55.0593
   6510000        14.6399       -40.7398        55.3797
   6520000        14.9026       -38.6023        53.5049
   6530000        11.9935       -39.5041        51.4976
   6540000        16.6960       -38.4039        55.0999
   6550000        17.7050       -37.5127        55.2177
   6560000        10.4419       -39.2572        49.6992
   6570000        11.3617       -39.1365        50.4982
   6580000        12.2574       -37.6984        49.9558
   6590000        14.0454       -36.0330        50.0785
   6600000        11.2101       -38.7760        49.9861
   6610000        16.6542       -32.3434        48.9976
   6620000        17.6871       -37.2421        54.9292
   6630000        19.7832       -35.6214        55.4045
   6640000        18.2806       -39.9847        58.2653
   6650000        10.5434       -41.1957        51.7392
   6660000        13.7139       -39.6482        53.3621
   6670000         9.1789       -41.3095        50.4883
   6680000        18.4131       -34.5716        52.9847
   6690000        14.8626       -37.8280        52.6905
   6700000        13.6151       -35.7949        49.4099
   6710000        11.5949       -35.5779        47.1728
   6720000        16.9180       -32.7068        49.6248
   6730000        22.6110       -37.3707        59.9818
   6740000        14.1268       -37.4912        51.6180
   6750000        13.1709       -36.1595        49.3304
   6760000        18.5488       -29.1325        47.6814
   6770000        12.5645       -36.9335        49.4981
   6780000        13.2097       -37.8106        51.0204
   6790000        13.3249       -38.9658        52.2907
   6800000         9.9573       -41.5087        51.4659
   6810000        11.9326       -40.3025        52.2351
   6820000        10.1500       -40.8921        51.0422
   6830000        10.6348       -40.7198        51.3546
   6840000        15.5098       -35.9699        51.4797
   6850000         9.1686       -41.1382        50.3068
   6860000        10.0270       -40.9334        50.9604
   6870000        12.9473       -37.6029        50.5503
   6880000        10.9982       -40.7277        51.7259
   6890000        10.4771       -40.7248        51.2019
   6900000        13.1611       -39.7195        52.8806
   6910000         6.7703       -40.3257        47.0960
   6920000        13.7807       -37.0049        50.7857
   6930000        13.5093       -40.5496        54.0588
   6940000        12.3435       -38.1485        50.4920
   6950000        15.9101       -39.2114        55.1215
   6960000        15.2522       -39.9571        55.2093
   6970000         7.3583       -40.2367        47.5950
   6980000         4.7311       -41.6344        46.3656
   6990000         5.7116       -43.8174        49.5290
   7000000         6.0583       -39.6119        45.6702
   7010000         6.0703       -41.2632        47.3335
   7020000         7.1992       -37.6332        44.8325
   7030000        13.3951       -37.0862        50.4813
   7040000         8.5885       -39.8047        48.3932
   7050000        11.8581       -37.0990        48.9571
   7060000         7.8600       -39.6182        47.4782
   7070000        10.7110       -40.1211        50.8321
   7080000        13.3230       -40.1051        53.4282
   7090000         9.5901       -39.0210        48.6111
   7100000         5.8417       -43.3781        49.2197
   7110000         4.9515       -42.1735        47.1251
   7120000        11.6405       -40.3883        52.0288
   7130000         7.3982       -42.6069        50.0050
   7140000         9.5913       -39.5605        49.1517
   7150000        10.3954       -42.4092        52.8046
   7160000        10.7597       -42.0823        52.8420
   7170000        18.2621       -41.3575        59.6197
   7180000         7.9826       -44.2930        52.2756
   7190000        10.1287       -42.8954        53.0241
   7200000        12.2557       -40.6467        52.9024
   7210000         8.3725       -40.2611        48.6336
   7220000        15.9452       -36.8459        52.7911
   7230000         8.6866       -42.1500        50.8365
   7240000         8.6970       -42.4726        51.1697
   7250000        11.3531       -41.7030        53.0562
   7260000        14.6037       -35.7479        50.3516
   7270000        12.9765       -37.7200        50.6965
   7280000        12.7671       -35.5772        48.3443
   7290000         5.9745       -39.1528        45.1274
   7300000         5.7672       -40.1265        45.8938
   7310000         3.2152       -41.1554        44.3707
   7320000        13.6812       -35.7195        49.4007
   7330000        10.4297       -39.6771        50.1067
   7340000         8.9197       -39.5953        48.5150
   7350000         7.4072       -42.1559        49.5631
   7360000         8.9952       -41.7961        50.7913
   7370000        10.5878       -42.3613        52.9491
   7380000         6.3106       -43.0823        49.3929
   7390000        11.1759       -39.8177        50.9936
   7400000         7.5404       -39.6906        47.2310
   7410000         7.3496       -40.7312        48.0808
   7420000         9.8058       -41.1016        50.9074
   7430000         6.7456       -41.9987        48.7443
   7440000         7.3220       -39.9732        47.2953
   7450000         9.7478       -40.7018        50.4496
   7460000         8.9602       -40.7185        49.6787
   7470000         8.8395       -42.0389        50.8784
   7480000        15.0699       -40.5547        55.6246
   7490000        12.9958       -39.1705        52.1663
   7500000        12.5625       -42.1424        54.7050
   7510000        19.2106       -42.8644        62.0749
   7520000        20.0528       -40.0614        60.1142
   7530000        14.7889       -42.8767        57.6656
   7540000        14.6899       -40.6693        55.3591
   7550000        15.5463       -39.8031        55.3494
   7560000        16.5597       -41.5696        58.1294
   7570000        16.8038       -39.3592        56.1630
   7580000        14.9596       -39.2873        54.2470
   7590000        12.7863       -40.9202        53.7065
   7600000        10.8294       -41.9862        52.8157
   7610000        11.0383       -42.3817        53.4201
   7620000        10.3507       -42.6196        52.9703
   7630000         5.9233       -42.4471        48.3704
   7640000        12.5727       -40.5566        53.1294
   7650000        15.8799       -36.0523        51.9322
   7660000        12.3681       -37.0331        49.4013
   7670000         7.9504       -41.3767        49.3271
   7680000        10.9869       -40.8149        51.8019
   7690000         5.5037       -44.4288        49.9325
   7700000         8.5282       -42.2689        50.7971
   7710000         6.1976       -43.4895        49.6872
   7720000        11.1554       -42.1294        53.2848
   7730000        10.0972       -40.4676        50.5649
   7740000         7.9954       -42.2967        50.2921
   7750000        10.1436       -40.3948        50.5384
   7760000         9.9514       -39.6879        49.6393
   7770000        11.9619       -40.2051        52.1669
   7780000        15.6310       -38.1300        53.7610
   7790000         2.5075       -45.2296        47.7370
   7800000         3.8368       -44.2583        48.0952
   7810000        10.3076       -41.1621        51.4697
   7820000        13.1868       -41.9869        55.1737
   7830000        10.3130       -39.9692        50.2822
   7840000        10.1373       -39.6293        49.7666
   7850000        14.2802       -39.3021        53.5823
   7860000         6.2913       -43.8899        50.1812
   7870000        12.5175       -39.7264        52.2439
   7880000        14.4836       -42.6818        57.1654
   7890000        19.5834       -39.2632        58.8466
   7900000        19.1706       -40.6218        59.7923
   7910000        17.0169       -44.4110        61.4279
   7920000        22.7638       -37.2958        60.0596
   7930000        16.2380       -41.9858        58.2238
   7940000        13.6585       -45.1236        58.7822
   7950000        13.6203       -43.5595        57.1798
   7960000        12.5083       -45.0568        57.5651
   7970000        10.2954       -42.7867        53.0821
   7980000        12.4430       -43.3104        55.7534
   7990000        14.2234       -43.4249        57.6482
   8000000        13.8390       -41.7687        55.6078
   8010000        16.3203       -38.2497        54.5701
   8020000        10.6051       -40.9171        51.5222
   8030000        10.4722       -40.6100        51.0822
   8040000         7.0651       -42.0437        49.1087
   8050000         7.4239       -44.7921        52.2160
   8060000         6.4630       -43.6168        50.0798
   8070000        13.5875       -41.6635        55.2509
   8080000         7.1451       -42.1440        49.2891
   8090000        10.8095       -40.6126        51.4222
   8100000        15.0096       -39.4381        54.4477
   8110000        17.1693       -40.9373        58.1067
   8120000        14.8377       -41.3188        56.1565
   8130000        15.9157       -43.7361        59.6518
   8140000        19.7703       -39.1790        58.9492
   8150000        13.6849       -42.3537        56.0386
   8160000        15.7737       -40.4211        56.1948
   8170000        15.5817       -43.1911        58.7728
   8180000        14.8175       -41.1849        56.0024
   8190000        11.4861       -40.5412        52.0273
   8200000         9.1070       -41.6237        50.7307
   8210000        12.3617       -41.2028        53.5645
   8220000        15.9163       -38.1055        54.0217
   8230000        11.9085       -39.5338        51.4423
   8240000        17.3604       -38.3071        55.6674
   8250000        19.3817       -34.6043        53.9859
   8260000        15.1885       -39.8027        54.9912
   8270000        10.5673       -39.5911        50.1584
   8280000         5.8182       -41.2720        47.0903
   8290000         9.5704       -39.4061        48.9764
   8300000         8.2874       -41.2389        49.5263
   8310000         6.2087       -43.1027        49.3114
   8320000        13.2511       -40.3457        53.5968
   8330000         8.1014       -39.7047        47.8061
   8340000        14.0279       -38.5280        52.5559
   8350000        11.2522       -40.2393        51.4916
   8360000        16.2473       -36.5818        52.8291
   8370000        12.8348       -38.6177        51.4525
   8380000         7.8216       -38.6792        46.5009
   8390000        10.2968       -38.8385        49.1354
   8400000         2.3413       -43.1092        45.4505
   8410000         6.3998       -40.1828        46.5826
   8420000         6.3877       -40.3121        46.6999
   8430000         8.2778       -40.5029        48.7807
   8440000         5.8193       -40.9912        46.8105
   8450000         5.8997       -40.5407        46.4404
   8460000        10.4668       -41.2254        51.6923
   8470000        14.5030       -40.5852        55.0882
   8480000         8.5288       -41.6786        50.2075
   8490000        12.3557       -40.6952        53.0509
   8500000        10.2876       -43.1305        53.4181
   8510000         8.6669       -43.9454        52.6122
   8520000         6.0362       -43.2545        49.2908
   8530000         9.2255       -39.4173        48.6429
   8540000         6.1526       -41.9163        48.0689
   8550000         8.1431       -40.3116        48.4547
   8560000        11.3274       -37.1059        48.4333
   8570000        12.6927       -41.7305        54.4232
   8580000        15.4561       -38.3078        53.7639
   8590000         6.9406       -40.6373        47.5779
   8600000        11.6851       -39.3791        51.0642
   8610000         5.2158       -43.5910        48.8068
   8620000         8.9737       -41.1207        50.0944
   8630000         4.6287       -43.9523        48.5810
   8640000         3.5372       -44.5373        48.0745
   8650000         5.8956       -39.2860        45.1816
   8660000         8.6575       -41.6282        50.2858
   8670000         5.9087       -42.5184        48.4270
   8680000         6.1310       -40.8517        46.9827
   8690000         8.6337       -40.4108        49.0445
   8700000        11.0802       -39.1884        50.2686
   8710000         4.3381       -43.0236        47.3618
   8720000         6.0588       -42.8780        48.9368
   8730000         6.3993       -43.4627        49.8620
   8740000         3.8028       -43.3111        47.1138
   8750000         4.1319       -43.1548        47.2867
   8760000         5.0366       -42.6385        47.6750
   8770000         3.8347       -43.1939        47.0286
   8780000         5.3163       -43.0319        48.3482
   8790000         5.6081       -43.2680        48.8760
   8800000         4.8222       -43.2469        48.0690
   8810000         5.7404       -44.5024        50.2428
   8820000         5.8989       -42.9425        48.8414
   8830000         8.9093       -41.6240        50.5333
   8840000         8.8026       -44.0099        52.8125
   8850000        15.4591       -38.1319        53.5910
   8860000        11.8385       -41.6593        53.4978
   8870000         3.0683       -46.1797        49.2479
   8880000         9.6012       -42.8504        52.4517
   8890000        11.3375       -41.2495        52.5869
   8900000         7.1193       -45.1291        52.2484
   8910000        11.0284       -41.0145        52.0429
   8920000        15.4100       -39.9678        55.3777
   8930000        12.8368       -40.0763        52.9130
   8940000        20.5619       -38.8332        59.3951
   8950000        19.9591       -40.3383        60.2974
   8960000         9.9425       -42.0447        51.9872
   8970000         9.3393       -43.3752        52.7145
   8980000        12.5897       -42.8250        55.4147
   8990000        10.5125       -45.4887        56.0012
   9000000         9.3822       -45.0307        54.4129
   9010000        11.7371       -43.1776        54.9147
   9020000        13.2862       -40.6957        53.9819
   9030000         7.2360       -41.3555        48.5915
   9040000         9.9715       -41.5841        51.5557
   9050000         5.1976       -42.2328        47.4304
   9060000         9.4158       -37.9808        47.3966
   9070000        13.5603       -36.1302        49.6905
   9080000         8.4458       -39.9358        48.3815
   9090000        11.0914       -39.0793        50.1707
   9100000         8.4843       -41.1954        49.6797
   9110000         8.2481       -42.9161        51.1642
   9120000         9.8456       -43.1808        53.0264
   9130000        13.8213       -38.5970        52.4183
   9140000        12.9603       -38.7073        51.6676
   9150000        11.4785       -40.3986        51.8772
   9160000        17.2053       -37.5650        54.7703
   9170000        17.7612       -36.3558        54.1169
   9180000        15.1735       -40.6994        55.8729
   9190000        19.7531       -39.2667        59.0198
   9200000        18.5129       -38.8216        57.3345
   9210000        18.1912       -37.0898        55.2809
   9220000        15.0590       -39.2150        54.2739
   9230000        17.8626       -38.4997        56.3622
   9240000        13.5745       -40.2366        53.8111
   9250000        11.7451       -40.4410        52.1861
   9260000        13.0603       -38.7658        51.8260
   9270000        11.5523       -40.7197        52.2720
   9280000         7.7913       -40.5880        48.3793
   9290000         6.8745       -42.2100        49.0845
   9300000         4.7195       -42.5056        47.2251
   9310000         6.5003       -39.6844        46.1848
   9320000         6.0991       -45.2625        51.3616
   9330000         9.8058       -42.8248        52.6307
   9340000         2.8809       -44.6596        47.5404
   9350000         9.8096       -41.6388        51.4484
   9360000        11.3644       -40.2940        51.6584
   9370000        11.8824       -38.4075        50.2899
   9380000         4.6803       -41.7617        46.4420
   9390000         3.4289       -45.0618        48.4907
   9400000         4.4774       -44.2848        48.7622
   9410000         4.5549       -43.1300        47.6849
   9420000         8.3847       -42.7210        51.1056
   9430000        10.7392       -43.5536        54.2928
   9440000         5.2291       -45.2950        50.5240
   9450000        10.0880       -41.6280        51.7160
   9460000         7.7025       -44.2010        51.9035
   9470000         7.1337       -44.2251        51.3588
   9480000         5.9926       -45.0089        51.0015
   9490000        10.6448       -43.6942        54.3391
   9500000         8.2063       -44.7850        52.9912
   9510000         9.8979       -41.0051        50.9030
   9520000        12.2927       -39.2738        51.5665
   9530000         8.7846       -38.7915        47.5761
   9540000         9.5719       -42.2009        51.7729
   9550000        16.3898       -39.9038        56.2936
   9560000        14.8286       -36.6104        51.4390
   9570000        13.8700       -39.6904        53.5604
   9580000        15.6357       -41.0642        56.6999
   9590000        12.0311       -43.1964        55.2275
   9600000        17.8036       -34.4642        52.2677
   9610000         6.8579       -40.9303        47.7882
   9620000         9.4234       -41.4619        50.8854
   9630000        13.0261       -40.6487        53.6748
   9640000        11.5133       -42.3897        53.9030
   9650000        18.6742       -36.3068        54.9810
   9660000        21.1986       -34.0534        55.2521
   9670000        17.5807       -39.0808        56.6615
   9680000        16.0672       -38.2874        54.3547
   9690000        22.0776       -39.0439        61.1215
   9700000        19.6927       -39.2972        58.9898
   9710000        21.6630       -40.2032        61.8662
   9720000        16.2210       -40.5716        56.7926
   9730000        23.6701       -36.4379        60.1080
   9740000        23.8095       -34.0763        57.8858
   9750000        27.1462       -40.0640        67.2101
   9760000        24.8633       -40.4062        65.2696
   9770000        24.4432       -41.7243        66.1675
   9780000        29.1510       -35.4201        64.5712
   9790000        21.9811       -38.0718        60.0529
   9800000        23.6363       -38.9187        62.5550
   9810000        19.1868       -40.2837        59.4705
   9820000        23.8644       -36.5975        60.4618
   9830000        22.6751       -37.7654        60.4405
   9840000        22.7781       -35.1825        57.9606
   9850000        21.2000       -32.2560        53.4560
   9860000        20.9440       -36.0242        56.9682
   9870000        24.0111       -30.7245        54.7356
   9880000        22.3470       -31.6435        53.9905
   9890000        21.0452       -37.1155        58.1608
   9900000        22.0192       -33.6095        55.6287
   9910000        22.6209       -28.6554        51.2763
   9920000        22.4053       -31.6743        54.0796
   9930000        23.3790       -35.7274        59.1064
   9940000        12.5179       -43.1889        55.7068
   9950000        22.7732       -38.4417        61.2148
   9960000        23.1281       -34.6624        57.7905
   9970000        21.5094       -36.3101        57.8195
   9980000        24.8978       -33.4200        58.3177
   9990000        29.2785       -30.6938        59.9723
  10000000        23.2519       -31.3051        54.5570
