# Step E_total E_lj E_tors
         1        39.6214        -5.0630        44.6844
     10000        46.4495       -10.9358        57.3853
     20000        29.7293       -22.4565        52.1858
     30000        22.7467       -32.9098        55.6565
     40000        28.8165       -31.2544        60.0709
     50000        27.3793       -35.3220        62.7013
     60000        33.0950       -36.7263        69.8213
     70000        32.5053       -35.4572        67.9625
     80000        31.4601       -35.4613        66.9214
     90000        31.9401       -36.9456        68.8857
    100000        30.8182       -26.8297        57.6479
    110000        29.1555       -36.2761        65.4317
    120000        26.2283       -37.7385        63.9668
    130000        26.9288       -37.8775        64.8063
    140000        27.6762       -37.4935        65.1697
    150000        29.2173       -39.7951        69.0123
    160000        29.1997       -35.3018        64.5015
    170000        29.4807       -33.3627        62.8434
    180000        25.2648       -36.6427        61.9075
    190000        29.0772       -35.7766        64.8538
    200000        32.3811       -36.1517        68.5328
    210000        33.1936       -33.3504        66.5439
    220000        30.0666       -33.8625        63.9291
    230000        28.7535       -37.4170        66.1705
    240000        39.2703       -37.7524        77.0227
    250000        15.8098       -46.6958        62.5056
    260000        17.8560       -45.2374        63.0934
    270000        16.9770       -45.9828        62.9598
    280000        19.0851       -44.9597        64.0448
    290000        20.7707       -44.0736        64.8443
    300000        15.2192       -42.8535        58.0727
    310000        15.1650       -43.1516        58.3166
    320000        23.0285       -41.5704        64.5989
    330000        21.0926       -36.2621        57.3546
    340000        26.0294       -42.7733        68.8026
    350000        20.5012       -41.9973        62.4985
    360000        22.6949       -40.5743        63.2692
    370000        22.3294       -40.2402        62.5696
    380000        16.5439       -45.0536        61.5975
    390000        18.8151       -42.7085        61.5236
    400000        25.8440       -43.0891        68.9330
    410000        18.2377       -45.2529        63.4906
    420000        16.0412       -46.0047        62.0458
    430000        18.8073       -43.1295        61.9368
    440000        27.1890       -43.0275        70.2165
    450000        21.7672       -43.7118        65.4791
    460000        28.2322       -39.0164        67.2486
    470000        24.7805       -44.9370        69.7175
    480000        24.2532       -42.1629        66.4161
    490000        25.1990       -41.2869        66.4859
    500000        27.6745       -37.0588        64.7333
    510000        19.7328       -37.3417        57.0745
    520000        26.3198       -42.0173        68.3371
    530000        20.8094       -40.4774        61.2868
    540000        15.5355       -42.8830        58.4185
    550000        15.8211       -44.1886        60.0098
    560000        19.8594       -42.9524        62.8118
    570000        24.7140       -41.3628        66.0769
    580000        19.3278       -41.1259        60.4538
    590000        20.9192       -46.3281        67.2473
    600000        22.6298       -44.7125        67.3423
    610000        23.6656       -40.7515        64.4171
    620000        19.5499       -44.6818        64.2318
    630000        17.6648       -43.5497        61.2145
    640000        14.2056       -46.4578        60.6634
    650000        18.0942       -46.5524        64.6466
    660000        18.0569       -47.4986        65.5555
    670000        17.4753       -47.7819        65.2572
    680000        14.0991       -49.6412        63.7402
    690000        15.6805       -46.9848        62.6652
    700000        23.2369       -46.7360        69.9730
    710000        15.6808       -47.4423        63.1231
    720000        15.5058       -43.4807        58.9865
    730000        14.1712       -43.3678        57.5390
    740000        14.3855       -41.0150        55.4005
    750000        17.9454       -41.9546        59.9000
    760000        19.0347       -41.0505        60.0852
    770000        12.0289       -43.6289        55.6578
    780000        18.3685       -42.6131        60.9816
    790000        21.9115       -39.7621        61.6737
    800000        20.9665       -42.9417        63.9082
    810000        21.7336       -41.9538        63.6874
    820000        24.2428       -40.0195        64.2623
    830000        20.8069       -41.5204        62.3272
    840000        18.4171       -41.5238        59.9409
    850000        24.7240       -38.2193        62.9433
    860000        22.7055       -40.2183        62.9238
    870000        13.6909       -41.2826        54.9735
    880000        14.5047       -46.5542        61.0589
    890000        19.5895       -39.6415        59.2310
    900000        13.9238       -43.6425        57.5663
    910000        17.4135       -44.2543        61.6678
    920000        19.9432       -42.1549        62.0981
    930000        15.5301       -44.7640        60.2942
    940000        13.3019       -44.2659        57.5678
    950000        18.9920       -44.3033        63.2953
    960000        13.4994       -44.8506        58.3500
    970000        21.9000       -40.9736        62.8735
    980000        12.6885       -44.7424        57.4309
    990000         9.9461       -48.0358        57.9818
   1000000        10.7105       -48.5433        59.2538
   1010000        19.7337       -46.5581        66.2918
   1020000        11.8860       -47.7725        59.6585
   1030000        21.0709       -44.7941        65.8650
   1040000        20.1405       -46.1189        66.2595
   1050000        20.5269       -44.5073        65.0342
   1060000        19.5142       -43.2339        62.7481
   1070000        18.1102       -44.5361        62.6463
   1080000        28.3477       -39.0320        67.3798
   1090000        23.2756       -48.2933        71.5689
   1100000        17.6484       -44.7678        62.4162
   1110000        20.8431       -47.2209        68.0641
   1120000        17.3169       -45.9702        63.2871
   1130000        16.3602       -48.0932        64.4534
   1140000        21.5713       -41.7317        63.3030
   1150000        19.4245       -44.2972        63.7217
   1160000        18.8874       -47.5739        66.4613
   1170000        27.2537       -42.0136        69.2674
   1180000        14.9736       -47.8307        62.8043
   1190000        13.4855       -47.7315        61.2171
   1200000        11.4980       -48.7075        60.2055
   1210000        16.3174       -46.3234        62.6407
   1220000        14.4393       -47.2157        61.6550
   1230000         6.4398       -49.6436        56.0835
   1240000        18.3002       -42.8582        61.1584
   1250000        14.5021       -48.3326        62.8347
   1260000        11.3641       -49.0530        60.4171
   1270000        13.6797       -46.1906        59.8703
   1280000        17.5011       -46.2265        63.7276
   1290000        19.2358       -45.2190        64.4547
   1300000        14.2676       -44.9519        59.2194
   1310000        23.6447       -44.3776        68.0224
   1320000        20.3368       -43.4626        63.7994
   1330000        16.9716       -43.1323        60.1039
   1340000        15.6346       -42.6186        58.2532
   1350000        13.3203       -48.8444        62.1647
   1360000        19.8489       -45.0638        64.9126
   1370000        16.1384       -45.2734        61.4119
   1380000        13.6160       -46.7421        60.3581
   1390000        14.9806       -46.0461        61.0267
   1400000        14.5650       -46.0700        60.6350
   1410000        18.0636       -45.8037        63.8673
   1420000        18.0946       -43.6604        61.7549
   1430000        18.4582       -42.3312        60.7894
   1440000         7.8410       -48.3356        56.1766
   1450000         6.9827       -48.2137        55.1964
   1460000         8.6844       -47.6108        56.2951
   1470000        10.8343       -43.6612        54.4955
   1480000        13.3122       -46.1870        59.4991
   1490000         9.5627       -46.1086        55.6713
   1500000        11.8399       -44.6309        56.4708
   1510000        15.5746       -40.5624        56.1371
   1520000        15.7062       -43.5094        59.2156
   1530000        12.5920       -46.4711        59.0631
   1540000        14.6072       -45.7639        60.3711
   1550000        20.8615       -44.8758        65.7372
   1560000        18.3332       -44.3649        62.6982
   1570000        21.7179       -45.8153        67.5332
   1580000        22.0082       -48.1338        70.1420
   1590000        20.4137       -42.3405        62.7542
   1600000        13.2400       -47.8555        61.0956
   1610000        20.7975       -45.0751        65.8726
   1620000        21.8208       -44.7772        66.5980
   1630000        22.0159       -47.1224        69.1383
   1640000        22.2806       -45.6265        67.9071
   1650000        21.6587       -47.1016        68.7603
   1660000        20.0639       -43.4627        63.5266
   1670000        15.5923       -48.4097        64.0019
   1680000        15.5464       -45.0613        60.6077
   1690000        16.0253       -48.1982        64.2235
   1700000        19.2338       -48.1593        67.3931
   1710000        21.6660       -45.6825        67.3486
   1720000        19.1312       -41.3725        60.5037
   1730000        15.0849       -48.2314        63.3163
   1740000        16.0324       -47.4409        63.4733
   1750000        10.8864       -48.8412        59.7275
   1760000        16.7092       -52.5201        69.2292
   1770000        11.8302       -49.2980        61.1282
   1780000        14.5489       -47.3477        61.8966
   1790000        17.6254       -46.7441        64.3695
   1800000        17.8911       -49.4826        67.3737
   1810000        20.1353       -44.1493        64.2845
   1820000        10.5365       -50.8971        61.4335
   1830000        15.3766       -47.5561        62.9327
   1840000        15.1245       -49.2676        64.3921
   1850000        20.3762       -50.0437        70.4199
   1860000        14.3471       -48.4418        62.7888
   1870000        13.7445       -50.3452        64.0897
   1880000        17.5170       -47.9112        65.4282
   1890000        13.7311       -48.6013        62.3324
   1900000        13.1496       -47.5390        60.6886
   1910000        15.9482       -47.4568        63.4050
   1920000        15.7685       -45.1181        60.8866
   1930000        15.4961       -46.7613        62.2574
   1940000         6.2175       -49.3443        55.5618
   1950000        15.5865       -45.5409        61.1274
   1960000        16.7859       -44.6544        61.4403
   1970000        12.8328       -45.8546        58.6874
   1980000        12.4709       -48.8822        61.3531
   1990000        17.7234       -43.4028        61.1262
   2000000        16.2719       -46.9543        63.2262
   2010000        15.5931       -45.3207        60.9138
   2020000        13.0986       -49.1285        62.2272
   2030000        10.7908       -50.7139        61.5047
   2040000        12.6857       -49.3621        62.0479
   2050000        14.6155       -50.3858        65.0013
   2060000        16.5005       -50.4164        66.9170
   2070000        15.5445       -47.9264        63.4709
   2080000        19.5696       -45.9418        65.5114
   2090000        19.4184       -49.3319        68.7503
   2100000        21.4838       -46.2219        67.7058
   2110000        24.0479       -43.5460        67.5940
   2120000        19.1462       -45.1029        64.2491
   2130000        21.3179       -44.3426        65.6605
   2140000        18.2600       -43.2434        61.5034
   2150000        21.3572       -44.1210        65.4782
   2160000        14.1446       -44.9220        59.0666
   2170000        19.7577       -40.6155        60.3731
   2180000        21.0962       -40.8985        61.9947
   2190000        20.7899       -41.9266        62.7165
   2200000        15.8762       -45.6663        61.5424
   2210000        19.0469       -47.4487        66.4956
   2220000        16.0346       -48.7011        64.7357
   2230000        19.1545       -44.0987        63.2532
   2240000        14.3615       -48.6160        62.9776
   2250000        23.5707       -44.0447        67.6154
   2260000        20.9108       -41.9255        62.8364
   2270000        21.1275       -44.3629        65.4904
   2280000        23.1050       -42.9357        66.0407
   2290000        14.6482       -44.8322        59.4804
   2300000        18.7763       -42.6740        61.4503
   2310000        21.0904       -42.5490        63.6394
   2320000        21.9456       -42.6109        64.5565
   2330000        22.0652       -39.5557        61.6208
   2340000        22.0835       -43.8578        65.9413
   2350000        21.7646       -39.9646        61.7292
   2360000        18.4515       -43.1261        61.5777
   2370000        24.3041       -43.8233        68.1274
   2380000        18.7822       -43.2224        62.0046
   2390000        26.3633       -41.1044        67.4676
   2400000        16.5507       -46.3372        62.8879
   2410000        14.4652       -49.0821        63.5473
   2420000        31.0121       -35.4455        66.4576
   2430000        31.7497       -41.7449        73.4946
   2440000        29.5749       -42.2348        71.8097
   2450000        30.8108       -42.4093        73.2201
   2460000        33.4388       -40.6710        74.1097
   2470000        40.6682       -33.9345        74.6027
   2480000        34.9689       -37.0395        72.0084
   2490000        28.3482       -36.5150        64.8633
   2500000        22.5050       -43.1161        65.6211
   2510000        24.7682       -40.6898        65.4580
   2520000        20.3290       -46.2169        66.5459
   2530000        24.3230       -39.8408        64.1638
   2540000        30.8812       -40.8784        71.7596
   2550000        18.2002       -47.7207        65.9210
   2560000        21.7920       -45.3616        67.1537
   2570000        20.8529       -42.5130        63.3660
   2580000        22.2880       -45.8592        68.1472
   2590000        29.1932       -40.1983        69.3915
   2600000        27.0378       -48.3994        75.4372
   2610000        28.4983       -43.9605        72.4588
   2620000        33.1557       -37.0389        70.1946
   2630000        26.1607       -42.2396        68.4002
   2640000        22.2738       -43.1506        65.4244
   2650000        21.4488       -45.4629        66.9117
   2660000        19.5522       -45.8899        65.4422
   2670000        17.6132       -49.9383        67.5515
   2680000        15.9004       -51.3542        67.2546
   2690000        19.8649       -45.2657        65.1306
   2700000        19.0133       -46.8722        65.8855
   2710000        19.7746       -44.5019        64.2766
   2720000        21.1926       -42.7586        63.9512
   2730000        26.9000       -40.4595        67.3595
   2740000        27.8897       -42.7325        70.6222
   2750000        23.7341       -44.4793        68.2135
   2760000        23.8896       -41.8030        65.6926
   2770000        23.6335       -46.4505        70.0841
   2780000        24.4300       -46.2942        70.7243
   2790000        23.9547       -50.2402        74.1949
   2800000        22.3996       -50.9623        73.3620
   2810000        19.6493       -52.6236        72.2729
   2820000        14.8039       -50.0350        64.8389
   2830000        18.9431       -49.2657        68.2088
   2840000        21.9294       -46.1716        68.1010
   2850000        17.8987       -52.4843        70.3830
   2860000        12.8720       -56.1810        69.0530
   2870000        16.0239       -53.3580        69.3819
   2880000        21.1972       -51.2733        72.4705
   2890000        15.2488       -53.6635        68.9123
   2900000        22.3653       -50.0946        72.4599
   2910000        13.8441       -53.2149        67.0591
   2920000        12.9252       -53.1108        66.0360
   2930000        19.3511       -48.1324        67.4834
   2940000        19.8097       -49.7546        69.5643
   2950000        18.3979       -43.9375        62.3354
   2960000        16.3011       -48.2348        64.5359
   2970000        20.8913       -45.1061        65.9975
   2980000        19.6233       -44.9190        64.5423
   2990000        10.6237       -52.5969        63.2206
   3000000         8.2418       -55.4227        63.6646
   3010000        11.0336       -57.3864        68.4200
   3020000         7.6603       -56.2181        63.8784
   3030000         5.0702       -57.7483        62.8185
   3040000         7.4105       -57.1689        64.5794
   3050000        16.8562       -52.9601        69.8163
   3060000        10.7519       -55.1633        65.9152
   3070000        11.1218       -55.9950        67.1168
   3080000         9.9392       -54.7886        64.7278
   3090000        14.8065       -55.6908        70.4972
   3100000        14.8319       -56.8438        71.6758
   3110000        11.5822       -57.2570        68.8391
   3120000        12.2767       -54.8484        67.1251
   3130000        20.9031       -50.1198        71.0229
   3140000        17.7276       -56.7536        74.4812
   3150000        13.5620       -55.8331        69.3951
   3160000         9.9384       -54.1515        64.0899
   3170000        15.1657       -51.3329        66.4986
   3180000        11.8951       -53.0598        64.9549
   3190000        12.7066       -56.3079        69.0146
   3200000        11.8834       -57.8876        69.7711
   3210000        18.8579       -53.2649        72.1227
   3220000        26.5544       -46.3791        72.9335
   3230000        16.2984       -50.5900        66.8884
   3240000        18.1288       -48.9661        67.0949
   3250000        16.0440       -51.1242        67.1681
   3260000        16.0965       -48.1327        64.2291
   3270000        20.2359       -48.4040        68.6399
   3280000        21.7989       -47.2891        69.0880
   3290000        14.3772       -53.3362        67.7134
   3300000        11.5407       -54.2713        65.8120
   3310000        10.2782       -53.4000        63.6782
   3320000        12.4190       -52.2792        64.6981
   3330000         9.5457       -57.2991        66.8449
   3340000        10.8511       -54.6026        65.4537
   3350000         6.6526       -54.6968        61.3495
   3360000        11.8024       -53.5933        65.3958
   3370000         9.7949       -51.0184        60.8133
   3380000        15.8169       -53.0404        68.8573
   3390000        10.6809       -54.2682        64.9492
   3400000         9.0032       -58.1818        67.1850
   3410000         9.3233       -53.8184        63.1417
   3420000        14.0730       -50.9649        65.0379
   3430000         8.8289       -51.8836        60.7126
   3440000        15.1504       -55.7067        70.8571
   3450000         8.7080       -56.0005        64.7085
   3460000         4.3834       -55.4922        59.8755
   3470000        10.5919       -53.7905        64.3824
   3480000        11.7935       -52.4890        64.2825
   3490000         8.1721       -51.5742        59.7463
   3500000        16.4821       -51.6481        68.1302
   3510000        11.2773       -55.6049        66.8822
   3520000         4.1689       -55.7908        59.9597
   3530000         8.6155       -53.9861        62.6016
   3540000         7.0376       -55.8746        62.9122
   3550000         6.6897       -53.9733        60.6631
   3560000         8.1067       -50.7913        58.8981
   3570000         8.4823       -53.4002        61.8825
   3580000         8.8623       -51.6391        60.5014
   3590000         8.6719       -49.7850        58.4568
   3600000         7.7009       -51.9538        59.6547
   3610000         4.6462       -55.6089        60.2551
   3620000         8.5731       -53.4884        62.0615
   3630000        16.7638       -48.6975        65.4612
   3640000        12.7009       -50.1221        62.8230
   3650000        12.9220       -52.3414        65.2634
   3660000        13.8930       -52.8383        66.7313
   3670000        18.8822       -51.2746        70.1568
   3680000        18.1066       -53.2866        71.3932
   3690000        12.3824       -55.7663        68.1486
   3700000        12.3141       -54.3337        66.6478
   3710000        12.2612       -55.8511        68.1123
   3720000        11.3093       -51.2840        62.5933
   3730000        18.4017       -48.7568        67.1585
   3740000        16.5773       -50.5572        67.1344
   3750000        11.7607       -51.4564        63.2171
   3760000        11.9539       -53.4789        65.4328
   3770000        11.7377       -53.5532        65.2909
   3780000        10.9669       -58.8147        69.7816
   3790000        14.1811       -51.1149        65.2960
   3800000        18.1102       -50.2535        68.3637
   3810000        10.5770       -52.7497        63.3268
   3820000        12.1130       -53.2181        65.3311
   3830000         5.5198       -58.3336        63.8533
   3840000        10.3142       -53.5538        63.8680
   3850000        12.7877       -56.3264        69.1141
   3860000        12.1250       -52.4666        64.5916
   3870000        15.0301       -52.0907        67.1208
   3880000        14.8911       -50.7620        65.6531
   3890000        10.5932       -54.7404        65.3336
   3900000        11.9598       -54.4460        66.4058
   3910000        19.9154       -48.6972        68.6126
   3920000        15.9572       -54.4250        70.3821
   3930000        12.7728       -51.8275        64.6004
   3940000        11.8667       -52.1840        64.0508
   3950000        12.8922       -52.9213        65.8135
   3960000        11.4459       -52.8260        64.2719
   3970000        12.2349       -53.4655        65.7004
   3980000        16.3055       -49.9550        66.2605
   3990000        11.8997       -50.8109        62.7106
   4000000        12.6281       -52.0264        64.6545
   4010000        14.5513       -49.2989        63.8501
   4020000        18.7973       -50.9024        69.6998
   4030000        13.8834       -52.8036        66.6869
   4040000        17.2187       -49.0685        66.2873
   4050000        20.9743       -46.7791        67.7534
   4060000        16.0302       -50.4955        66.5256
   4070000        13.4163       -53.1346        66.5509
   4080000        26.7703       -45.5171        72.2874
   4090000        20.7122       -50.8851        71.5973
   4100000        22.4085       -51.9485        74.3570
   4110000        23.7375       -45.3632        69.1006
   4120000        17.5214       -49.9903        67.5118
   4130000        22.3703       -45.3395        67.7098
   4140000        22.7463       -50.0709        72.8171
   4150000        21.4934       -45.2548        66.7483
   4160000        27.5016       -43.8589        71.3605
   4170000        25.3827       -45.3151        70.6978
   4180000        20.5249       -47.5889        68.1138
   4190000        20.0698       -49.3097        69.3795
   4200000        17.9438       -50.0905        68.0343
   4210000        18.2088       -49.7543        67.9631
   4220000        18.9882       -48.9157        67.9038
   4230000        23.4207       -46.5492        69.9698
   4240000        22.9100       -45.7651        68.6750
   4250000        22.9216       -46.9774        69.8990
   4260000        18.4738       -50.2452        68.7190
   4270000        16.4620       -49.5973        66.0593
   4280000        16.3518       -50.6043        66.9561
   4290000        23.9020       -47.8573        71.7593
   4300000        24.7632       -44.6267        69.3899
   4310000        19.5519       -51.5112        71.0631
   4320000        17.2194       -52.3334        69.5528
   4330000        26.9741       -44.6985        71.6726
   4340000        30.0187       -42.5632        72.5819
   4350000        25.4983       -45.1970        70.6953
   4360000        23.3446       -47.9684        71.3130
   4370000        23.5969       -47.6388        71.2356
   4380000        27.3051       -44.9856        72.2907
   4390000        20.6047       -50.5701        71.1748
   4400000        20.1906       -50.7367        70.9272
   4410000        24.3552       -44.8093        69.1646
   4420000        22.4429       -47.6944        70.1373
   4430000        23.9370       -50.7020        74.6390
   4440000        17.6558       -50.4691        68.1249
   4450000        18.9641       -51.6412        70.6052
   4460000        17.9367       -50.4367        68.3735
   4470000        12.4847       -52.4697        64.9544
   4480000        11.9132       -55.0818        66.9950
   4490000        15.2202       -52.5174        67.7375
   4500000        13.9126       -52.4417        66.3544
   4510000        12.9766       -51.6112        64.5878
   4520000        15.9443       -53.7791        69.7234
   4530000        19.6306       -52.0750        71.7056
   4540000        16.4445       -50.5927        67.0372
   4550000        15.8319       -53.3796        69.2116
   4560000        16.8931       -49.9912        66.8842
   4570000        20.6857       -49.6541        70.3398
   4580000        18.0774       -52.0894        70.1668
   4590000        15.2280       -51.5256        66.7536
   4600000        14.9883       -50.1670        65.1553
   4610000        16.2942       -52.4532        68.7474
   4620000        18.3011       -47.2021        65.5033
   4630000        15.8551       -47.8894        63.7445
   4640000        20.7439       -48.3823        69.1262
   4650000        21.0650       -51.2729        72.3379
   4660000        27.3860       -47.8392        75.2252
   4670000        24.6112       -47.1483        71.7594
   4680000        24.4406       -46.1712        70.6118
   4690000        23.0413       -48.3028        71.3442
   4700000        26.7163       -40.3036        67.0199
   4710000        27.7299       -40.5688        68.2987
   4720000        23.7209       -41.3378        65.0587
   4730000        21.6898       -44.2915        65.9813
   4740000        15.0502       -44.2542        59.3044
   4750000        15.2525       -45.5638        60.8162
   4760000        16.5189       -44.6990        61.2179
   4770000        14.3739       -50.5842        64.9581
   4780000        19.5792       -48.4808        68.0600
   4790000        18.4745       -48.3839        66.8584
   4800000        13.3917       -50.1357        63.5274
   4810000        14.1728       -51.2712        65.4440
   4820000        11.6165       -50.2990        61.9155
   4830000        13.2957       -49.2132        62.5089
   4840000        17.0544       -48.6704        65.7247
   4850000        17.3949       -49.7624        67.1574
   4860000        24.8192       -45.4688        70.2880
   4870000        23.3227       -45.3521        68.6749
   4880000        21.8804       -49.4805        71.3609
   4890000        19.7897       -49.3388        69.1285
   4900000        21.5322       -48.5027        70.0349
   4910000        18.7150       -47.5536        66.2686
   4920000        22.5739       -47.5232        70.0971
   4930000        23.2987       -43.5585        66.8571
   4940000        29.8139       -49.1401        78.9540
   4950000        24.7414       -50.9078        75.6492
   4960000        20.2611       -49.3482        69.6093
   4970000        20.2840       -49.8731        70.1570
   4980000        22.7105       -53.3689        76.0794
   4990000        21.6751       -52.1131        73.7882
   5000000        18.8753       -51.5758        70.4511
   5010000        19.7777       -53.1410        72.9187
   5020000        19.5966       -50.0313        69.6278
   5030000        25.1672       -45.5492        70.7164
   5040000        23.3009       -48.6247        71.9256
   5050000        25.5600       -46.9927        72.5527
   5060000        28.5574       -45.3337        73.8912
   5070000        24.9162       -49.9505        74.8667
   5080000        27.9441       -42.9273        70.8714
   5090000        22.9621       -49.0794        72.0415
   5100000        23.5502       -46.6459        70.1961
   5110000        22.0524       -45.6253        67.6777
   5120000        20.2373       -47.3945        67.6319
   5130000        18.2273       -47.8409        66.0682
   5140000        21.1311       -46.9953        68.1265
   5150000        16.8299       -49.0083        65.8382
   5160000        15.1198       -49.9835        65.1033
   5170000        16.4444       -47.7929        64.2374
   5180000        16.0832       -48.9764        65.0596
   5190000        19.5348       -50.2610        69.7958
   5200000        14.8255       -52.0524        66.8779
   5210000        21.3253       -46.7135        68.0389
   5220000        19.8696       -52.3099        72.1795
   5230000        18.8817       -52.9397        71.8214
   5240000        18.9709       -50.8263        69.7972
   5250000        14.7869       -52.5236        67.3105
   5260000        20.7497       -48.8694        69.6190
   5270000        17.8795       -50.9308        68.8104
   5280000        21.9593       -47.0608        69.0202
   5290000        21.5152       -47.9868        69.5020
   5300000        24.5407       -47.7431        72.2838
   5310000        15.0656       -49.7789        64.8445
   5320000        20.7001       -49.1226        69.8226
   5330000        24.0705       -45.3112        69.3817
   5340000        19.1350       -47.2600        66.3950
   5350000        20.6957       -45.2139        65.9096
   5360000        14.7333       -49.2686        64.0020
   5370000        17.5111       -48.6480        66.1591
   5380000        15.1285       -50.7981        65.9266
   5390000        15.9418       -49.8919        65.8338
   5400000        20.8970       -46.2768        67.1738
   5410000        22.1823       -50.0909        72.2732
   5420000        18.6810       -49.3022        67.9832
   5430000        14.1262       -50.5305        64.6566
   5440000        17.1397       -48.9682        66.1079
   5450000        16.8260       -49.8144        66.6405
   5460000        18.9607       -49.6403        68.6010
   5470000        13.2689       -50.7513        64.0202
   5480000        12.8975       -50.0944        62.9918
   5490000        13.3116       -50.0983        63.4099
   5500000        13.7922       -52.1419        65.9341
   5510000        10.9651       -53.0701        64.0352
   5520000        14.7113       -52.9115        67.6227
   5530000        22.4824       -46.8696        69.3519
   5540000        19.8629       -51.0585        70.9214
   5550000        17.1279       -47.5505        64.6784
   5560000        20.2615       -51.6672        71.9287
   5570000        18.6787       -52.6263        71.3050
   5580000        16.8991       -52.1886        69.0877
   5590000        15.0882       -54.7765        69.8647
   5600000        19.4697       -52.8577        72.3274
   5610000        17.4849       -49.5210        67.0060
   5620000        13.9748       -51.9293        65.9041
   5630000        17.5751       -50.8979        68.4729
   5640000        17.6705       -50.0331        67.7036
   5650000        13.7425       -51.1067        64.8492
   5660000        16.7028       -53.6403        70.3431
   5670000        18.4623       -51.1794        69.6416
   5680000        13.1767       -53.1045        66.2812
   5690000        13.4649       -51.0401        64.5050
   5700000        14.6849       -53.0526        67.7375
   5710000        14.9331       -52.2577        67.1908
   5720000        17.6914       -51.0343        68.7258
   5730000        17.1030       -49.6223        66.7253
   5740000        14.1276       -55.0715        69.1991
   5750000        14.9699       -55.6173        70.5872
   5760000        17.9986       -54.5021        72.5007
   5770000        17.5312       -54.4540        71.9852
   5780000        17.8739       -50.1399        68.0138
   5790000        15.9618       -54.3198        70.2816
   5800000        16.8068       -53.9721        70.7789
   5810000        20.0323       -49.3843        69.4166
   5820000        12.8736       -54.6668        67.5404
   5830000        20.2414       -49.3309        69.5723
   5840000        23.7540       -48.5193        72.2733
   5850000        21.3768       -50.3460        71.7227
   5860000        19.7800       -48.2565        68.0365
   5870000        20.0284       -46.4658        66.4941
   5880000        22.2673       -51.3524        73.6197
   5890000        19.9233       -52.5966        72.5199
   5900000        17.4910       -57.9509        75.4419
   5910000        16.9688       -57.2664        74.2351
   5920000        19.1956       -54.9161        74.1117
   5930000        19.1760       -52.8763        72.0523
   5940000        19.9081       -48.5075        68.4156
   5950000        16.5325       -52.2539        68.7863
   5960000        16.9812       -50.7324        67.7136
   5970000        18.3157       -50.0666        68.3823
   5980000        17.2960       -50.5673        67.8633
   5990000        12.2973       -52.1650        64.4623
   6000000        22.0985       -47.8672        69.9656
   6010000        10.0853       -53.6232        63.7085
   6020000        17.6519       -50.2727        67.9246
   6030000        13.2518       -50.6874        63.9392
   6040000        12.8017       -54.3039        67.1057
   6050000        16.3181       -53.5776        69.8957
   6060000        16.1053       -55.7067        71.8119
   6070000        17.6165       -51.1841        68.8006
   6080000        13.1980       -54.2776        67.4756
   6090000        17.7288       -53.8686        71.5974
   6100000        17.0625       -54.5258        71.5883
   6110000        13.0056       -57.0693        70.0749
   6120000        17.6210       -50.6628        68.2838
   6130000        16.4044       -51.5874        67.9919
   6140000        15.4166       -52.9172        68.3338
   6150000        15.3593       -54.2391        69.5984
   6160000        17.0703       -53.9330        71.0033
   6170000        23.5408       -47.8372        71.3780
   6180000        18.2160       -52.8491        71.0651
   6190000        19.4632       -53.6117        73.0749
   6200000        18.1472       -55.7279        73.8751
   6210000        22.4729       -51.2557        73.7286
   6220000        18.2850       -52.6268        70.9118
   6230000        19.0091       -51.4434        70.4525
   6240000        20.5324       -54.2665        74.7989
   6250000        20.0606       -52.6480        72.7086
   6260000        22.9440       -48.1437        71.0877
   6270000        22.5276       -47.6510        70.1786
   6280000        19.3899       -48.9689        68.3588
   6290000        20.3496       -47.9242        68.2738
   6300000        22.4292       -45.8811        68.3103
   6310000        24.9175       -41.6671        66.5846
   6320000        19.6537       -46.9836        66.6373
   6330000        16.0239       -48.9323        64.9561
   6340000        22.6061       -49.5247        72.1308
   6350000        20.6998       -48.7552        69.4550
   6360000        20.9267       -48.8608        69.7875
   6370000        19.1714       -50.4116        69.5830
   6380000        16.4422       -53.2285        69.6707
   6390000        20.1891       -49.0706        69.2598
   6400000        24.9025       -46.2378        71.1403
   6410000        21.1596       -49.9661        71.1257
   6420000        17.8383       -49.7983        67.6366
   6430000        18.9516       -50.9081        69.8597
   6440000        22.4394       -49.2880        71.7273
   6450000        23.1205       -51.2380        74.3585
   6460000        11.9900       -53.9837        65.9737
   6470000        17.0546       -52.3490        69.4036
   6480000        15.0779       -53.6003        68.6782
   6490000        20.6288       -52.1725        72.8013
   6500000        19.5628       -54.4119        73.9747
   6510000        22.0576       -51.4380        73.4956
   6520000        27.8055       -49.2217        77.0272
   6530000        19.4464       -50.4211        69.8675
   6540000        16.0687       -53.3641        69.4328
   6550000        19.2677       -50.3530        69.6207
   6560000        16.1258       -51.7996        67.9254
   6570000        21.5600       -49.9383        71.4982
   6580000        19.5984       -48.7819        68.3803
   6590000        19.9971       -46.7417        66.7388
   6600000        17.6099       -49.1396        66.7495
   6610000        15.6433       -50.0398        65.6831
   6620000        17.1337       -50.5347        67.6684
   6630000        17.8192       -54.1854        72.0047
   6640000        19.4619       -56.3417        75.8035
   6650000        18.7630       -52.4473        71.2104
   6660000        17.3809       -54.0498        71.4308
   6670000        19.6852       -50.0573        69.7425
   6680000        18.8548       -48.5774        67.4322
   6690000        20.5997       -44.7411        65.3408
   6700000        24.3365       -46.9612        71.2976
   6710000        28.9349       -44.8777        73.8126
   6720000        21.4555       -47.4035        68.8590
   6730000        31.2636       -43.7293        74.9928
   6740000        27.5654       -44.3337        71.8991
   6750000        22.0577       -48.2718        70.3296
   6760000        19.8928       -48.6321        68.5249
   6770000        26.1759       -49.4018        75.5777
   6780000        24.8330       -50.9756        75.8086
   6790000        22.5420       -53.4660        76.0080
   6800000        18.1107       -51.4117        69.5224
   6810000        17.4649       -50.2805        67.7453
   6820000        19.6804       -50.8201        70.5005
   6830000        23.2985       -47.2462        70.5447
   6840000        23.9047       -43.6634        67.5681
   6850000        24.8722       -45.9251        70.7973
   6860000        24.7163       -43.4886        68.2049
   6870000        20.6973       -50.0940        70.7912
   6880000        21.8228       -47.1576        68.9804
   6890000        15.6495       -45.9956        61.6451
   6900000        20.9986       -43.5636        64.5621
   6910000        15.4677       -47.4787        62.9464
   6920000        13.3996       -47.0807        60.4803
   6930000        21.0229       -45.5292        66.5521
   6940000        24.1212       -43.8043        67.9254
   6950000        12.7985       -48.6525        61.4510
   6960000        15.8166       -49.9641        65.7807
   6970000        13.4713       -48.6623        62.1336
   6980000        15.5364       -47.6570        63.1934
   6990000        13.4015       -49.1879        62.5894
   7000000        18.0212       -47.3823        65.4035
   7010000        13.7993       -48.0820        61.8814
   7020000        18.8224       -45.1694        63.9918
   7030000        24.1692       -41.6748        65.8440
   7040000        21.6444       -43.3435        64.9879
   7050000        23.0640       -42.3458        65.4099
   7060000        31.3686       -39.0771        70.4458
   7070000        19.0099       -43.8464        62.8563
   7080000        20.9993       -43.8077        64.8070
   7090000        23.7769       -45.2911        69.0680
   7100000        23.3979       -46.9486        70.3465
   7110000        23.5985       -45.0136        68.6121
   7120000        19.5784       -45.4143        64.9927
   7130000        27.4868       -41.8811        69.3679
   7140000        24.1599       -44.5582        68.7181
   7150000        23.8482       -41.1788        65.0270
   7160000        26.3472       -39.1759        65.5231
   7170000        25.0494       -43.5563        68.6057
   7180000        25.9153       -42.4940        68.4093
   7190000        25.3891       -41.8997        67.2887
   7200000        19.4984       -43.5440        63.0424
   7210000        22.6779       -44.7817        67.4596
   7220000        18.5699       -44.6114        63.1814
   7230000        29.9233       -40.3045        70.2278
   7240000        19.3090       -48.2484        67.5573
   7250000        18.0532       -49.7764        67.8296
   7260000        25.0153       -41.6366        66.6519
   7270000        30.5367       -33.8183        64.3550
   7280000        29.8855       -38.5821        68.4675
   7290000        26.3258       -37.7175        64.0433
   7300000        21.0911       -40.2646        61.3556
   7310000        18.6125       -42.4870        61.0995
   7320000        28.7705       -40.3843        69.1548
   7330000        21.5887       -42.8522        64.4409
   7340000        21.6370       -43.5663        65.2033
   7350000        26.1265       -40.6155        66.7419
   7360000        23.0086       -45.0700        68.0785
   7370000        24.0423       -46.5959        70.6382
   7380000        20.6596       -48.2933        68.9529
   7390000        21.6334       -49.3634        70.9968
   7400000        18.9536       -47.2059        66.1595
   7410000        17.6332       -50.9640        68.5972
   7420000        16.0985       -47.4280        63.5265
   7430000        16.5057       -48.4826        64.9883
   7440000        15.0117       -48.5719        63.5836
   7450000        13.9937       -48.1462        62.1398
   7460000        16.0385       -48.1172        64.1557
   7470000        18.3310       -51.2004        69.5314
   7480000        14.5113       -53.3365        67.8479
   7490000        15.5996       -51.7142        67.3138
   7500000        14.0768       -50.6648        64.7416
   7510000        14.1122       -52.9552        67.0674
   7520000        10.0497       -51.4618        61.5115
   7530000        15.0698       -49.3884        64.4581
   7540000        10.2224       -53.4144        63.6368
   7550000        13.5520       -48.6630        62.2151
   7560000        12.6439       -49.3960        62.0399
   7570000         9.8748       -48.4912        58.3660
   7580000        13.3825       -49.0938        62.4763
   7590000        10.1353       -52.0815        62.2168
   7600000        10.8791       -49.7524        60.6315
   7610000        11.6476       -49.2771        60.9246
   7620000        16.2843       -47.5650        63.8493
   7630000        17.8704       -49.1486        67.0190
   7640000        15.3598       -44.2946        59.6544
   7650000        20.9609       -45.1786        66.1395
   7660000        22.4163       -42.7275        65.1438
   7670000        18.2788       -44.9113        63.1900
   7680000        24.4772       -43.0844        67.5616
   7690000        19.6609       -46.8332        66.4941
   7700000        18.3166       -46.3652        64.6818
   7710000        19.7174       -44.1983        63.9157
   7720000        18.0600       -45.9277        63.9877
   7730000        15.6658       -47.2317        62.8975
   7740000        18.9140       -48.0387        66.9527
   7750000        20.8406       -49.1202        69.9608
   7760000        19.4988       -48.6190        68.1178
   7770000        16.6139       -47.8881        64.5020
   7780000        19.6214       -47.7203        67.3417
   7790000        21.7986       -45.2240        67.0227
   7800000        18.1102       -46.6695        64.7798
   7810000        18.6454       -46.1498        64.7952
   7820000        19.0243       -47.6465        66.6708
   7830000        15.3699       -49.4721        64.8420
   7840000        15.7038       -49.7012        65.4049
   7850000        16.0819       -49.9099        65.9918
   7860000        14.8386       -52.1216        66.9602
   7870000        28.7555       -44.6579        73.4133
   7880000        15.6941       -50.6717        66.3658
   7890000        17.3976       -48.5176        65.9152
   7900000        19.0762       -46.7231        65.7993
   7910000        15.6544       -48.9484        64.6029
   7920000        22.4148       -44.5970        67.0118
   7930000        27.4203       -43.4140        70.8343
   7940000        25.8356       -40.8452        66.6808
   7950000        20.8586       -47.4546        68.3131
   7960000        18.7108       -49.1762        67.8870
   7970000        20.8124       -46.3892        67.2017
   7980000        16.5830       -50.8239        67.4068
   7990000        11.3591       -52.0103        63.3694
   8000000        11.6598       -50.5606        62.2204
   8010000        13.0138       -51.5364        64.5503
   8020000        13.7539       -51.3094        65.0633
   8030000        11.0137       -53.1675        64.1813
   8040000        11.4664       -51.4078        62.8742
   8050000        12.5260       -48.9613        61.4873
   8060000        17.3513       -47.0777        64.4290
   8070000        14.5988       -50.6026        65.2014
   8080000        13.1510       -51.4638        64.6148
   8090000        11.1063       -50.1575        61.2639
   8100000        12.1820       -50.4364        62.6184
   8110000        10.7771       -50.6240        61.4011
   8120000        13.5621       -49.8613        63.4235
   8130000        17.6504       -46.8089        64.4593
   8140000        18.3594       -46.4170        64.7765
   8150000        20.5472       -48.0713        68.6185
   8160000        18.3172       -50.3628        68.6800
   8170000        19.5135       -52.6516        72.1650
   8180000        13.8703       -53.6989        67.5692
   8190000        20.4050       -48.5916        68.9966
   8200000        19.1927       -52.3323        71.5250
   8210000        21.4544       -47.5052        68.9597
   8220000        23.6315       -48.7145        72.3460
   8230000        22.4353       -50.5596        72.9950
   8240000        27.5140       -52.2021        79.7161
   8250000        20.5312       -51.3764        71.9075
   8260000        18.7209       -49.9836        68.7044
   8270000        20.0411       -52.0998        72.1409
   8280000        17.3490       -50.5825        67.9315
   8290000        17.0076       -52.1061        69.1136
   8300000        19.6858       -49.9789        69.6647
   8310000        17.6992       -50.2254        67.9245
   8320000        18.7904       -50.6928        69.4831
   8330000        18.8039       -51.2836        70.0875
   8340000        23.2377       -48.9095        72.1472
   8350000        20.2419       -52.1124        72.3543
   8360000        22.6642       -52.2873        74.9515
   8370000        23.8513       -48.9390        72.7903
   8380000        15.5588       -53.5371        69.0959
   8390000        19.2054       -52.7051        71.9104
   8400000        19.2933       -50.9668        70.2601
   8410000        22.4447       -48.1976        70.6423
   8420000        24.9776       -49.3511        74.3288
   8430000        25.5571       -50.4329        75.9899
   8440000        22.0426       -49.8976        71.9402
   8450000        22.0887       -49.2017        71.2904
   8460000        14.3717       -53.2689        67.6406
   8470000        18.7718       -47.0368        65.8086
   8480000        21.7606       -45.6513        67.4119
   8490000        15.4664       -48.3450        63.8114
   8500000        12.7054       -52.4173        65.1227
   8510000        14.5321       -53.9709        68.5029
   8520000        15.4281       -54.9600        70.3881
   8530000        13.8376       -54.0825        67.9201
   8540000        16.3278       -49.7514        66.0791
   8550000        15.6947       -52.3654        68.0601
   8560000        18.1004       -50.3038        68.4042
   8570000        24.0723       -51.4725        75.5449
   8580000        20.8737       -49.4654        70.3391
   8590000        15.6313       -52.8805        68.5118
   8600000        22.8058       -49.6601        72.4659
   8610000        21.5327       -53.2236        74.7563
   8620000        21.4669       -50.6808        72.1476
   8630000        19.4166       -49.1552        68.5718
   8640000        17.1428       -50.8577        68.0006
   8650000        19.3803       -48.3845        67.7648
   8660000        19.6031       -47.3923        66.9954
   8670000        17.5937       -49.1094        66.7031
   8680000        20.5331       -51.4813        72.0144
   8690000        19.3488       -50.3164        69.6652
   8700000        20.9048       -48.2418        69.1466
   8710000        30.7541       -47.1929        77.9470
   8720000        22.0662       -48.7190        70.7851
   8730000        23.7421       -47.2212        70.9633
   8740000        21.9093       -52.5722        74.4815
   8750000        19.2674       -52.8707        72.1381
   8760000        19.5839       -51.7549        71.3388
   8770000        20.4191       -54.9556        75.3747
   8780000        22.2542       -52.5884        74.8427
   8790000        20.5111       -54.6257        75.1368
   8800000        19.7460       -54.2342        73.9802
   8810000        17.2863       -53.9579        71.2441
   8820000        19.1486       -49.8798        69.0284
   8830000        24.6074       -51.8729        76.4804
   8840000        21.4394       -47.9009        69.3403
   8850000        24.3086       -48.7980        73.1066
   8860000        16.6954       -49.2256        65.9210
   8870000        19.0976       -45.7018        64.7994
   8880000        16.4227       -49.5023        65.9250
   8890000        17.2238       -46.8758        64.0996
   8900000        18.2131       -50.0254        68.2384
   8910000        21.6700       -49.9406        71.6106
   8920000        14.9505       -49.4377        64.3881
   8930000        15.5738       -50.6120        66.1857
   8940000        15.8579       -48.9024        64.7603
   8950000        24.9066       -50.3851        75.2916
   8960000        18.7674       -46.9470        65.7144
   8970000        21.5310       -47.6043        69.1353
   8980000        20.1192       -46.3646        66.4838
   8990000        25.7973       -46.9913        72.7887
   9000000        29.5548       -46.0978        75.6526
   9010000        26.8198       -45.6961        72.5159
   9020000        26.5815       -44.4669        71.0484
   9030000        27.3319       -42.0723        69.4043
   9040000        22.7427       -44.7901        67.5329
   9050000        26.0895       -42.4281        68.5176
   9060000        23.3998       -45.5780        68.9778
   9070000        20.0487       -47.1054        67.1541
   9080000        24.6374       -46.9111        71.5485
   9090000        26.7774       -44.4709        71.2483
   9100000        26.4710       -47.4637        73.9346
   9110000        24.8454       -46.4826        71.3280
   9120000        23.4798       -46.5244        70.0042
   9130000        25.0203       -44.9814        70.0017
   9140000        20.6518       -48.0660        68.7178
   9150000        21.0055       -51.0097        72.0152
   9160000        24.7091       -49.9718        74.6809
   9170000        17.8373       -51.2815        69.1188
   9180000        25.9012       -47.7962        73.6974
   9190000        23.8475       -48.7574        72.6049
   9200000        25.8320       -45.0715        70.9035
   9210000        23.1999       -46.8816        70.0815
   9220000        19.5607       -50.4138        69.9746
   9230000        16.8275       -51.7053        68.5328
   9240000        21.1596       -48.3610        69.5207
   9250000        21.6817       -51.3218        73.0034
   9260000        15.1810       -52.4586        67.6397
   9270000        14.2435       -50.4003        64.6438
   9280000        19.0121       -46.1417        65.1538
   9290000        23.3454       -43.3876        66.7331
   9300000        21.0988       -42.5231        63.6218
   9310000        17.8937       -45.4178        63.3115
   9320000        14.0105       -46.7916        60.8021
   9330000        17.7295       -42.9141        60.6436
   9340000        16.0161       -47.4124        63.4285
   9350000        17.0494       -47.8116        64.8610
   9360000        17.2116       -48.2772        65.4889
   9370000        21.0820       -46.1886        67.2705
   9380000        13.2455       -47.9416        61.1870
   9390000        16.0584       -47.4944        63.5527
   9400000        24.4341       -44.4528        68.8870
   9410000        17.4028       -47.9222        65.3250
   9420000        21.6696       -45.4980        67.1676
   9430000        16.7943       -44.9870        61.7813
   9440000        17.4313       -46.3046        63.7358
   9450000        15.3413       -45.0407        60.3821
   9460000        14.9259       -46.6698        61.5957
   9470000        10.8783       -50.8031        61.6814
   9480000        17.4347       -45.5174        62.9521
   9490000        16.7199       -44.6848        61.4047
   9500000        19.5329       -43.4924        63.0253
   9510000        21.9020       -41.5856        63.4876
   9520000         9.8723       -53.0668        62.9392
   9530000        12.7919       -49.1583        61.9502
   9540000        12.3384       -52.5463        64.8847
   9550000        21.9243       -52.3271        74.2515
   9560000        21.4238       -46.9053        68.3291
   9570000        20.7832       -50.9609        71.7441
   9580000        10.4037       -54.1577        64.5614
   9590000        11.7797       -51.2702        63.0500
   9600000        12.3096       -51.7008        64.0104
   9610000        18.5186       -46.4412        64.9598
   9620000        14.3082       -52.3540        66.6622
   9630000        20.4958       -48.5503        69.0462
   9640000        13.2776       -47.1513        60.4289
   9650000        17.6739       -44.2420        61.9159
   9660000        21.5978       -47.6914        69.2892
   9670000        15.3017       -48.6059        63.9076
   9680000         9.3746       -49.4140        58.7886
   9690000        11.0530       -47.9040        58.9570
   9700000        14.6101       -48.6733        63.2834
   9710000        11.8266       -46.8633        58.6899
   9720000        17.8995       -46.8047        64.7042
   9730000        15.6354       -49.2560        64.8914
   9740000        14.6576       -48.4295        63.0871
   9750000        19.8206       -41.6507        61.4713
   9760000        25.9980       -38.5665        64.5645
   9770000        19.3105       -39.5055        58.8159
   9780000        22.7487       -41.5146        64.2633
   9790000        22.3931       -38.1221        60.5152
   9800000        19.1885       -48.3431        67.5316
   9810000        15.3793       -52.0806        67.4598
   9820000        12.5873       -49.1873        61.7746
   9830000        12.0589       -48.7034        60.7623
   9840000        10.2989       -52.1789        62.4778
   9850000        13.3956       -47.4138        60.8093
   9860000        13.5058       -47.1006        60.6064
   9870000        13.0541       -46.3414        59.3955
   9880000        18.9825       -46.5984        65.5809
   9890000        14.8184       -49.8779        64.6963
   9900000        17.6906       -43.5342        61.2249
   9910000        18.1978       -45.3899        63.5877
   9920000        23.0685       -44.0612        67.1297
   9930000        26.8376       -39.3529        66.1905
   9940000        17.1009       -46.4196        63.5205
   9950000        20.9454       -46.5825        67.5278
   9960000        17.2018       -47.2841        64.4859
   9970000        16.4912       -45.7036        62.1947
   9980000        20.1880       -45.5480        65.7360
   9990000        28.6291       -45.9899        74.6189
  10000000        19.3863       -46.9360        66.3223
