# Step Torsion_Angles(rad)...
         1    2.3935    1.6913    1.6101    0.7059    2.8669    2.2525    0.6417    0.2188    2.7470    2.2528    0.6572    0.2005    2.7604    2.2469    0.6630    0.2060    2.7597    2.3869    0.4809    0.2723    2.7442    2.5341    0.2259    0.4047    2.7199    2.5343    0.2532    0.3948    2.7230    2.5271    0.0517    0.7989    2.4859    1.6253    1.1642    0.2160    2.5788    1.7847    1.0176    0.2435    2.5812    1.8022    1.2361    0.1099    2.8278    2.5449    0.3392    0.2877    2.7922    2.5449    0.3392    0.2877    2.7922    2.5449    0.0716    0.6732    2.6062    1.9566    0.5445    0.5450    2.5305    2.0980    0.5218    0.3129    2.7217    2.5236    0.1771    0.7866    2.6499    2.5788    0.2199    0.7737    2.6670    2.4975    0.0439    0.7007    2.7458    2.6386    0.2516    0.7076    2.8352    3.0571    0.9831    1.1533    2.8224    2.9797    0.7058    0.9604    2.8467    2.9736    0.6586    0.8872    2.8542    2.9640    0.6068    0.8412    2.9739
     10000    1.2197    2.0559    2.0062    0.2993    0.8217    2.1753    1.6564    1.0545    1.2017    1.2286    2.6609    1.6837    2.7709    1.2328    2.4464    0.2788    3.1063    2.0315    0.0820    1.4864    2.2452    1.2115    0.7043    1.0578    1.0144    1.0360    3.1280    2.1700    2.7492    2.6250    1.9131    1.7149    2.8295    1.5471    2.1550    1.9637    2.3449    0.8398    2.7419    0.2380    0.2542    0.5076    1.3464    0.6951    0.2881    0.6228    1.2783    0.9297    0.9105    1.9929    1.6080    1.1700    0.3065    2.5557    0.1653    0.9268    0.8220    0.1499    0.7552    3.0588    0.6293    1.7393    0.1414    2.5309    0.1603    2.1100    0.5126    2.4304    0.8724    2.7284    0.4089    2.8009    1.5484    0.8342    1.1266    2.9023    1.2636    1.7616    0.0872    1.7768    1.0271    2.0045    0.8174    2.1631    1.1187    1.7157    0.8422    2.2158    1.3666    1.1783    0.7553    0.2157    1.0076    0.6488    0.2755    0.3132    1.2777
     20000    2.1041    1.7974    1.5940    2.8396    1.2659    2.3943    2.8904    2.4142    1.5809    0.3608    2.2167    0.8978    2.1166    0.4658    1.2827    0.1373    0.5516    2.5121    0.2800    0.1624    0.0127    2.7640    0.2045    0.0544    0.0759    0.0763    2.4157    0.3138    0.0127    1.4808    0.2817    0.4290    1.6165    0.6771    3.0095    0.1086    2.6096    1.0610    1.0969    1.4592    0.6142    1.6396    1.6473    0.3699    1.9340    0.8102    1.7807    0.2739    1.7196    0.5319    2.1632    0.5547    2.3866    0.9553    1.9339    0.1329    1.8543    0.7603    2.8518    0.4834    2.7435    0.1025    1.4204    0.3554    1.3604    0.0852    1.4673    0.5109    2.7723    2.2128    1.9006    0.9757    2.7428    1.3696    1.2718    1.2206    2.3266    0.5198    2.2538    0.2775    1.6269    0.5518    0.1218    0.1366    1.7315    2.3137    1.3145    0.0090    2.3778    0.2155    2.9577    1.0017    2.5974    1.2077    2.3002    0.1177    2.1882
     30000    2.2491    0.6789    2.1446    0.2842    2.2000    0.6691    1.8556    2.7454    1.1197    0.3538    1.9434    1.3490    0.6949    0.9190    1.1868    1.7536    1.6328    1.0752    0.0526    0.8072    2.9333    0.4225    1.7723    0.0404    2.3011    0.3618    2.5596    1.4720    1.7506    0.6799    0.5760    0.5457    0.0617    1.2317    1.2909    1.1532    0.7268    0.8973    1.4169    0.5170    0.2403    0.3041    1.2875    1.1709    3.0768    0.0418    2.9398    0.2276    1.9798    0.6973    2.2742    1.7777    0.8646    2.9990    0.8289    1.0303    0.1066    2.7256    0.0786    2.7608    2.7334    2.0163    0.8465    1.6338    0.7320    2.9654    0.5336    2.8846    1.7426    1.9851    2.2818    1.3673    2.7055    1.7701    2.1756    2.2051    2.4136    2.3051    2.1111    1.6308    2.6264    1.4010    0.5207    1.7825    1.8192    2.5080    0.7467    2.1789    0.6697    0.3644    0.1694    2.2159    1.5535    0.6215    0.4182    0.5843    0.5268
     40000    1.5974    0.8991    1.3171    0.3925    2.5021    0.7897    1.4371    2.3985    2.0104    2.8579    1.4323    2.3859    2.2085    1.5324    2.0265    3.1405    0.6422    1.7030    1.1636    2.8478    0.9555    1.9526    0.4771    2.1067    0.2403    1.2496    2.7271    0.9031    1.1980    0.5194    1.2469    0.8041    0.7675    0.4052    1.4022    0.5565    0.8923    0.0253    0.8716    0.2868    0.9019    0.9683    1.7675    1.3594    2.7280    0.2463    2.9937    0.3522    1.5794    0.5175    2.2995    1.6169    0.9861    2.3936    0.6830    0.8783    1.5567    1.1493    1.9632    2.5501    2.1064    0.5653    2.1004    1.9472    1.5758    1.9513    1.4024    2.2782    2.6078    2.6296    2.2239    2.8784    1.2036    0.2390    1.8724    2.2632    1.9295    2.7409    1.4378    1.4978    2.2835    1.2098    1.4192    1.4170    2.9618    0.1497    1.4746    2.0826    0.5707    2.8441    0.3276    1.8190    0.9762    1.0505    1.0175    0.7872    1.4236
     50000    1.1403    1.1610    2.1971    1.6404    1.0775    0.3749    2.6496    0.9141    3.0682    0.0077    1.6810    1.5775    2.4725    1.4101    2.3338    0.4749    2.4812    1.5036    0.1413    0.3629    0.7484    0.4733    0.8600    0.3538    1.4878    0.3757    3.0972    0.2618    2.4058    0.6909    1.5863    0.0102    0.6757    0.0907    1.5611    0.6203    0.7795    1.1196    1.5328    1.5141    1.0576    2.9534    0.1579    1.4346    0.4355    1.0664    0.2978    1.0709    0.7029    1.8173    0.5057    0.9035    0.5118    1.3330    0.6541    0.2253    0.2263    2.4780    0.4993    2.5949    0.3050    0.2882    0.5757    2.3959    0.7220    1.9962    0.8259    2.3361    2.2691    2.4557    0.1389    1.8871    0.6320    1.0919    3.1307    0.9892    2.3538    2.2868    2.7592    1.0754    2.8714    2.4838    2.7788    0.8856    1.4805    1.8398    0.7135    0.6286    0.1798    0.8306    0.7470    2.7992    0.6232    1.5985    0.6606    1.0880    0.0099
     60000    1.8248    1.6175    2.2627    2.3743    1.5844    2.1687    2.5607    2.8234    2.8205    2.7426    0.3293    2.1046    1.1837    2.8995    1.3908    0.7571    2.3011    2.0219    2.8736    3.1254    2.6637    2.5757    2.9933    2.4338    3.0115    2.0248    2.2510    3.1213    2.6176    1.9911    2.5572    2.5035    2.7891    2.8083    1.4452    0.2761    2.2994    2.3682    2.0149    3.1070    0.1938    1.8777    2.7408    0.1132    1.5421    2.5778    1.8317    1.0962    2.0425    1.2550    2.0224    0.0410    1.9731    0.5605    1.5846    1.0503    1.7707    0.8928    1.7677    1.0946    2.4433    1.9269    2.4774    2.2748    2.3042    1.0104    2.9812    2.3493    1.9453    3.0240    2.9428    0.8419    2.8846    0.6562    1.6071    1.3185    1.4858    0.6998    1.3214    1.6548    1.8236    2.5535    2.3697    0.5939    2.2504    2.7866    2.1237    1.2756    3.0338    1.2730    3.0975    0.7031    2.2519    1.3199    2.0718    1.0377    2.0729
     70000    1.9268    1.4792    2.2025    2.0863    1.7821    1.9588    2.6047    2.7625    2.8902    2.3474    0.5879    1.4549    1.6781    1.4654    1.5720    2.8243    2.0242    1.6893    0.7744    1.3919    1.7981    2.0681    0.2455    1.3290    0.9485    1.4895    2.4750    2.6777    2.6861    2.5054    2.1505    2.6249    2.1987    1.3657    1.2170    0.0358    1.5843    0.0746    1.5422    1.4619    1.7510    0.6668    2.4281    0.5342    0.3683    1.0072    1.1102    0.6138    1.6659    0.9086    2.3224    0.2986    2.3558    0.6777    1.6366    0.4786    1.9824    1.0247    1.5890    0.0549    3.0685    1.2194    2.4687    1.9979    2.2424    0.7770    2.8612    2.3539    2.2728    3.0396    3.0209    0.7485    2.9214    0.5066    0.5431    0.5543    0.5502    2.3699    1.4088    1.4239    2.1774    2.2070    2.4663    0.5861    2.2161    2.8309    2.0941    1.1726    2.8609    1.1239    2.8863    1.0155    2.6940    1.0508    2.2734    0.2346    1.3231
     80000    1.8958    2.6177    2.0621    2.8681    0.5085    2.4838    2.3837    1.9550    2.8948    1.5628    2.3391    1.2162    2.4957    1.8554    0.9133    1.3548    1.7610    2.5471    0.5505    1.4657    1.0036    1.5730    0.5406    1.0650    1.0325    1.1808    2.8356    2.6390    2.8524    2.6692    1.8795    2.7517    2.0000    1.5266    3.1087    0.9742    1.7433    2.2657    2.2207    0.8150    2.5729    1.4102    1.0616    2.9197    0.9408    0.8147    0.4299    1.0412    1.6351    1.8553    2.8662    1.6293    1.8624    1.8686    1.6805    0.2891    3.0910    1.3001    1.1331    2.4464    1.5289    0.7642    2.1716    2.4717    0.5674    0.6060    1.8952    1.9819    2.9437    3.0905    2.7234    1.6113    2.2936    1.2298    1.5027    0.8331    1.0970    2.6893    1.6937    1.7502    2.2617    2.4631    2.1088    2.7290    2.7325    2.9650    2.1975    1.4195    2.1231    1.9399    1.7076    1.9675    1.9071    1.7843    1.9205    1.7870    1.8488
     90000    1.2950    1.4578    1.1816    2.2153    0.2866    1.5464    3.0661    1.9544    2.2453    2.8000    1.7534    2.3276    0.8774    1.1435    2.2283    1.4636    2.4685    1.0287    1.2545    2.7412    1.7484    2.1321    2.4946    1.0103    2.2928    0.5492    1.3895    1.8608    2.2570    0.6840    0.8882    1.0409    0.5183    0.0530    2.5074    0.4865    2.6319    0.1490    2.6336    0.9931    0.2207    0.3170    0.5840    0.5215    1.9259    0.1277    2.0535    0.3820    2.6841    1.3011    1.9326    0.5072    1.3519    2.0021    0.7311    1.2007    0.7270    2.4300    0.6872    0.0726    0.2861    1.9039    0.8124    2.7073    0.2218    1.5541    0.2809    1.0555    3.0906    0.6966    3.0968    0.7863    2.6058    1.2460    2.7373    2.9910    3.1223    0.1651    2.9266    3.0254    2.9426    2.7768    2.0937    1.4165    2.1358    2.4433    0.6806    1.2084    0.0292    2.2370    0.0119    2.4816    0.2173    2.4628    0.2682    2.6471    0.2401
    100000    2.0048    2.0768    2.7370    2.0333    2.4434    1.2176    2.5839    0.6222    1.4283    1.5747    2.6511    0.2560    2.4377    0.8595    2.8912    1.4182    1.3562    2.5889    0.7644    1.9929    2.6006    1.8880    1.8293    0.9479    1.8163    0.0719    2.7261    0.8541    1.8616    0.5579    1.0727    1.2435    0.5381    1.4968    0.8748    0.0567    0.4792    1.6740    0.1893    1.8369    2.1279    2.5999    2.4681    1.4098    3.0181    1.5104    2.2194    1.1508    2.9906    2.0556    1.7982    1.3553    3.0532    0.8068    2.5934    0.6001    2.9319    2.9126    2.8625    3.1178    3.0134    0.9665    1.6694    0.5507    1.0024    0.6544    1.6137    1.5405    2.5630    2.8619    1.3852    2.4650    1.3491    2.8755    2.6575    1.9527    0.4335    2.1620    1.6812    0.6961    1.1494    2.1115    2.5260    0.9956    2.5177    0.5092    1.4871    0.9020    0.6890    0.6893    2.4985    0.8536    2.0286    1.7127    2.1319    2.1661    2.3464
    110000    1.4002    2.3265    1.1751    2.2390    0.4663    1.9525    2.6667    0.6370    1.6760    0.9678    1.8564    0.0658    2.9108    0.8726    2.3252    1.4214    0.9339    0.2142    0.1470    0.5665    1.4591    1.8993    2.8850    1.1421    1.5860    0.5173    2.6947    1.7345    2.5003    2.6568    0.9976    0.7857    2.4866    0.6143    2.3099    0.1229    0.0248    1.8024    1.6092    1.1805    2.3217    2.2466    1.0491    2.9286    0.6138    2.4866    1.2966    1.8861    1.8438    2.2394    0.9480    0.6480    1.2887    0.5169    1.6261    0.2143    1.3714    0.7405    0.7728    2.2539    1.6890    0.6290    2.2836    1.8114    0.1393    1.3580    0.5187    1.6634    2.9632    3.0941    2.0694    2.5366    1.0002    1.3411    0.3188    0.1302    0.4077    2.1038    1.6591    1.4160    2.5749    2.7480    2.2087    2.9379    2.5600    2.5793    2.6064    1.7752    2.4484    1.4124    3.1214    1.4232    2.6584    1.1508    3.0593    0.9599    1.3501
    120000    1.6083    1.2894    2.8926    1.9153    3.0639    2.1142    2.4912    0.1396    0.7686    2.1101    1.7392    1.4917    0.7378    2.9272    2.8859    2.5153    2.9054    2.7732    2.0759    1.7238    3.0623    2.9995    2.8094    1.3223    2.9050    1.1311    1.2524    1.3323    1.9855    1.1680    3.1371    1.0736    1.5187    1.5878    1.8750    0.1280    1.4959    2.0386    1.3716    2.9525    2.6417    3.1183    2.8785    1.6153    2.5642    1.9398    2.3927    1.8312    2.7982    1.9349    1.9794    0.6881    1.9246    0.5691    1.1769    1.0282    2.7032    2.1398    2.8939    1.9933    2.8549    1.0428    2.7612    0.6763    2.7699    0.0933    2.7972    2.0997    3.0847    0.4934    1.2985    2.0441    2.9964    0.0933    2.8423    2.1739    0.2959    1.7396    1.2400    1.1540    0.0155    2.8065    2.6276    0.8333    2.6310    2.0611    2.5152    1.4083    1.7932    0.9260    2.5757    1.6310    2.9688    1.2036    2.5066    1.8206    2.9540
    130000    2.0743    0.6349    2.8649    0.3418    2.9904    0.2246    2.8338    3.1267    2.5780    0.7790    2.7566    0.2586    2.5881    1.2107    1.5902    3.0477    1.8040    0.6825    0.9808    1.5717    1.4012    2.5624    0.1532    3.0022    0.2717    3.1382    1.7450    0.4126    2.8658    1.6025    1.7003    0.7048    2.8549    1.3518    2.3723    0.8087    0.6636    1.4485    0.9010    0.7926    0.0685    0.1732    2.9333    0.2603    2.9219    0.4361    2.3864    0.6795    2.3047    0.9247    1.6586    0.1855    1.8037    0.3582    1.1412    0.2586    1.9644    0.5772    2.5282    0.4590    2.8583    1.0812    2.9055    0.7408    0.8025    1.3308    2.1380    2.7177    1.8869    2.5328    2.9925    0.2616    2.3691    0.1170    0.2624    1.9123    1.7531    0.7218    1.0700    1.2226    3.0251    1.2751    2.5786    0.5548    2.3191    3.0045    2.5473    0.9772    1.2388    1.5044    2.2302    1.2681    2.5430    2.0352    1.9002    1.8266    1.9445
    140000    2.0418    1.1647    2.6067    1.4671    2.7385    1.0745    2.6219    2.7233    2.7270    1.5498    2.1259    0.5286    2.9680    1.5713    1.7681    2.3863    1.7188    2.1863    0.8848    1.6186    0.6838    2.0853    0.2676    2.0949    0.9669    1.4507    2.6656    2.9017    2.8665    2.6575    2.1135    2.6442    2.1503    1.0340    2.5541    0.1329    1.8538    1.0644    0.9309    2.2121    0.6039    2.9680    2.5396    0.7606    1.9417    0.9696    2.6472    0.1787    2.0402    0.5197    2.2771    1.3618    2.3269    0.8687    2.3110    0.2870    2.3797    0.9460    1.2682    0.8401    2.8913    0.9508    2.8165    1.9106    1.0282    0.4504    2.0327    1.9077    2.8079    2.9817    2.8087    1.1270    2.6955    0.8888    1.1324    0.7607    0.5818    0.7573    1.5524    1.5407    2.3287    2.1022    2.2804    2.0498    2.4685    3.0376    1.8756    2.0115    2.9207    0.6734    1.6632    0.6652    2.6040    0.9816    3.0268    1.3722    2.6391
    150000    2.3112    3.0890    3.0485    2.2213    2.6359    2.5581    1.8742    1.5565    1.3657    2.7021    2.9266    1.2435    1.4482    2.2971    3.0361    2.4058    2.7464    1.8477    3.0093    2.0028    2.0458    1.5347    1.6243    2.5119    3.0344    0.3617    1.0666    2.5569    2.1557    1.9176    2.0064    1.5222    2.4188    2.0675    2.0687    0.3726    2.0309    2.0173    2.0595    1.2818    1.9707    0.9520    2.2897    2.5364    2.1801    2.2345    2.4901    2.4967    2.2969    2.7752    1.7420    3.1398    1.9736    2.4638    1.8098    2.4429    2.0977    0.6921    0.2491    1.9496    1.9245    1.1896    0.5899    0.4850    1.7976    0.2705    1.5008    0.6470    2.2897    0.4165    2.2018    1.2454    2.3046    1.3756    3.0011    1.6411    2.0076    0.7340    0.9220    2.1989    0.7706    2.8400    0.5638    1.8056    2.7102    2.7127    2.8445    1.2197    2.3160    2.0513    2.7740    1.0447    2.4352    1.6441    1.6679    1.6006    2.5105
    160000    1.4407    1.1437    2.7270    0.0851    1.9172    1.2549    3.0945    2.0233    1.1036    1.8718    2.7604    3.1113    0.5852    2.3780    3.1335    0.6166    2.8824    0.9155    0.8905    1.4114    1.8262    0.2332    2.5275    0.1793    3.0728    0.1269    2.1719    0.2802    1.8194    0.5776    1.1472    0.6519    0.4024    0.6280    0.7182    0.4216    0.7108    1.2462    0.4971    1.3829    1.9383    2.3287    1.0968    1.6898    0.2014    1.4097    0.9078    1.0325    0.6289    1.9505    1.0868    0.4797    2.0290    1.7853    1.2128    0.0069    2.1351    2.5460    2.5589    2.6939    2.3575    0.6394    2.7631    0.0613    0.8047    1.2158    1.5668    0.6863    2.9695    1.6622    1.8380    1.3927    2.0155    1.7190    2.7276    0.1699    1.3378    2.1789    2.0970    0.0114    2.0556    1.0213    2.8085    0.0794    1.9457    3.0481    2.2797    2.2616    1.7326    1.2243    0.7943    0.0027    1.3882    1.4450    2.2517    0.3516    0.9763
    170000    0.9574    1.4044    2.2700    1.3377    0.9184    0.2164    2.3173    0.4125    2.8611    2.4566    3.0148    2.4370    2.2332    2.4898    2.2127    2.6664    2.0222    1.7280    1.9011    0.7184    2.7266    1.1413    2.8312    1.4288    1.4735    1.0340    0.3185    3.1344    1.8572    0.1700    1.2578    1.5535    0.4514    0.1284    2.8863    0.7441    1.9171    0.1414    2.2619    0.7567    0.1184    0.2055    0.7408    0.3946    1.7999    1.0243    1.1815    0.4554    1.6927    2.2644    1.8428    0.5926    1.3766    2.1142    0.5990    2.3929    1.4465    2.2616    0.9561    1.3851    0.5218    2.4673    1.0139    2.4632    0.3949    1.2999    0.3587    0.8803    2.8574    0.4402    2.9827    0.8446    2.7155    1.4489    2.5833    2.9461    2.5963    0.8136    2.3545    2.1164    2.4968    2.6067    1.9698    1.8838    2.0946    2.9896    0.9736    2.5688    1.0954    2.3149    0.6969    1.0005    0.2282    1.7328    0.4255    2.0446    1.2487
    180000    1.3791    0.6567    0.1075    0.6629    1.4582    0.6557    2.7524    2.0838    0.1276    1.3461    0.7312    2.8917    0.1974    2.4620    1.3321    0.7700    0.8832    0.1068    0.7096    0.3914    2.0366    0.8215    2.1962    0.1995    1.8328    0.2103    1.1531    0.6709    1.8432    0.0162    2.0917    0.1183    0.9320    0.2214    0.6779    1.1819    0.5701    1.5991    1.7428    1.9472    0.5994    0.4563    1.4500    0.2712    1.5052    0.4154    1.1031    0.5937    0.4758    0.7832    0.2698    0.4781    0.8316    3.0760    0.0069    0.0404    1.7607    1.1395    2.6976    1.3004    2.5179    0.0604    1.5092    0.3562    1.2866    0.9746    1.3479    2.9835    2.8592    1.8099    2.1370    0.4408    2.1034    1.0156    2.1405    0.5991    0.9339    1.1000    2.8290    0.0908    2.7204    0.7240    2.4732    0.8680    3.0046    2.5181    1.8406    0.0017    1.0798    1.0194    2.7211    0.3915    2.0408    1.8517    2.1908    1.8612    1.6928
    190000    1.7864    1.7885    2.3298    3.1031    2.0266    0.3702    2.6521    2.6618    2.6609    0.4618    2.5894    0.3271    1.8684    0.2640    1.5424    0.1293    0.5838    0.8096    0.1577    3.0323    1.4450    0.0942    1.1805    0.2004    0.9960    0.0265    2.7626    1.7071    1.1009    0.1908    0.7950    1.1362    0.3614    0.9680    0.8008    0.1965    0.6735    1.4001    0.0137    2.0419    2.4945    0.5377    1.1313    1.2278    1.4371    2.1007    0.3285    1.4778    0.9625    2.3343    1.8081    1.5746    3.0479    0.8452    2.2314    0.3337    0.0408    1.5593    0.8741    1.9744    2.2117    0.0678    2.9560    0.9526    0.1532    0.8786    0.0357    1.1158    1.6978    2.2262    0.5848    1.3166    0.1097    0.0979    0.1814    1.7550    1.2236    1.3064    1.1655    1.2100    2.4912    2.3902    2.8837    0.4654    1.9892    1.7741    1.2969    0.6215    1.4974    0.1250    3.0284    0.1176    3.1322    0.0451    3.0321    0.1050    2.8722
    200000    1.4530    0.0458    2.6652    2.1961    1.6440    2.1981    2.7899    2.1825    2.2612    0.0276    3.0474    0.3188    2.9390    0.4424    2.7427    0.3729    1.5751    0.6861    0.1378    1.4999    1.3056    0.1131    1.7976    0.4187    1.4183    0.2558    1.5188    0.6990    0.5281    0.5547    0.7762    0.4587    0.2337    1.3637    0.5749    0.0839    0.5097    1.9504    0.2240    2.4828    2.4720    0.3268    1.3769    0.8710    1.5798    1.6319    0.2666    0.8897    1.0565    1.9459    2.8120    1.2190    2.7892    0.5525    2.6808    0.4690    0.4330    1.0721    0.1467    2.7174    0.8377    0.0661    1.3959    1.0535    0.4949    1.0408    0.4436    1.2626    1.7641    1.9210    0.3347    1.2392    0.1588    0.1292    0.0925    1.7656    1.3470    1.2946    0.5609    0.7332    2.4451    1.5834    1.9217    0.1796    3.0716    3.1201    1.5121    0.5950    1.5012    3.0465    2.9365    0.6289    2.3184    0.8219    1.0629    2.9315    1.8533
    210000    2.0419    2.0873    2.9482    2.4649    3.0976    2.5599    1.7633    2.4450    1.9533    2.0085    1.7445    1.9793    1.8055    2.7663    1.5724    1.2017    0.2696    1.0927    1.1177    1.8221    2.1839    1.3250    2.8354    0.1919    1.7423    1.5224    1.3456    3.0309    1.2897    2.6133    0.3749    1.9928    1.1458    1.9736    0.6465    0.1007    0.6108    1.4504    1.0714    2.2672    2.3845    2.8061    3.0571    1.5614    2.7790    2.0097    2.4645    1.5274    2.9661    2.2867    1.9338    1.2902    2.5068    0.8457    3.1101    0.3011    2.7614    2.5981    2.4421    1.8606    2.7663    2.1105    0.6912    0.6195    2.2101    1.0049    1.7246    1.5321    2.3688    1.3707    0.5783    2.9076    2.9410    0.2473    2.9941    0.9461    0.1999    2.3226    1.1358    1.0046    0.8882    2.3263    1.9996    1.9037    2.8522    1.2413    2.7090    2.4654    0.4970    0.3415    2.8816    0.8005    1.6839    0.6534    2.2540    1.6483    2.6797
    220000    2.3683    1.8133    2.1959    0.8460    2.8343    1.7439    2.9493    1.8266    2.4182    1.9667    2.5817    2.2183    2.9554    2.6240    2.7547    1.7017    2.1596    2.7386    2.1684    2.3734    3.0889    2.7207    3.0496    2.6480    2.8539    1.8252    1.4919    1.9325    1.0922    2.1301    0.8130    2.1564    0.9249    1.9390    1.4749    0.9993    1.2593    0.4097    1.0018    0.0819    0.5012    0.8074    1.5722    2.9174    1.6696    1.0701    2.5487    1.3172    1.7127    1.3411    2.3468    1.6490    1.8647    1.8815    1.7450    2.2334    1.6703    1.2472    0.5328    2.3938    1.8003    0.5740    1.9500    0.7975    1.4075    0.1468    1.3001    0.2779    2.6286    0.0984    2.7748    0.2784    2.5814    1.6989    2.7860    2.7321    2.7195    0.5673    0.9586    2.1582    0.1618    2.9283    0.6902    1.3964    2.9057    1.4441    1.9299    2.7517    1.7353    2.1678    1.7801    2.6364    1.8864    2.3380    0.9161    2.5323    1.4833
    230000    2.2959    0.9260    2.4879    0.2196    1.9562    0.9756    2.2898    3.0215    2.8545    1.6015    2.1079    2.1452    2.5886    1.7091    2.1669    1.9156    2.2503    0.8924    2.5395    2.6412    1.5674    3.0977    2.2810    1.5341    1.2186    1.8437    0.8872    1.4915    0.5402    1.4519    0.2655    2.3415    0.6974    1.3296    1.2089    0.7546    1.0466    0.0888    1.9876    0.8746    0.3642    2.9804    1.1932    0.4873    1.6635    0.5165    1.3006    0.0560    1.3769    0.9228    1.9491    0.6882    2.1777    1.2334    2.2680    1.3193    1.5251    1.5413    3.0482    2.0245    2.0832    0.2607    1.5403    0.4799    1.0069    0.6806    1.2414    1.7487    2.8969    0.8270    2.7343    0.6617    3.1278    1.2045    1.8400    2.3127    2.3215    0.6388    1.2233    0.0365    1.6711    1.7791    2.3642    0.1387    2.5077    0.5869    1.1685    0.7718    1.3643    1.9391    1.3828    2.1744    1.7372    2.8856    0.7493    1.0583    1.2580
    240000    0.9935    2.5487    2.2649    0.7168    0.5792    1.3247    1.8484    0.3945    2.5011    1.9976    2.2410    2.7084    2.8260    2.3564    2.9947    2.4754    3.1055    3.0380    3.0921    2.6666    2.3091    2.9257    2.8330    3.1225    2.9775    2.2260    1.6376    2.4376    2.0024    3.0623    1.4888    2.4424    1.4496    2.0267    2.0786    1.4754    0.5241    1.1336    2.0824    1.0560    0.1084    0.8130    2.0436    1.9565    0.7940    0.5681    2.9415    2.1565    1.3567    1.2888    2.3780    1.7527    1.2787    2.9346    1.2283    2.5690    0.9663    1.6328    0.4903    1.6905    1.7280    1.8474    1.4907    2.3204    1.7148    0.0999    1.6857    0.5457    2.4989    0.1981    3.0329    1.7681    3.0942    3.0906    2.3323    2.4654    2.2805    0.1438    1.0554    2.3776    0.6164    3.0715    1.0083    1.8281    2.6985    1.8212    1.9878    2.2517    1.7436    2.0116    1.9873    2.1552    1.9561    1.9003    1.8008    2.3025    1.9032
    250000    1.6918    2.8159    2.4268    2.4361    1.0690    2.4917    2.0450    1.1298    3.0498    2.2545    3.0452    2.6895    2.9637    2.8297    2.9937    3.0259    2.7911    2.1133    1.9783    1.2411    2.8314    1.8684    2.4468    2.0614    2.3711    2.1896    2.2181    1.9898    2.7902    1.3284    1.7267    2.2858    1.9645    1.7453    2.7034    0.3596    1.9098    1.3296    2.1919    0.3930    0.1468    1.5122    0.0838    2.5601    1.5373    1.4335    0.2384    2.3969    2.1847    1.1819    1.6257    0.1385    1.4141    2.8649    1.0185    2.9357    0.3440    2.4899    0.6465    1.7514    1.3073    2.0715    2.6330    1.0141    1.4799    0.2081    1.5020    0.4919    2.7560    0.6760    1.9334    0.3493    2.2553    2.8097    2.1353    3.0073    2.0605    0.0380    2.0648    2.4745    2.0430    3.0934    1.9537    2.5830    2.5869    1.9746    1.6466    2.6328    1.5718    1.9899    1.5217    2.4303    1.4888    2.2497    1.3144    2.6201    1.6008
    260000    2.4069    2.5270    3.1326    2.4092    2.7548    2.7193    0.0284    3.0723    0.9890    2.7555    2.0000    1.5376    2.3009    2.2369    3.0592    2.8542    1.6144    1.4653    1.4600    1.8501    1.8177    2.0427    2.5046    1.0656    1.3876    2.3718    1.4307    3.0700    1.3726    2.7364    0.8575    1.8157    1.3457    2.9219    1.1859    0.3772    0.3853    1.9139    1.0694    2.1548    1.4577    0.0198    1.7072    1.3720    2.2405    1.2395    0.7795    0.7446    2.3227    2.5752    1.2498    2.4009    2.7609    0.4704    2.8420    0.7200    2.0727    1.7749    2.9715    2.2418    2.2141    0.9407    1.2641    0.2410    1.5518    0.3015    1.3592    2.2241    2.4266    2.3449    3.1335    2.3318    1.4934    1.0178    2.8267    1.2517    0.0033    2.6542    1.4075    0.7902    1.1862    2.1678    0.1777    2.0194    2.6256    0.3264    3.1218    2.9841    1.6053    1.8987    3.1258    0.6786    1.7999    1.8313    3.0522    1.6104    2.6242
    270000    2.2559    2.8196    3.1371    2.8255    1.5874    2.0643    1.9104    0.7251    1.7012    1.4321    2.4402    1.2240    1.7954    0.5923    1.7625    0.4718    2.3303    0.5070    0.8168    0.5372    2.6828    0.0115    1.9958    0.3540    1.6050    0.2221    2.6981    1.4046    2.3944    0.8318    1.3801    0.6984    0.4258    0.7231    0.9878    0.2097    0.7880    1.1397    0.8068    1.1498    3.0375    1.5597    1.5025    0.3288    1.5860    1.4128    1.5852    0.2599    1.5679    2.2737    1.4903    0.3744    2.0769    1.2105    1.3193    1.3516    0.3078    2.7424    0.4901    2.7927    1.0392    1.9391    0.0583    1.0267    0.6245    0.3839    0.2286    0.2063    3.1302    0.4304    0.2397    0.7742    0.1075    1.5826    2.5163    3.0553    0.0773    1.2783    2.2357    0.4399    2.3519    1.7834    2.7590    1.3743    2.3126    0.3348    1.2099    0.3990    1.1513    2.4159    2.0004    1.3336    1.9729    0.1230    1.7053    0.9215    1.8299
    280000    2.1165    0.6040    2.1832    0.8660    2.2824    0.7674    1.6339    2.3245    1.7459    1.7905    2.2615    0.0643    2.8090    1.0986    1.6049    0.3133    1.5350    0.3312    0.0582    1.6606    0.6586    1.3862    2.7199    0.2211    0.9077    0.3397    0.4204    0.9502    1.3963    1.3727    2.0973    0.9231    2.8052    0.1049    1.9872    1.3866    0.7594    3.0038    1.0300    0.1085    0.9441    3.0490    1.4254    0.0203    1.9601    0.3069    1.2183    0.1540    1.0553    0.3812    3.0284    0.9793    2.4819    0.1299    1.4441    0.5063    1.2222    0.1840    0.5680    2.1083    1.2745    1.8428    2.0326    1.8022    0.7696    1.3363    0.8297    1.7201    2.9905    2.7281    2.5131    2.6204    0.3718    0.5497    0.1484    0.9452    0.5454    1.9422    0.6034    1.9350    1.9500    1.7523    1.8312    0.6961    1.7856    2.5632    0.8715    1.2012    0.4757    1.7169    1.9642    0.4562    0.7847    1.7522    2.0005    1.2089    1.9760
    290000    2.1850    2.3133    2.6952    0.8545    2.8499    0.2081    1.4043    2.5796    0.2574    2.6403    0.7123    1.8542    0.1570    2.3025    0.8831    2.2578    0.0687    1.5511    0.8408    1.9593    1.9568    0.9091    1.2458    0.9864    1.2482    1.0514    3.0886    1.6737    1.7519    1.4785    0.3766    2.3480    1.0722    1.3622    0.7899    0.0561    0.6055    1.2271    0.7393    1.9916    3.0990    1.8896    2.9076    1.4789    2.8630    1.4009    3.1142    1.3862    2.7958    2.1979    2.0299    1.1199    2.6175    1.2875    2.5266    0.4315    2.8411    1.6016    2.8677    1.6122    2.8530    2.5652    0.8625    2.3314    1.7650    1.3021    2.3373    1.0841    1.9903    0.1082    1.2086    1.5791    1.1147    2.6535    0.7504    2.9476    0.3516    3.1271    0.8230    1.4320    1.2012    1.7133    2.9427    0.7491    2.6775    0.7722    2.1707    2.2350    0.0864    0.3327    2.8604    0.4478    2.1048    0.5660    2.8315    2.9371    1.4168
    300000    2.3316    1.0000    2.5236    0.9088    2.0365    1.8715    2.1015    2.9933    2.9637    1.5453    1.9266    2.1976    1.3147    2.5422    2.6715    2.3545    2.9688    2.1757    3.0344    2.8642    2.6664    2.9647    3.1393    2.7662    2.1585    1.6808    1.1533    1.7363    0.9305    1.7684    0.5632    2.6922    0.6920    1.4605    1.2119    1.5217    0.4754    0.4952    1.5855    1.1427    0.4964    2.4792    1.5126    0.0730    1.5251    0.4737    1.3415    0.2041    1.2019    0.6464    2.6613    0.2294    2.1266    1.3825    2.2702    1.6106    1.6642    1.2375    2.9965    1.5002    1.9771    0.2447    1.9283    0.7974    1.2324    0.6515    1.2992    1.0032    2.7319    0.1971    2.7760    0.3768    2.6702    0.4067    2.6592    2.8286    3.0327    1.0809    1.3098    0.5012    1.3447    1.4682    0.9974    0.0663    1.8622    1.5047    0.8257    1.7292    1.6320    2.2377    1.4700    2.5344    1.6697    2.2698    1.4114    2.1338    1.8998
    310000    2.0836    0.6508    2.7758    0.4793    2.6361    0.7693    2.7395    3.0109    2.4070    0.5884    2.0214    0.9337    0.2200    0.3327    0.7268    0.0372    0.2488    0.5344    0.5228    0.0916    0.6569    0.2921    0.9386    0.1271    1.2407    0.2307    2.6790    0.2889    1.2978    0.1540    1.5330    0.5729    0.1617    0.1949    0.4806    0.6677    0.6037    1.1099    0.3014    1.0961    0.2656    1.3678    1.7575    0.8918    0.9019    1.0667    0.0279    1.0977    0.6042    1.8333    2.5939    0.1783    1.5027    3.1189    1.4796    1.1246    2.5576    1.0615    2.7614    1.4292    2.8577    0.9853    0.9412    1.8460    0.3496    1.7647    0.5645    1.6210    2.1651    2.1461    0.0310    2.2474    2.0930    0.2293    0.8384    2.4150    2.2076    1.3372    2.5738    1.8385    2.9089    0.7041    2.8860    0.5778    1.9487    1.1615    0.5515    0.2237    0.3857    1.3204    0.4255    0.6296    0.0054    0.9158    0.2075    1.8171    0.2520
    320000    2.1830    0.6987    3.0049    0.4347    3.0383    0.3607    0.5337    2.9944    0.6041    0.8863    0.6644    1.1849    1.5885    1.6991    0.4704    1.0259    0.2244    0.9779    0.1597    0.7148    0.7239    0.7623    0.0253    0.6648    1.1338    0.3149    2.5376    0.2056    0.8428    0.3365    1.1371    0.1263    0.0525    0.4402    0.8080    1.0464    0.5714    1.0122    0.7439    0.9716    0.0787    0.1217    2.1754    1.1868    1.1384    0.3275    1.1793    0.8924    0.6656    0.8536    2.7271    0.4244    1.8288    1.7369    1.9008    1.9321    2.1313    1.7438    2.5235    1.1268    1.4770    0.9836    0.5714    1.9502    0.7003    1.4487    0.6979    1.0036    2.6202    0.7773    2.6736    0.5841    2.8214    0.1737    2.7541    2.4003    2.6383    1.2577    2.7767    0.5640    2.4499    1.3876    3.0641    0.7745    0.6836    0.4156    1.1856    0.2289    0.8246    2.4701    2.9873    0.6861    0.6109    1.4669    1.7262    0.1288    0.5527
    330000    2.2475    1.8345    2.3919    1.7124    2.1827    1.3197    0.3357    1.3356    2.9622    0.1823    2.7167    0.3951    2.2027    0.1572    2.1169    0.0335    2.6569    0.5321    0.0007    1.1990    1.9910    0.0700    2.4185    0.4115    2.3974    0.3583    1.7473    1.8556    1.5867    0.7427    0.1908    0.6175    0.5913    0.9161    0.1322    0.1245    0.0831    0.9246    0.3173    1.1813    1.9535    0.4323    3.0424    0.4177    2.9854    1.0780    2.3306    1.0171    2.5482    2.9294    0.4446    2.0282    1.3280    0.0423    2.6508    0.2549    0.0186    0.9419    1.4065    1.7023    2.8363    0.2027    1.2750    0.0799    0.2832    0.6366    0.3071    1.7465    0.1092    2.9890    1.2419    3.0830    0.2078    2.0086    0.3119    0.6247    2.0886    1.1376    2.3802    0.5588    2.7324    0.3479    2.3923    0.4307    2.5521    1.8880    1.3700    0.8962    0.7159    0.1406    2.7119    1.2484    3.0664    1.0560    0.1973    1.0364    2.6488
    340000    2.3748    1.2739    2.5727    1.0785    1.9428    1.9026    0.0245    2.7242    1.4803    2.3486    3.1273    2.2676    1.8991    2.7183    2.9668    2.9426    2.9048    2.7331    2.8005    2.5378    1.6423    3.0875    2.5200    1.9684    1.4724    1.9395    1.2666    2.6506    1.2725    2.0381    1.2859    2.2511    1.2324    1.6797    1.6416    1.0946    1.5728    0.0061    1.5380    2.2036    0.2670    2.6626    1.1158    0.9649    1.6753    0.7919    1.1017    0.2266    1.4628    1.3974    2.1656    1.6098    2.0292    1.7176    1.9543    1.7213    1.4852    1.3501    2.3381    2.5243    1.8287    0.3150    1.5954    0.2498    1.2792    0.5029    1.3460    0.8889    2.8347    0.3333    2.6470    0.3897    2.3914    0.1853    1.7816    2.8355    2.9727    1.0848    1.0288    0.8553    0.7465    2.8010    0.0211    0.7380    2.6826    1.0125    0.0411    1.5559    1.8846    2.2107    1.7956    2.2920    0.9060    2.3888    0.5459    2.6187    1.0480
    350000    2.2938    1.3364    2.4475    1.5701    2.6205    1.2921    0.9230    1.6615    2.5477    0.8046    1.8762    0.5897    2.2049    0.7384    0.1588    1.2789    2.4889    0.9824    0.2125    1.4327    1.8987    0.0835    2.1050    0.6978    0.2957    1.4004    1.2566    2.0880    2.0118    2.3673    0.6935    0.9704    0.0387    1.7032    0.1403    0.5680    0.2045    0.5078    0.2461    1.0689    1.1654    0.7465    1.9229    0.6372    2.4577    0.4513    1.8710    0.5131    1.8013    1.8411    1.7730    1.9255    2.6280    0.3244    3.0668    0.5558    1.0737    1.0263    2.4212    1.6939    2.1921    0.1165    1.2874    0.0392    0.6733    0.4946    0.6436    1.8744    0.6542    2.9713    2.1776    1.2561    0.3239    0.6647    0.5354    1.6294    1.0178    0.2445    1.2298    0.3464    1.9845    1.1488    2.9005    0.8494    2.1206    2.8440    2.7391    0.5672    2.0580    1.3372    2.2422    1.3458    2.5394    1.1307    1.4022    0.2105    0.3936
    360000    2.2357    0.7884    2.1768    0.7031    2.7905    0.3917    1.6494    2.6716    1.4715    0.7582    1.1517    1.1519    1.7516    0.2079    0.8383    0.9197    0.5135    1.3295    0.0428    1.9558    1.8495    0.3272    2.5840    0.8969    0.1607    0.7431    0.3274    2.3220    2.7929    1.1198    2.2703    0.2808    0.0110    2.7361    0.1334    1.7131    0.4169    0.5627    0.5588    0.9436    0.0055    1.7115    1.4508    0.3611    1.7211    0.4879    1.1767    0.2047    0.6815    0.5718    2.7428    0.7589    0.4868    1.5655    0.2833    0.9237    0.4223    0.9561    2.4737    1.7984    1.6801    0.1324    0.9465    0.4679    0.4886    1.0649    0.4839    1.7363    3.0974    0.6560    2.1106    1.6083    0.6220    0.3360    0.4263    1.5471    1.1006    0.6415    1.1561    0.5346    2.0288    1.1108    2.6036    0.2361    1.8821    2.4412    2.5817    0.1650    1.0748    1.5057    2.4342    0.6879    1.7553    1.5011    0.9509    0.6795    0.2445
    370000    1.9520    1.9465    3.0986    0.5517    0.4964    1.2564    2.5234    0.6473    0.5749    1.2252    0.9714    2.0064    1.2650    0.9023    1.5851    0.3546    1.7934    0.7636    1.0937    0.3802    2.7957    0.1809    1.9218    0.4002    1.6855    0.1797    2.7880    1.5948    1.8742    1.0077    0.4751    1.6189    0.2148    0.8732    1.2522    0.3863    1.3306    1.2688    1.3513    1.1534    2.2934    1.5648    0.7788    2.5683    1.6080    1.4068    0.7343    0.9611    1.6255    2.2680    1.1302    0.4340    0.9679    1.3744    1.2760    2.1181    1.0062    2.5639    1.3718    2.5524    0.5741    1.4949    0.2353    1.6087    0.7207    0.9058    0.3601    2.3132    1.5835    0.6274    0.5598    0.8517    0.4250    2.2311    1.6431    2.6988    1.0665    1.1947    1.9010    1.4911    2.5938    1.7893    3.0399    0.6201    2.3895    0.0459    0.8795    0.1550    0.0898    0.7078    0.8181    2.9528    0.5135    1.0956    1.7664    2.1128    0.3088
    380000    0.9045    2.1955    2.3343    1.5035    2.1983    2.5666    1.8767    3.0312    0.9577    2.4431    3.0285    2.3699    2.6479    2.7370    2.9952    3.1020    3.0142    2.6415    2.9060    2.1803    2.7387    2.6668    3.0845    2.7039    3.1308    2.1921    1.6999    2.4795    1.8915    3.0700    1.5165    2.6895    1.3178    2.0141    1.8433    1.5073    1.4755    1.3268    2.9254    2.4572    0.2861    0.4338    2.2234    2.1583    1.2877    1.1897    2.8831    2.4634    1.6917    2.8012    1.4266    3.1361    1.2579    2.9507    1.3566    2.5164    0.9583    1.6595    0.3953    1.6792    1.7045    1.0762    0.5981    0.4902    1.8276    0.3726    1.9267    0.0747    2.6041    0.4541    2.7898    1.0164    2.8514    2.5211    2.2974    2.3401    2.2716    0.4224    0.9184    2.4042    0.5646    2.8889    0.9747    1.7389    2.8223    1.6303    2.0224    2.4591    1.7926    1.9488    1.9670    1.8175    1.4775    2.6565    1.9264    2.1815    1.6582
    390000    0.8935    0.9743    3.0487    0.9694    2.0924    1.4386    0.6984    2.0143    2.2570    0.3048    2.3673    1.5113    2.7358    2.3489    2.5764    2.0384    1.7484    3.0645    1.5380    0.9806    2.0136    2.6699    0.9107    1.1408    2.3939    0.4899    1.1586    0.8371    1.4198    1.1471    0.5326    0.8153    0.0906    0.7700    1.3064    1.3159    0.5098    0.9854    1.3065    1.1899    0.0554    1.2261    0.2159    1.8216    0.8319    0.3638    1.3585    1.1869    0.6429    0.7909    1.9935    0.0741    1.0502    2.7599    1.1794    2.3921    0.3727    2.1894    0.3794    2.3574    1.0643    0.1250    1.2501    0.9014    0.9762    0.9795    1.5690    0.7212    2.8288    0.6886    2.9943    0.3267    2.9414    0.3984    2.8369    2.6284    3.0696    1.1462    2.7183    0.8040    2.7555    2.8707    1.6132    0.1690    1.5395    0.9592    0.0686    0.8727    1.0809    1.0497    0.2939    3.0723    0.1373    0.7026    1.2785    1.6810    0.8843
    400000    2.2544    0.7995    2.6043    0.7521    2.7605    0.8002    1.7359    2.3838    2.0650    0.6821    0.8044    1.5817    1.5949    0.8597    0.0681    1.0933    2.8279    0.9782    0.3836    1.7992    1.5248    0.0391    2.0110    0.9983    0.2507    0.8684    0.7694    2.7188    2.8971    1.7143    2.1472    0.8992    0.2843    3.0502    0.3597    1.3866    0.6251    0.3519    0.5440    1.0697    0.3103    1.7428    1.6236    0.2492    2.1482    0.3576    1.6182    0.1539    1.1161    0.7744    0.8452    1.8067    2.3326    0.9291    2.3201    1.0228    1.0251    1.1568    2.6621    1.7435    2.2408    0.0818    1.2283    0.3631    0.6711    1.0600    0.7305    2.8258    1.7292    1.9026    2.2367    1.9676    1.2714    3.0043    0.7741    1.0719    0.0016    0.3427    1.6421    0.2548    2.2643    0.8051    2.3350    0.4591    2.6319    2.8303    2.0879    0.5038    0.7412    1.4128    2.8755    0.7954    1.9323    1.3826    2.4256    0.4309    0.9158
    410000    1.2400    2.1040    2.4629    1.8876    1.4727    2.2017    2.1808    1.2068    2.9525    1.9310    3.0608    1.8260    2.9565    1.9981    3.0375    2.6342    2.8217    1.9823    2.1259    1.0904    2.8156    1.4742    2.5592    1.5762    2.2928    1.5362    1.2484    1.6264    2.5300    2.2837    1.5971    1.0589    0.1127    1.3186    2.3291    0.7248    1.9228    0.3032    2.3020    0.6161    0.3500    0.4515    0.6046    0.9979    1.5392    1.9395    0.7847    1.4936    1.2643    2.8558    1.1632    0.2820    1.3332    2.7784    0.8011    2.8172    0.6836    2.9297    0.7447    1.8164    0.8116    0.9131    0.7982    0.0842    1.3808    0.1598    1.4561    0.1914    2.7469    0.4622    2.9638    0.2414    2.4898    1.4027    2.3657    3.1394    2.4901    0.0348    1.5925    2.8084    1.6123    3.0681    1.1345    1.8713    2.4990    1.5075    0.9257    2.6342    1.4749    1.9002    1.7899    2.2852    1.8936    1.4934    1.8024    2.3433    1.8541
    420000    1.8712    2.4770    1.9816    2.8896    0.8945    2.9934    2.3554    2.4732    2.7456    1.9978    0.4135    1.4291    2.2882    1.1924    2.4421    1.7038    2.6077    1.1810    2.1202    1.1977    2.5220    1.6317    2.5416    1.8587    2.8061    1.2866    2.7322    2.9113    3.1234    1.3302    1.9126    0.8367    0.6300    1.4492    2.6047    0.1084    2.1565    0.1479    2.2985    0.1669    1.0652    0.6266    0.2507    1.2153    0.9696    0.8141    0.5528    1.4137    2.0911    1.1079    3.0561    1.0593    1.8893    2.3287    1.5387    1.3884    1.6611    2.2918    1.0775    2.0929    0.1693    1.4447    2.0623    1.9329    0.4733    1.0918    1.2566    1.0452    2.8516    2.9543    2.9081    1.6556    2.1228    2.3795    1.7941    2.3972    0.7324    1.2059    1.5166    2.4580    1.9076    2.3668    1.8580    2.9945    2.4881    2.1629    2.2264    2.0141    1.4261    1.7882    1.8908    2.0116    1.8831    1.9167    1.9199    1.9521    1.1124
    430000    1.9429    1.2959    2.4379    1.5668    1.1660    2.6456    2.4981    2.6585    2.6063    2.8553    0.0082    1.6353    1.7496    0.9497    2.3126    2.1057    2.0846    1.9980    0.5594    0.4011    0.7051    1.6459    2.2622    1.0271    2.2570    1.3378    2.7838    3.0912    3.0970    1.6118    1.9442    2.1703    0.8310    1.5593    2.0990    0.1019    1.9242    0.6039    1.5679    0.3295    0.4886    1.1303    2.3967    1.0704    2.1474    0.2916    2.1085    0.9781    2.7080    0.0079    2.4653    1.0919    2.8411    0.8123    2.2120    0.4515    3.0654    1.4035    1.2707    3.0688    0.7635    1.0207    2.6008    2.2733    0.0387    1.4130    1.5155    2.0472    2.3918    3.0570    2.8470    1.5091    2.6116    1.4518    1.6198    1.5402    0.0535    1.6936    0.9467    2.5579    1.6369    2.3082    1.8572    2.3218    3.0908    2.4257    2.8763    1.3690    2.4882    1.4471    2.4494    1.4712    2.3877    1.5913    2.8065    1.2282    1.8564
    440000    1.9509    0.8692    3.0666    0.8750    2.1429    1.4290    2.9192    2.6874    3.0279    2.5255    0.1252    2.2781    0.9445    0.8219    2.1198    2.7404    1.6839    1.1747    1.2184    2.4907    0.0751    1.7345    0.8306    3.0732    0.7011    2.1279    2.4340    3.0178    2.9025    1.9132    2.0334    1.8145    2.3849    1.7546    2.2415    0.0649    1.9940    2.1405    2.0403    2.1966    1.3643    2.3301    1.9673    0.4225    2.1018    1.4776    2.2423    0.8695    2.3354    0.6059    2.2812    0.6672    2.5177    0.1827    1.6146    0.3411    2.1923    0.8619    1.5814    1.2608    2.5349    1.0212    2.8422    2.7300    0.7674    1.4065    2.1925    2.6918    1.3245    2.8194    2.4339    1.4302    3.0263    0.8140    1.1075    0.1708    0.2894    2.3988    0.3125    2.6856    1.5410    2.3783    2.0171    1.1825    2.3538    2.9122    3.0642    1.8099    1.8227    0.8104    2.4923    0.0911    1.9140    1.0621    2.3001    0.6320    1.8193
    450000    2.1145    0.7964    3.1375    0.5924    1.7827    0.0122    1.7966    2.5022    2.5134    0.4606    1.9530    0.1348    1.6317    0.1976    2.9355    0.4023    2.8212    0.3826    0.3021    0.6813    1.1003    0.2650    0.5200    0.0115    0.1241    0.2906    2.9530    3.0756    2.1201    1.1766    1.3177    0.4059    1.2580    0.0915    0.5054    0.5359    0.7321    0.2116    0.5194    0.4224    0.8545    1.0060    1.8004    0.7646    2.4977    0.4433    2.7993    0.4146    2.0041    0.7149    2.6626    0.5575    2.9311    0.0286    2.5126    0.0597    1.8668    0.0171    0.7920    2.2234    2.2442    0.5539    0.2313    1.2466    0.2844    1.5494    0.4994    2.1913    2.6709    2.6401    2.6693    1.4717    1.2069    1.9538    0.9930    1.0262    1.6342    1.8498    2.3589    1.1588    2.7483    0.9374    2.6883    1.0629    2.0379    2.0507    1.3101    0.8395    3.0736    2.0559    2.6780    1.3387    2.3059    1.7637    2.8666    1.2104    3.0490
    460000    1.0087    2.3553    2.0472    2.2616    2.2174    1.8987    1.7707    0.3282    1.8599    1.3791    2.9270    0.4817    0.9618    3.0986    2.3580    2.1938    1.8072    2.0252    1.7833    2.5017    1.1857    3.0945    1.5156    2.9757    1.4595    2.6361    1.5971    3.0277    2.1992    2.3881    2.5180    2.9084    2.5635    3.1128    2.3474    0.1364    1.6926    2.3214    2.5609    2.8252    2.6391    2.9779    3.0139    1.3429    1.9722    3.0499    1.6134    1.3516    2.3394    2.3172    1.7370    2.7497    0.7390    1.8864    1.6215    1.5345    1.8558    0.6555    1.5013    0.8574    2.1702    2.9279    2.2517    2.9630    2.1419    2.6448    2.3013    2.2209    0.9211    0.8585    1.8022    2.4168    2.9437    0.9189    2.5731    1.8404    0.5655    1.1713    0.3462    2.4311    0.2137    2.5565    1.6241    0.9835    1.8678    3.0488    2.6353    1.7244    2.9533    1.5090    2.8915    1.0709    2.6594    1.3751    2.9726    1.0905    2.5103
    470000    2.2750    2.8058    3.1259    3.0471    2.9652    3.0872    0.1333    1.5761    0.8624    0.9921    2.5270    0.5346    1.7238    2.1791    2.1720    1.9851    1.6532    1.6684    1.3468    1.8247    1.3384    3.0668    1.1282    2.9955    1.2862    1.3069    2.4507    2.4240    1.9843    1.7657    1.1689    2.3061    1.6194    2.6707    1.4318    0.0501    0.5190    1.3552    1.3061    2.0584    2.8599    1.8484    2.8439    1.4791    2.8220    1.3586    3.1020    1.2238    2.7210    3.0406    1.2859    2.4132    2.7223    0.2018    3.1128    0.1271    2.1811    1.2408    2.5209    1.2555    1.8296    1.5357    2.6598    1.6702    1.9449    1.7929    1.9887    1.1189    2.0890    0.7605    1.6129    1.3800    1.1481    0.2721    3.1264    1.8721    0.3901    2.6404    0.2365    1.7737    0.8046    2.1547    3.0231    0.8548    2.8519    0.8298    2.8879    2.8639    1.2277    0.6516    3.1093    0.2348    3.0070    0.3411    2.9472    1.9053    2.7605
    480000    2.3476    2.7795    2.9955    2.3643    2.4632    1.4486    1.0298    0.5197    1.1080    0.8048    1.5654    1.0138    2.5586    1.6725    2.7060    1.5095    1.7761    1.9985    1.6253    1.6081    2.1915    0.5850    2.7356    1.2347    1.7470    0.9932    2.9096    1.4773    1.6138    1.7218    0.6987    1.8048    0.9395    2.5937    1.0001    0.2141    0.1904    1.2095    0.6319    1.4983    2.3599    1.5028    3.0618    1.1973    2.8697    1.2381    2.7501    0.8716    2.7425    3.0573    1.1053    2.7457    2.5197    0.2637    3.1040    0.3139    1.7968    1.4402    2.8545    1.9957    2.1216    0.9345    1.3136    0.5431    1.5756    0.9537    2.6352    0.2510    2.1253    1.4345    1.2755    0.5187    0.8267    0.2185    0.7253    0.2298    0.7947    1.6835    1.7101    0.3561    1.7047    3.0679    1.7228    2.7712    2.1272    0.8475    2.1484    0.8399    1.9825    0.8863    2.8429    0.7749    3.1140    1.6118    2.8416    2.4338    3.0863
    490000    2.1317    2.6269    2.3684    2.5760    1.0668    3.0766    2.7457    2.2934    2.9711    0.1949    2.4902    0.4126    2.5836    0.0284    2.9178    0.7434    2.9271    0.1191    1.4949    0.6240    2.1611    0.0791    2.6362    1.1634    2.4400    0.0691    2.9824    2.4345    1.8645    0.4175    0.1119    0.4218    0.7596    0.5155    0.7746    0.3259    0.5561    1.0173    0.9208    0.9378    2.9564    0.9697    1.9247    1.3642    0.5090    1.3230    1.1683    2.1429    0.8718    2.0147    1.7656    0.4723    1.1394    1.2694    0.3354    0.5869    2.5918    1.5172    0.7373    3.1037    2.0869    1.1651    0.6180    0.0847    0.1351    0.1932    0.5499    0.7922    2.9277    0.7409    0.9626    0.5588    0.4176    1.4957    0.9150    2.3820    2.6699    0.7860    2.9237    0.6621    2.9215    1.7930    2.6038    1.4135    1.4083    0.9520    0.4256    1.1436    0.6721    0.8754    2.5113    3.0157    0.6906    1.0841    2.3021    2.7929    0.7079
    500000    2.0848    2.8897    2.5698    2.3239    1.6892    2.2800    1.7894    1.1710    2.6680    0.2490    2.3144    0.2880    1.5475    0.1992    2.6942    0.4468    2.9153    0.3776    1.6157    0.1648    2.7645    0.1178    3.1391    0.2146    2.6133    0.3139    2.4382    3.0433    1.8167    0.8231    0.7308    0.4825    0.1455    0.5897    0.8878    0.4554    0.6214    1.3388    0.8977    1.2128    2.6204    1.3238    1.0230    1.4715    0.1594    1.4688    0.7010    1.4884    0.2005    2.3067    1.3159    0.5984    1.0134    1.0964    0.1646    1.0910    1.5054    3.1112    0.7847    2.7944    0.9783    1.8577    0.3556    0.5923    0.4058    0.2794    0.4233    0.1102    3.0427    0.3218    0.4776    0.2281    0.2453    1.0767    2.8899    2.3819    1.5602    0.1055    2.8153    0.5025    2.9894    1.6681    2.6350    1.4820    1.2294    0.0706    0.6438    0.9569    0.0143    1.2702    1.1862    2.9798    1.0832    2.6824    1.2439    0.6983    1.3771
    510000    2.0601    0.6266    1.9417    0.6303    1.3196    0.2875    3.0795    2.9253    1.9456    0.1450    1.2499    0.1121    2.0035    0.0416    2.2679    0.4691    1.3317    0.5135    0.2059    1.4659    0.4080    0.6233    0.5540    1.1918    1.5856    1.0622    1.6828    0.8246    0.7346    1.8749    0.3507    0.5565    2.0228    0.1483    1.9330    0.4982    1.4034    2.5001    1.9362    0.5425    1.4604    1.8631    1.1453    0.3063    1.8275    0.1512    1.4007    0.1334    1.7159    0.8900    2.6997    0.7487    3.1112    0.0280    1.8983    0.8192    1.5541    0.4900    0.5689    2.2232    2.0977    1.3852    1.9385    1.8321    0.4811    1.4581    0.4979    2.0804    2.2850    2.9965    2.6269    1.6453    1.3486    1.3431    0.4030    0.3108    0.2454    2.3762    0.8275    1.7000    2.1169    1.0205    2.5011    1.2752    2.8634    2.6552    2.5303    1.2030    2.5022    1.5015    0.0334    1.4449    1.3572    1.2568    0.7327    2.1796    1.6255
    520000    1.9142    2.9160    2.1847    2.8187    1.7356    2.3603    2.6317    2.2378    2.9389    0.4100    3.0669    0.0630    2.9167    0.0069    2.9967    0.0286    3.1364    0.1802    1.6529    0.3290    3.0344    0.5068    2.4577    0.9546    3.0709    0.5762    2.7003    3.0102    2.2808    0.1032    0.6448    0.2326    0.3570    0.1299    1.5660    0.4526    0.9982    1.1430    1.9353    0.4572    2.0642    1.0194    0.6028    2.0278    0.9886    1.6278    0.2616    1.7180    1.3523    2.3375    1.3757    0.6226    1.4321    1.6436    0.2848    1.1955    1.3247    2.7851    0.9091    1.6483    0.3763    2.7582    1.6054    1.1145    0.5681    0.4952    0.7953    0.5568    2.9000    0.3949    1.1846    0.9508    1.3094    1.9009    1.9084    2.3484    1.4832    0.9600    2.9499    1.7613    3.0132    2.1574    2.1813    2.9542    2.0555    1.6110    0.3286    2.0414    0.8074    2.2145    1.1242    2.8598    1.0215    1.7622    1.1266    3.0821    0.1861
    530000    1.9759    1.4465    2.0473    2.0012    2.7187    1.0733    2.6204    2.4843    3.0392    0.8622    2.4819    0.5312    2.8395    0.3104    3.0591    0.7174    2.4658    0.5507    0.0364    0.5271    1.2312    1.0273    2.2348    0.1702    2.1314    1.2851    3.0804    2.0971    2.3538    0.7532    1.0143    1.6698    0.0691    0.5047    1.7638    0.3750    1.3286    0.5329    1.4904    0.6704    1.5159    1.1279    1.7376    2.5928    1.6547    0.8759    1.7338    0.7837    2.7352    0.6836    2.6763    0.9123    2.3201    0.9964    2.5024    0.4868    2.6782    1.5976    0.9952    1.8071    0.6145    1.3709    2.0415    1.8665    0.2630    1.1541    0.9619    1.2465    2.7806    2.7015    3.1338    1.4239    1.8116    2.3568    1.6799    2.1883    0.0489    1.3051    1.7020    1.7693    2.1387    2.5329    1.9321    2.5111    2.8461    2.5931    1.9486    1.9002    2.1970    1.4952    1.5552    2.0869    0.8666    1.7247    0.7547    1.4570    2.9327
    540000    1.2563    2.1244    2.3926    2.8087    0.6701    2.3111    2.4229    1.5147    3.0110    1.3621    3.1071    1.1645    3.0852    2.0775    2.9633    2.0724    2.6660    1.2848    2.8373    1.6706    3.1222    2.1077    2.7855    2.1186    2.4934    1.1854    0.0214    0.4468    2.9719    0.5193    2.3453    0.5672    0.7251    0.0227    2.5420    0.4541    2.0235    0.4541    2.2154    0.7611    0.5929    0.8121    0.2100    2.3009    0.7286    2.3848    0.8446    2.8532    0.0746    1.8662    1.2591    0.2370    1.1935    2.6109    0.8638    3.0864    0.3585    2.5764    0.6065    1.7348    1.0322    0.9918    0.4214    0.3778    1.1194    0.2320    1.4387    0.1833    2.7155    0.7443    2.6690    0.0332    2.3623    1.3667    3.0648    3.0031    2.8528    1.1479    2.6904    2.1181    2.4354    2.2093    1.0685    2.0406    2.6388    1.4578    0.3544    2.4779    0.9015    2.2907    1.1146    2.7945    1.0235    2.5201    0.9018    2.9315    0.9910
    550000    1.6887    2.0402    1.8868    2.4267    0.5823    2.5793    2.1966    2.7109    2.3558    2.7234    1.9651    2.9965    1.9234    2.5992    2.1041    2.6062    2.2025    2.0736    1.9393    2.7196    1.9895    2.6870    3.0208    2.2245    2.8462    1.7726    2.3087    2.9768    2.7407    1.8428    2.8870    2.3322    2.8465    2.2543    2.9487    0.0769    2.8056    0.1018    2.6033    0.2675    0.3612    0.6631    2.9312    0.8028    0.9691    3.0982    1.8280    1.7084    1.9304    1.7364    1.9517    2.0692    1.8602    1.8840    1.4657    2.1459    0.7408    1.3934    1.2613    0.9383    2.0374    2.1530    2.2379    2.1884    1.6992    0.6985    3.0489    2.1976    1.2643    2.0398    2.5503    2.0743    3.0589    1.5772    2.2313    3.0157    1.0390    0.5087    0.7328    2.7478    1.0813    2.7143    1.7160    3.0611    3.1398    2.1591    2.6415    1.4832    2.0324    1.8062    2.3436    1.5164    0.8901    3.0781    1.7225    0.8638    2.6968
    560000    1.9237    0.7129    2.5526    1.2101    3.0145    1.4609    2.0223    2.3030    0.6324    0.5291    0.2465    1.6639    1.0288    0.1313    1.7011    1.9444    0.3785    2.8728    0.9819    3.1095    0.8216    2.4094    0.4417    1.7501    1.1695    1.2912    1.1576    1.2005    2.7249    0.1879    2.1340    1.2489    1.7535    2.1093    0.9090    0.4250    1.3264    2.2232    1.2145    1.5474    1.2563    2.5336    2.0792    1.0860    2.6780    1.9454    1.9805    1.2742    2.6600    1.1366    2.5236    0.1711    1.9374    0.7395    0.3882    1.1406    2.3639    1.6339    2.9740    1.9437    3.0174    0.7180    3.0521    1.8829    2.5408    1.5961    2.3156    2.0368    0.3690    2.2891    1.5481    1.6844    3.1172    0.8180    0.1999    2.1416    1.5761    2.6135    0.8380    1.3946    0.7018    2.4763    1.2008    2.1773    1.7678    2.5805    2.2132    2.1900    1.1380    0.2926    2.7638    0.1651    2.6753    0.1310    3.1129    1.4419    2.3983
    570000    1.7949    2.1075    1.8722    2.9903    1.6710    2.5799    2.3708    2.2891    2.7552    2.4436    1.9684    1.8353    2.5720    2.7571    2.3221    3.0038    2.5232    2.4787    2.5070    1.7548    2.4730    2.1052    2.7901    2.0776    3.0001    1.6908    2.4885    2.8265    2.9620    1.5082    1.9923    2.6493    1.4508    1.7085    2.5266    0.0724    2.0814    0.1240    2.1253    0.1149    0.5302    0.9755    1.9530    0.8243    2.0733    0.5896    1.5876    1.5425    2.9753    0.1679    2.4006    1.5332    2.1721    1.7654    1.6706    2.6098    0.7867    1.7870    1.2352    0.9818    1.8855    1.8609    2.5014    1.5976    1.7923    0.1094    2.2413    1.2059    2.2943    1.8612    2.6859    0.3576    2.7190    2.6171    1.5930    2.9158    0.4788    1.0117    1.0839    2.7208    1.6833    2.5153    2.0350    2.8047    2.7985    2.3282    2.2544    1.6396    1.6952    1.8899    1.9361    1.9058    1.7871    1.9807    1.8575    1.8914    1.6706
    580000    2.0476    2.2549    3.0717    2.6736    2.2905    2.8732    1.0032    2.8753    0.1897    0.3237    0.9014    1.9074    2.1289    1.6943    2.2012    1.4832    0.5955    2.0054    1.3615    1.3318    2.3492    0.7087    2.6650    0.2341    1.7265    0.6858    3.0223    1.7241    2.0741    1.2734    0.2303    1.3248    0.7033    1.3143    1.3995    0.2151    1.1412    1.2578    0.3571    1.8332    2.9496    1.8357    3.0634    1.3298    2.7849    1.2787    3.1177    1.2800    2.7519    2.3397    1.8304    1.8612    2.9329    0.8366    2.3987    1.4475    3.1216    2.9811    2.6978    1.6984    0.1734    0.8811    1.8767    0.1737    2.0232    0.8186    3.0661    0.4585    1.4746    0.1139    0.9446    0.6880    0.4150    0.2372    1.7272    2.7018    1.7157    1.8661    1.6382    0.3103    1.3143    3.0270    1.1028    1.0711    1.5316    2.6019    2.0946    0.6796    2.2078    0.9546    2.6085    0.3548    2.4428    1.2893    3.0876    1.6333    2.2930
    590000    2.1942    2.9284    3.0837    2.2612    2.8703    1.2049    1.1561    2.9316    2.0342    0.2849    1.5663    2.8093    2.0039    1.2924    3.1180    1.3720    2.4062    0.9980    2.7122    1.0392    2.1963    0.4212    2.6702    0.8810    2.4311    0.3480    2.7644    2.3077    1.8047    1.2016    0.5897    1.0197    0.4183    0.8881    1.1802    0.1422    0.9025    1.1133    0.2480    1.4266    3.1289    1.7743    2.5292    0.7757    2.3588    1.2536    2.5274    0.7786    2.4304    2.4654    1.4447    2.5054    1.3150    0.4636    2.7193    1.4439    2.6476    2.7299    2.6393    0.2220    1.2074    1.6969    1.2910    0.5158    1.6453    0.5260    2.8164    0.1212    1.5413    0.2264    0.6927    0.3356    0.2896    0.3251    1.7459    2.4954    1.7642    1.7109    1.8144    0.0219    1.7586    3.1329    1.4122    1.8645    0.8008    2.5720    0.7439    0.4552    1.7438    0.5823    2.6549    1.3378    2.3142    0.1477    2.0777    0.8854    1.8803
    600000    1.9606    3.0654    2.4970    2.9130    2.4767    0.8571    2.6695    2.9472    2.8680    0.8374    3.0791    0.0472    2.8361    0.3546    3.0657    0.3548    2.9475    0.4930    1.9746    0.2652    2.5573    0.5427    2.6900    1.4541    2.4256    0.1112    2.8939    1.7402    2.9106    0.1995    1.9117    0.0121    0.1387    0.0337    2.4793    0.1122    2.1214    0.5936    2.8782    0.0943    1.7601    1.1422    0.3994    1.5916    0.7135    1.7761    0.2093    1.6118    0.9858    2.0318    1.8533    0.3739    1.4490    1.9210    0.1013    1.4529    1.4169    2.7804    0.9649    2.0390    0.1269    2.5375    0.8554    0.6557    0.3221    0.2755    0.5608    0.1820    2.8751    0.5874    1.1907    0.4086    0.8699    1.0785    1.8572    2.3155    1.6607    2.2112    3.1265    0.9719    2.8461    2.2739    2.2172    3.0903    2.1629    2.0521    0.8400    2.3640    0.3413    2.9498    0.5251    2.4627    0.5907    3.0177    0.3212    2.6504    0.2449
    610000    1.9127    1.2533    2.6601    1.3249    2.3670    1.4480    2.5122    2.8714    2.6509    2.8100    1.2303    2.6349    1.4581    2.5806    1.3912    2.5257    1.7174    3.1389    0.4486    2.3706    0.5934    2.2769    0.4891    2.1557    0.0165    1.5568    2.5963    3.0274    3.1040    1.9119    2.1932    2.9956    1.9735    1.7972    2.3458    0.0555    2.2111    0.8355    1.6055    0.0879    0.2488    1.1737    2.6500    0.6988    2.5514    0.0947    2.0762    1.1224    2.8409    0.3255    2.3502    0.9790    2.8058    0.8414    2.2752    0.8577    2.3738    1.7111    1.2945    0.3830    2.1013    1.9723    2.3139    2.1395    0.9543    0.7342    1.7067    1.7035    2.3383    2.2219    2.7418    0.9578    2.6592    2.0050    1.8962    2.7023    0.3556    0.8142    1.0466    2.3647    1.5550    2.3494    1.9516    2.4025    2.9252    2.4077    2.7394    1.4084    2.7517    1.3590    2.9973    0.8882    2.2344    1.3442    2.9169    0.1987    1.4621
    620000    1.8325    1.8049    2.9141    1.2782    2.6650    2.5645    1.5602    2.3894    0.6739    0.5456    2.2908    1.0812    2.2199    0.2335    1.9878    1.8102    1.5644    2.2715    1.9751    1.7142    1.5689    2.7010    1.7433    2.4044    1.4028    1.1548    3.1384    1.7317    2.1744    1.9861    1.0554    2.1428    2.1211    2.4526    1.6337    0.0145    1.4789    2.5015    1.8587    2.3326    2.8696    2.2400    2.9689    1.3201    2.6740    1.1328    2.8227    1.4090    2.8736    2.3071    1.8592    1.5271    1.8800    0.7811    2.3600    0.1100    2.7468    1.4307    1.8243    0.3349    2.4752    2.9543    2.7278    1.1190    2.6069    1.4270    2.5417    0.6463    1.7837    0.2899    1.6296    1.4078    2.2579    0.5309    1.2995    2.7196    1.1144    2.8710    1.1139    1.5084    0.0163    3.0945    2.4944    0.9828    1.8934    2.4695    2.7712    1.9722    2.1927    1.4105    3.0592    1.6038    2.9226    1.4505    3.0831    1.9509    2.8012
    630000    2.1432    0.7271    2.9434    0.4507    3.0609    0.2566    2.8319    3.0730    2.6261    0.4398    3.1170    0.1914    2.8455    0.4105    3.0909    0.1133    2.9114    0.2179    0.2213    0.5506    1.4876    0.1831    1.6976    0.2841    1.9002    0.4220    3.0148    3.0672    2.2042    0.5071    0.4335    0.1052    0.5984    0.4682    0.1751    0.3796    0.2537    0.1133    0.3587    0.4477    2.4316    0.3328    2.3689    1.2986    0.7441    0.5517    2.4547    1.2480    3.1196    0.4858    3.0038    0.0085    3.0398    0.5027    2.9293    0.0358    2.6577    0.4193    0.8721    1.2709    1.6802    0.9623    0.3662    1.0235    0.3930    1.4103    0.4230    1.7148    2.8146    1.5500    2.3390    0.7560    1.3450    2.2904    0.2702    2.8880    2.0118    1.0541    2.0215    1.1275    3.0049    2.5145    1.5459    1.4883    0.4722    0.8699    1.6788    1.7101    2.4540    1.4564    2.6994    1.1155    2.7819    0.9665    2.3820    0.6834    3.0601
    640000    2.1068    1.0553    2.7074    1.1753    3.0787    0.4297    2.7520    3.0335    2.6568    1.2455    2.4441    0.4395    2.9499    0.0451    2.7261    0.3358    2.8114    0.3567    0.8569    0.8497    1.9930    0.6843    2.3947    0.6230    2.3520    0.6256    3.0956    2.9422    2.5155    0.3460    0.1171    0.2961    0.4800    0.1004    0.9829    0.0009    0.7637    0.6069    1.3639    0.4826    3.0278    0.9401    1.3539    2.3594    0.8365    1.3477    1.0091    2.8724    2.0696    1.1256    3.0536    0.1934    2.8201    0.5089    2.4842    0.2430    3.0081    1.2568    1.0355    0.0890    2.1744    1.8803    2.5209    1.2643    0.4795    0.9943    0.8139    1.1968    2.8524    1.5194    2.3884    0.7888    1.5213    2.8657    0.9940    2.8719    0.6199    2.0254    2.3717    1.2328    2.8558    2.1619    2.2926    2.0078    2.9431    2.8934    1.8390    2.1722    2.3472    1.4852    2.2189    2.4649    2.3058    1.5462    2.8059    1.7776    2.9886
    650000    2.0374    1.9410    2.9793    1.3747    2.8669    0.8685    1.4797    0.3067    2.0811    1.0950    3.1000    0.1618    2.5494    0.7959    2.7965    1.0092    0.2777    1.9764    1.8548    0.5807    2.6281    0.0250    1.9223    0.7286    1.5344    0.5384    2.7254    1.2501    2.6343    1.0250    1.6754    0.2119    1.3815    1.1932    1.7021    0.0672    1.3625    1.0825    0.6961    2.1951    2.5890    1.6499    2.8929    1.4037    2.1412    1.9539    1.9987    1.9370    2.0984    2.3542    2.5051    1.8022    2.8593    1.2506    2.3598    2.9437    2.4399    2.9142    2.8498    2.2263    3.1312    0.7463    2.6550    0.2877    2.9176    0.5025    2.6179    0.6436    0.1557    1.0583    0.4412    1.2651    0.0113    0.0094    2.0568    2.9111    1.3350    1.8875    1.4763    0.3944    0.1309    2.8343    0.4063    2.5312    1.5369    1.7327    2.8399    0.0195    1.8176    1.5077    2.8790    1.3823    2.8240    1.3852    2.7537    2.5557    2.4351
    660000    2.0997    1.5447    2.4886    0.0240    2.9734    0.4156    0.5121    1.2943    0.3286    2.3667    2.1996    1.1321    3.0920    1.5294    1.0807    1.6592    0.9251    1.3527    0.5400    1.8751    0.6940    1.7612    0.9383    1.3201    1.0552    1.1463    2.5841    0.9834    2.8628    1.5377    2.6604    1.2152    2.8215    2.3547    2.5220    0.0669    2.6765    2.7088    3.0947    3.0691    2.4530    1.9219    2.7454    1.4665    2.7684    1.2018    2.0758    1.7913    2.9331    1.8392    2.3297    0.3602    1.8921    1.7954    0.9659    1.6084    2.6396    1.5728    3.1102    2.1798    2.6493    0.7600    2.8435    1.1545    2.6550    0.8711    2.9755    1.3614    0.3544    1.4080    1.4189    1.7569    2.7572    1.2776    1.3404    2.6597    1.1179    2.7859    1.0784    1.3891    0.2973    2.9702    0.7061    3.1332    1.8163    2.1231    2.9565    1.2071    1.9869    0.9363    3.1058    1.2139    2.7400    1.0127    3.0204    1.6766    2.5875
    670000    1.4434    1.2053    0.2552    0.3775    0.2977    1.8267    2.8996    2.6054    1.2671    2.3320    1.9447    2.6016    2.6992    2.7848    2.4634    2.6808    2.0179    2.3822    1.3481    0.9932    2.1711    2.5667    1.7775    2.7843    2.8524    0.3999    1.5060    0.2897    1.1381    0.1282    1.1357    0.4407    0.0460    0.4378    1.2510    0.6731    1.0424    0.7405    1.1941    0.9058    0.1411    0.6428    0.8854    1.5649    1.2580    0.6395    1.0175    0.9629    0.6300    0.9375    2.0067    0.0645    1.4145    2.4575    1.5377    1.9391    0.6123    1.9940    1.0644    2.8990    1.1546    0.2551    0.9868    0.6120    0.3647    1.2836    1.1980    2.7964    2.4097    1.9420    1.8626    0.7442    2.7096    0.4877    2.9078    2.9008    2.7912    2.6510    2.1797    0.0238    2.3487    0.1039    2.4071    0.7494    2.7369    0.1164    1.3318    1.0097    0.5265    2.0889    0.2569    2.9195    0.2279    2.9233    0.0644    2.6641    0.2885
    680000    1.3046    3.0617    0.8105    1.7989    0.8541    0.8002    2.9866    2.0555    2.8911    0.4514    2.9264    0.5820    2.8824    1.5564    2.7837    1.3164    3.0269    0.6887    1.7382    0.3276    3.1289    0.5644    2.7528    0.7949    2.8403    0.2364    2.8838    2.4282    3.0760    0.2161    1.8131    0.1127    0.1780    0.0617    1.7233    0.2974    1.3117    0.6765    2.0803    0.4775    2.6126    1.3312    0.5309    1.5052    0.7398    1.9208    0.4352    1.5246    0.8923    2.6634    1.0320    0.9679    1.1707    1.5838    0.1854    1.6154    1.4024    2.6501    1.1286    2.1693    0.3298    2.1444    0.4574    0.9836    0.1216    0.6932    0.1992    0.7191    3.1011    0.1786    1.0808    0.5059    0.9784    1.5602    2.8730    1.1191    0.3617    2.1563    3.0929    0.8383    2.5346    2.3070    2.5044    2.9884    1.9090    2.6925    0.6044    2.5556    0.6264    2.3573    0.9512    2.8388    0.2885    3.1023    0.4165    2.9412    0.4619
    690000    2.2654    3.0392    2.7151    2.9516    1.5642    1.3896    2.6675    2.3674    2.7424    0.4975    2.4309    0.3030    2.4568    0.3368    2.6004    1.2117    1.3548    1.3280    0.0410    1.4193    2.6944    0.1054    2.7411    0.2726    1.8906    0.7573    2.4732    2.7617    1.6672    1.3220    0.4952    0.9897    0.6286    1.2151    0.6848    0.0136    0.4720    1.3161    0.1448    1.5833    2.6499    1.9117    2.8040    1.0720    2.4895    1.1972    3.0943    1.1230    2.4861    2.4483    1.7173    3.0276    2.0148    0.3510    1.5195    2.5209    2.8684    1.9116    3.0207    1.1883    3.0894    0.7172    2.1551    0.0723    2.9187    0.3382    2.8084    0.0364    1.7237    0.4869    1.0419    0.7096    0.3277    0.2331    1.9077    2.7544    1.3534    1.6628    1.7442    0.4109    0.4886    3.1387    0.1870    3.0949    1.3802    0.6058    2.4836    3.0945    1.8490    1.6821    2.7538    1.9234    2.6512    1.4257    3.0845    1.0654    2.4472
    700000    2.3251    3.1089    2.8695    2.9557    2.2553    1.7714    2.2644    2.5362    2.6363    0.8496    2.3776    0.7684    1.9872    0.8560    1.3367    1.4190    0.5938    2.2751    2.5655    1.2345    2.6356    0.2116    2.6000    0.3775    1.5420    1.0567    3.0700    2.0430    1.8996    1.7442    0.0165    1.5121    0.9291    1.5789    0.6170    0.0545    0.3620    1.5605    0.6722    1.9486    2.3912    2.1442    2.9364    1.2131    2.9494    1.1460    2.7028    0.8000    2.8542    3.0281    1.4793    2.4408    2.6637    0.0609    2.7839    0.6421    0.0790    0.2419    2.8297    2.1603    0.6721    0.1171    1.8117    0.0983    2.2435    0.8344    2.8877    0.0304    2.0460    0.6358    1.4191    0.3382    0.9875    0.0539    2.3919    1.2536    1.3644    1.6807    1.4388    0.5457    0.9548    3.0943    0.8604    2.3472    0.9233    0.7058    2.8244    0.5217    2.6808    1.3115    3.0884    0.6233    2.7681    0.7183    2.9710    2.7933    2.7133
    710000    1.4842    1.2176    2.8190    1.9928    2.9896    1.2249    3.0445    0.7834    2.5281    1.0151    1.9682    3.1052    2.4455    0.9129    1.3360    1.3750    0.5745    1.3041    0.8152    1.3846    0.8899    1.3754    1.1854    1.0452    1.1613    0.8824    2.6975    1.0321    2.8905    0.9773    2.8634    0.7060    2.5909    1.8537    2.4843    0.0815    2.6213    2.5059    3.0228    2.8220    2.1989    1.9461    2.6842    1.3573    3.0533    1.2837    2.4982    1.5887    3.1124    1.9340    2.1436    0.5949    1.9870    2.9233    1.6318    1.8596    2.6531    1.8002    2.8567    2.2680    2.8847    0.7797    3.0777    1.1314    2.6871    1.0187    2.8015    1.7707    0.3027    1.9578    1.2322    1.6845    2.1053    0.8735    1.8195    2.3853    1.1510    2.9740    1.1455    1.3199    0.5672    2.5757    1.1634    2.4748    1.9002    2.1243    2.6357    1.8141    0.8442    0.2294    2.7223    1.0833    1.9987    0.1122    2.7187    1.4325    1.6054
    720000    2.2677    1.4586    2.6637    1.5800    2.7885    0.0428    2.9164    2.6977    2.9598    0.0964    2.9322    0.4232    2.5285    0.2096    2.5694    0.6087    2.9274    0.3858    0.0444    0.8166    1.6350    0.2734    1.9627    0.4606    2.2847    0.0962    2.3607    3.0574    2.2471    1.8747    0.2464    1.4384    0.0783    1.8081    0.0865    0.1970    0.1497    1.4935    0.1549    1.8067    1.8460    0.9422    3.0406    0.5387    2.8439    0.1238    2.7541    0.6068    2.5458    2.4977    0.0309    2.2029    2.3524    0.6445    2.1215    1.9936    1.4634    0.8288    2.8232    0.9118    3.0958    0.2199    1.2874    0.7417    0.6520    0.5147    2.3071    1.0896    1.8855    1.3239    0.9454    0.5752    0.4039    0.1719    0.7702    0.3323    1.9924    0.8738    1.4422    0.3321    2.2762    1.5919    1.7594    0.3871    2.7739    1.2593    3.1229    1.1607    2.1567    2.8088    2.5790    0.0391    2.9966    2.6844    3.1104    2.7413    3.0989
    730000    2.0602    0.9353    2.8667    0.8823    2.9019    0.0942    2.8044    3.1256    2.8146    1.3909    2.0454    0.2044    3.0955    0.9701    2.5505    1.1062    2.4105    0.5137    1.0277    1.3273    1.4346    1.5615    2.9411    0.8514    2.1647    0.9852    2.9944    2.6314    2.4384    0.8206    0.7842    1.5178    0.1482    0.0559    0.7018    0.3557    0.0623    1.2025    1.4416    1.1507    2.5254    1.6769    1.4675    2.9757    0.7231    1.3721    1.5270    2.4492    2.2095    1.7011    2.3071    0.0525    1.1439    0.8210    2.2371    0.4348    1.9628    1.9847    0.9636    2.9404    1.2756    1.5000    1.9819    1.9576    0.1800    1.4800    0.4011    1.5271    3.1020    2.4783    2.8365    1.4767    1.4358    2.1850    1.6204    1.9848    0.6993    2.3479    2.1051    1.3568    2.7024    2.2377    2.2797    2.3460    2.8394    2.6586    2.0106    2.1454    2.5932    1.4513    1.4899    2.5892    2.1363    1.2423    2.2147    1.7001    2.2074
    740000    1.9581    1.5790    1.9268    2.2732    2.7167    0.2854    3.0337    1.8834    3.0461    0.3406    2.8746    0.2551    2.7668    0.6747    2.1579    0.3100    2.9528    0.0444    0.2404    0.9184    1.9113    0.1261    2.1273    0.4727    2.3834    0.0345    2.8645    2.6367    2.8971    2.1353    0.5504    1.3583    0.1208    1.5630    0.0126    0.1644    0.0703    1.2477    0.3132    1.3618    1.9349    2.2512    1.6808    0.6300    1.6035    1.1281    2.1694    1.5811    2.4571    2.4801    1.2209    2.4769    1.5843    0.4649    0.9569    0.1456    0.0594    2.8660    2.2468    1.1768    2.1264    0.1692    1.2727    1.1121    0.1758    0.9783    1.5880    2.2213    0.1891    1.3214    0.3234    1.0341    0.3206    1.1030    1.1520    1.5004    2.4711    0.8498    1.3800    0.8163    2.7488    1.1449    0.7615    1.2785    3.1362    1.7702    2.9472    1.6994    3.0942    2.0401    2.3549    2.3476    2.9019    2.9695    1.2463    3.0025    2.9087
    750000    1.6228    3.0027    2.0290    2.2629    0.6944    1.4968    2.5883    1.8359    0.9993    0.1533    2.6819    0.6871    2.9684    1.1669    3.1030    0.1881    3.0402    0.0303    0.9463    0.3420    3.0644    0.8871    2.9339    0.0331    2.7891    0.2219    2.6070    1.8273    2.8450    0.5562    1.3854    0.4679    0.1508    0.3936    1.0746    0.3881    0.6989    0.9129    1.3966    1.1857    2.6091    1.7623    0.8398    1.6080    0.4981    1.6539    0.7813    1.6458    0.7223    2.7415    1.4860    0.2375    2.0885    0.7233    0.8517    0.8259    1.6442    3.0850    1.2334    2.5192    1.1375    2.9858    1.1947    1.4073    0.1213    1.0365    1.0358    1.5727    2.6678    0.5103    0.4830    0.6867    0.6489    1.3212    2.8762    2.7900    1.5333    2.9609    2.4227    0.9241    2.1414    2.9007    3.1255    1.5320    0.2471    2.3117    0.3380    2.1666    0.4712    2.9491    0.1670    2.4245    0.4494    1.9807    0.6060    2.2317    0.5030
    760000    1.2094    1.8960    2.3321    3.0335    0.4634    2.1953    2.2902    1.6257    2.0215    0.2421    2.3233    1.8908    3.1130    2.5547    2.9795    2.4360    3.0949    1.7604    2.0527    2.4227    2.5318    0.7597    3.0670    1.0529    2.3677    0.3157    2.2010    0.7822    2.0332    0.1749    2.0960    0.2283    0.4175    0.0246    2.6972    0.7136    1.8797    0.2604    2.4066    0.6719    0.6105    0.9458    0.0192    1.6073    1.5626    1.9840    1.2950    3.0235    0.5274    1.3892    1.7934    0.2174    1.6656    1.6939    1.1383    2.8987    1.1105    2.8333    1.0124    1.5639    1.1260    1.2507    0.4932    1.3624    0.8980    2.2865    1.0955    0.1541    2.8726    0.5009    2.2464    0.7537    2.3803    1.1158    3.0613    3.0315    2.6974    1.3435    3.1085    1.5753    3.0557    3.0312    1.9347    1.8047    2.4074    1.4686    0.1061    2.3007    0.4059    2.4507    0.6527    2.7433    0.6796    2.4648    0.0008    1.4975    0.3611
    770000    1.3529    1.9147    2.5373    2.4401    0.9681    1.8309    2.5389    0.9119    2.5479    1.7138    2.7445    2.1178    2.9613    2.8442    2.8401    2.9434    2.9815    1.8182    2.4604    0.9076    1.0949    0.3356    3.1266    1.4252    1.9344    0.0655    2.5004    2.4538    2.2991    0.0830    1.9927    0.2505    0.3917    0.0050    2.6905    0.3979    2.0882    0.3377    2.4923    0.6919    0.7602    1.1329    0.2338    1.6413    1.6745    1.9536    1.4868    1.9044    1.6593    1.4024    1.7636    0.3755    1.6034    1.5895    0.5693    2.6818    1.2472    2.7481    1.1503    1.5631    0.9775    2.1206    1.4385    2.6267    1.0343    1.5956    0.3154    0.6434    2.8363    0.0068    1.7174    1.0511    1.9698    1.9287    2.7994    3.0386    2.5208    1.1238    2.9993    1.8543    2.9734    3.0335    2.1218    2.1837    2.3571    1.3192    0.4419    2.0923    0.3853    2.4426    0.7060    2.6050    0.3938    1.9886    0.4689    2.6016    0.3769
    780000    1.7207    2.2887    2.5305    3.0339    0.6210    2.0533    2.8548    1.6761    2.6619    1.3875    2.2810    1.7690    3.1097    1.8992    3.0017    1.3941    2.9492    0.2835    1.7799    0.0043    2.9054    0.2071    2.9974    0.4620    2.6430    0.1875    3.0448    2.7786    3.0568    0.1972    2.9062    0.0792    0.2290    0.0276    2.4336    0.4368    2.1887    0.1450    2.8054    0.1792    2.0831    1.3217    0.4981    1.6218    1.2401    2.5974    0.5998    1.5128    1.4891    2.4770    1.5632    0.4955    1.5863    1.3997    0.1542    2.0459    1.5158    2.8273    1.3759    1.7321    0.1308    2.7156    1.2119    1.5095    0.5267    1.0173    0.1825    0.6604    3.0622    0.1241    1.0055    0.9791    1.3379    1.3719    3.0919    2.8413    2.5603    1.5893    2.9321    1.2926    2.3289    2.8475    3.0633    2.3086    2.1124    1.2773    0.5796    2.0877    0.3174    2.3511    0.6292    2.7178    0.1565    2.5836    0.1505    2.2186    0.3686
    790000    1.4154    1.1191    2.8588    1.9779    2.6781    0.4433    2.9151    2.3940    0.8457    0.6168    0.9205    0.1741    2.5232    1.6010    1.4421    1.6260    1.7581    1.6140    2.0697    1.7870    1.3795    1.9087    0.6506    2.7269    0.7112    2.7268    2.5762    2.9187    2.9796    1.0014    2.4535    0.4390    2.9887    3.1090    2.7785    0.1591    3.0976    2.7187    2.4100    2.5505    1.7738    1.5438    2.7479    1.1892    2.5496    1.8799    2.1200    1.3670    2.5643    2.2634    2.8618    0.3991    2.4039    0.8570    2.5671    0.9107    2.9514    1.7251    3.1115    2.5897    2.8984    0.7052    2.9564    0.7246    3.0856    0.7684    2.7926    1.6021    0.3427    1.8200    0.4204    1.4633    0.5753    0.0006    2.1617    2.6540    0.8248    2.8349    1.0982    1.0937    0.7590    1.8204    1.6618    2.1816    2.3575    2.0894    3.1388    0.1722    1.3998    0.5675    3.1105    0.8843    2.5215    0.7576    3.0126    1.1374    2.3311
    800000    1.5746    2.9358    1.7016    2.2864    1.0355    0.8362    2.6025    2.2004    2.8376    2.0204    3.1108    1.7727    3.0442    1.9787    2.7759    1.2403    2.6892    1.9841    0.8700    1.0980    2.7751    0.8203    2.9646    0.9515    2.5401    0.0345    2.6087    2.5498    3.1201    0.2100    2.6860    0.1090    0.2945    0.0544    2.4840    0.2467    2.0610    0.4882    2.6860    0.0998    1.9104    1.2748    0.5874    1.9052    1.1489    2.4234    0.4220    1.6230    1.2682    2.7694    1.1458    0.7051    1.2783    1.4583    0.1501    1.6627    1.2787    2.9193    1.2773    1.7685    0.3571    2.5326    1.7208    1.7478    0.8970    1.0789    0.3273    0.7561    2.8949    0.2339    1.2159    1.0341    1.3620    2.1001    2.5297    2.2983    1.3348    1.4736    2.8290    1.4704    2.8818    2.6761    2.3978    2.5552    2.0981    2.6556    0.9749    2.2156    0.0436    2.8921    0.2442    2.7272    0.4376    3.0302    0.2928    2.7350    0.2866
    810000    1.4564    2.7139    1.3989    2.3173    0.8845    1.0506    2.7586    1.8261    2.9416    1.4674    2.5268    1.7566    3.1400    1.5783    3.0982    1.0938    2.5554    1.4214    0.3093    0.4396    2.9008    0.2515    3.0195    0.7591    2.5140    0.1409    2.8540    2.7111    3.0828    0.2494    2.9690    0.0165    0.2712    0.0020    2.7729    0.1029    2.6818    0.1962    3.0416    0.3616    1.4364    1.3088    0.4076    1.4925    1.1129    2.4114    0.3326    1.4024    1.2530    2.6987    1.4525    0.5866    1.5049    1.3051    0.1143    1.8306    1.5891    2.6341    1.5043    2.0492    0.3713    2.9614    1.1741    1.6597    0.5114    0.7338    0.0798    0.4411    2.8707    0.1360    1.0715    0.7049    0.9961    1.1174    2.9181    2.7900    2.7027    1.8012    3.0206    1.0541    2.2705    3.1272    2.7164    2.0404    2.2573    1.9013    0.2700    2.6737    0.1721    2.9423    0.1254    2.5244    0.2873    2.5779    0.4774    2.6606    2.3293
    820000    1.6940    2.6746    1.7248    2.2580    1.4701    0.4858    2.7112    1.8600    2.9588    1.0589    2.3991    1.5135    2.9729    0.9212    3.0905    0.5335    2.3851    0.5441    0.5561    0.0062    3.1301    0.1535    3.0788    0.4510    3.1326    0.1416    2.9502    3.1139    3.0273    0.3015    2.6216    0.0970    0.2815    0.1710    2.1380    0.2001    1.7937    0.5800    2.3711    0.2404    2.2662    1.4483    0.7396    1.5666    0.6719    2.0867    0.4296    1.5356    0.6594    3.0489    1.3849    0.6125    1.5051    1.1150    0.2792    1.5122    1.6991    2.7144    1.5950    2.6855    1.0705    2.6633    1.6864    0.9067    0.1481    0.5246    0.1371    0.4852    2.9360    0.2973    1.0111    0.4222    0.6021    0.8348    2.6040    2.9425    2.3640    2.9071    2.5730    0.8496    2.0936    3.0860    2.9151    1.0976    1.1340    1.0169    0.6455    1.5744    0.2839    2.1594    0.4090    1.9296    0.4500    1.5286    0.0135    2.1646    1.0548
    830000    2.1559    0.5891    2.2901    0.6398    2.9301    0.7220    2.4909    2.2773    0.1598    0.3275    2.0235    0.4472    2.6863    1.0195    1.8787    0.1611    3.0605    0.6899    0.1992    1.6460    1.3305    0.1777    2.5299    0.1153    2.4688    0.2877    2.7505    2.8984    1.2963    2.5183    0.6914    0.1955    0.2918    1.2611    0.4841    1.6701    0.2943    1.4545    0.5354    0.3062    1.0676    0.4826    1.9217    0.0015    2.8438    0.0998    2.2588    0.2870    2.2112    3.0478    1.3390    0.8435    0.9259    1.1660    1.4006    1.1634    1.7440    0.5887    0.4389    2.4274    1.9277    0.3557    0.3127    1.2854    0.4401    1.4963    0.0864    2.8086    1.7898    2.4318    1.6322    1.0504    0.3059    1.7063    0.0031    2.5726    1.2314    0.6170    1.0542    1.0190    2.4165    0.0942    2.5239    0.5151    3.0541    1.8497    2.9378    0.4410    1.0678    0.2781    2.2627    0.3425    2.5017    0.0884    2.4909    0.9063    0.5553
    840000    1.5139    1.8559    3.0023    2.0736    1.4834    2.0842    1.9018    2.7256    1.5358    2.3450    2.3028    0.0262    0.2186    2.1494    2.0603    1.1620    0.6039    2.7503    1.3705    2.2988    1.0264    2.7982    0.6973    2.8317    1.3919    1.9985    1.9316    3.0205    2.2673    2.5134    2.5960    2.7362    2.6290    2.8526    2.6315    0.1359    2.6206    2.8279    1.8528    1.7029    1.8226    2.4648    2.9161    1.1054    1.7187    2.4121    1.1773    1.6181    2.1594    2.7125    1.4757    2.3326    1.7602    2.4464    1.4903    2.4536    1.8786    0.3090    1.7289    0.5214    1.8806    2.5130    2.2046    2.8675    1.3285    1.4836    2.7543    3.0765    1.4023    2.4927    2.2204    1.9919    3.0320    1.1105    2.2164    2.4647    0.7356    1.1054    0.8248    2.5002    0.9164    2.7428    1.4674    3.0931    2.8873    2.1202    2.9860    1.3382    2.7470    1.5565    2.8230    1.3630    2.7221    1.5040    2.8887    1.5240    2.7714
    850000    1.0631    1.9222    2.4144    1.7804    1.5898    2.7410    1.8811    2.2300    2.7292    2.7287    3.1142    2.8213    3.0068    2.9776    3.0503    2.8833    2.6791    3.1286    2.3994    2.2714    2.4385    1.9315    2.8362    1.4464    2.7710    1.2384    1.6980    2.5167    1.5981    1.1994    0.0977    1.0461    0.5389    0.3049    2.3979    0.3044    2.2656    0.1355    2.2666    0.5648    0.2316    0.4827    0.4477    1.3605    1.5645    0.1139    3.1016    2.0236    1.0599    0.5992    2.0495    0.4611    1.4677    2.1080    0.6491    2.6640    1.0716    2.9938    1.0561    1.7274    0.8756    1.9771    1.0578    2.3145    1.1847    0.6069    0.7813    0.1751    2.6189    0.6110    2.8369    0.3304    2.5305    1.9069    2.7555    2.7959    2.4718    1.2813    1.6599    3.0424    2.0460    2.6656    1.2605    1.8859    2.6415    1.6936    0.7901    3.0345    0.5778    2.7129    1.0164    2.7252    1.0012    2.4777    0.9258    2.7930    0.9906
    860000    1.1242    1.7350    2.4702    2.3959    0.9626    2.0256    2.4673    2.0079    3.1340    2.7923    2.6292    2.8338    3.0983    2.9626    3.0962    2.4424    2.9176    2.7773    2.8220    2.6313    1.8365    1.1555    3.1146    1.1725    2.2054    0.3451    2.1916    2.3704    1.7498    0.2658    1.1529    0.5255    0.6277    0.0775    2.4837    0.2436    2.4001    0.1420    2.3649    0.7269    0.3593    0.6433    0.3069    0.8821    1.9344    0.3898    2.4137    0.7016    2.2322    1.6608    1.8966    0.6242    1.4835    1.6723    0.3581    2.2860    1.2951    2.7584    1.2453    2.1175    0.1012    2.1756    0.9236    2.6209    0.3633    0.5333    0.1777    0.2822    2.6220    0.1230    2.3125    0.2230    2.0645    1.2911    3.1342    3.0734    2.7408    1.3932    2.4816    1.7973    2.9382    2.4135    1.2969    1.8240    2.6517    1.3754    0.1012    2.4214    0.6274    2.4564    0.7745    2.8882    0.7306    2.7495    0.4982    2.9179    0.4920
    870000    1.2361    1.8880    2.5465    2.0872    1.2235    2.9248    2.1071    2.1780    3.0772    2.7352    2.5357    2.9170    3.0956    2.9938    3.0844    2.4507    2.8033    3.0311    2.4879    2.3496    2.1158    1.3178    3.1213    1.1081    2.3655    0.4361    2.1356    2.3838    1.6581    0.3379    1.0738    0.4706    0.6648    0.0642    2.5299    0.1493    2.4438    0.1748    2.3530    0.7254    0.4527    0.8185    0.1427    1.1338    1.8162    1.7389    1.7100    0.7837    2.1804    1.8218    1.7041    0.6342    1.4361    1.7671    0.3037    2.0886    1.2146    3.1115    1.1766    2.2566    0.1147    0.9101    2.6889    0.5749    0.4068    0.5010    0.3064    0.2539    2.6496    0.1565    2.2065    0.2301    1.9475    1.3723    3.0986    3.0767    2.7247    1.4083    2.4909    1.9015    3.0516    3.0721    2.2461    1.9815    2.6824    1.4699    0.1089    2.6925    0.5476    2.6556    0.6511    2.8315    0.6156    2.8988    0.4375    2.8321    0.4606
    880000    1.8894    0.8970    2.4902    1.3428    2.7403    1.4385    2.4304    2.9926    0.8884    1.5252    1.0926    1.0880    1.3619    2.9685    1.5259    1.3412    1.2428    2.9725    0.2709    2.7077    0.6424    3.1272    0.6730    2.6982    1.2375    2.9158    2.3995    2.8001    3.1292    2.3781    2.3824    2.4652    2.2883    2.7263    2.1975    0.0980    2.2195    2.7488    2.1282    2.5092    1.7906    2.8514    2.5372    0.9567    1.6733    2.2171    1.8774    1.5269    2.0903    0.9326    2.2829    0.7613    2.7902    0.1015    1.9907    0.4832    2.5013    1.4789    1.9912    1.8350    2.5325    0.8045    2.8154    2.9422    0.8481    2.0558    1.2634    2.3586    2.3209    2.4553    1.9063    2.1277    2.8848    1.1289    1.2934    0.0048    1.1490    3.0093    0.4724    2.3322    1.2958    2.3527    1.4416    1.9625    2.3824    2.6010    2.8220    1.5639    1.8230    0.8571    2.9017    1.0088    2.9284    0.8979    2.9008    1.4101    2.7427
    890000    1.1420    2.4161    1.0427    1.8610    1.0702    1.1210    2.6144    1.8831    2.9656    2.6539    2.7894    2.8512    3.1328    3.0119    3.0796    2.2940    2.8961    1.8856    2.6321    2.4319    1.7509    0.7018    2.9877    1.5026    2.0920    0.1157    2.2827    2.2331    2.1364    0.1228    1.9246    0.2481    0.5512    0.0193    2.6838    0.2133    2.4234    0.1841    2.2810    0.7247    0.5576    0.8574    0.1684    1.4287    1.5254    2.2755    1.0271    1.0503    2.0466    2.2070    1.4014    0.5159    1.3081    2.0919    0.5685    2.5326    1.1362    2.9755    1.0320    2.0319    0.1435    0.5463    0.6705    0.5162    0.0451    0.0109    0.5459    0.2492    2.8540    0.8371    2.0091    0.3668    1.7509    0.9695    2.7343    2.8876    3.0695    1.6640    2.6736    1.1258    2.4338    3.1134    2.2809    1.7632    2.4854    1.3608    0.3957    2.6676    0.1695    2.7332    0.3571    2.8478    0.3183    3.0791    0.1447    2.7780    0.3407
    900000    1.1997    2.7438    1.0138    2.0463    1.0248    1.2478    2.4764    1.7488    2.8614    1.9171    3.0408    2.0363    3.0160    1.8587    3.0263    1.1888    2.5489    2.4473    2.6575    0.2794    2.5379    0.1144    3.1048    1.1604    2.5044    0.0138    2.3806    2.5255    2.9715    0.0222    2.8963    0.0139    0.2184    0.0596    2.7682    0.0881    2.9054    0.0197    2.9146    0.5479    1.0686    1.0648    0.1250    1.3590    1.2239    2.4538    0.0007    1.1046    1.4756    2.9525    1.1870    0.6258    1.3227    1.7954    0.2416    1.9026    1.2956    3.1398    1.1992    2.2880    0.4182    1.4971    0.0163    0.4288    0.0494    0.7368    0.1230    0.2556    2.7798    0.6836    1.4766    0.2886    1.0024    0.9927    2.3866    2.9683    2.8793    1.9797    2.9260    0.8577    2.2212    2.6217    2.2904    2.0167    2.0138    2.3389    0.6763    2.2719    0.0770    3.0649    0.0934    2.7879    0.1770    2.8702    0.0478    2.4562    0.3851
    910000    1.7802    2.9755    2.4006    2.6496    1.0487    3.1294    2.1683    2.2051    3.0305    2.6463    2.9948    2.3190    2.8924    2.1913    2.6855    1.5039    2.5646    2.7773    1.6159    1.2175    0.5451    1.0616    2.8623    1.5767    2.3620    0.5336    2.1353    2.6477    2.8183    0.0647    2.0256    0.5572    0.1338    0.1841    2.5005    0.1888    2.4550    0.1748    2.9149    0.2232    1.3798    0.9527    0.1903    1.4230    1.2839    1.9634    0.2360    0.8967    1.5428    3.0504    1.0270    0.6687    1.3595    1.8898    0.1882    1.6503    1.3069    2.9843    1.2199    2.0708    0.0520    2.5935    1.5236    1.5999    0.6479    1.2044    0.1916    0.7678    2.7309    0.2573    1.5684    0.6233    1.6621    1.9155    2.7836    2.1346    1.3374    1.6631    2.4825    1.5140    2.9623    2.8751    2.3153    2.0169    0.1901    1.9622    1.0734    1.8025    0.0059    2.9087    0.2650    3.0546    0.5127    2.4070    0.0194    2.8600    0.1648
    920000    1.0555    1.2097    2.5639    1.8644    1.4367    0.5043    3.1332    0.1403    1.5015    0.8871    3.1089    1.4145    3.0921    2.8837    3.0198    3.0720    2.5278    0.9784    2.2738    2.3696    2.1885    0.3229    3.0748    0.9587    1.9436    0.4831    2.9359    2.2699    2.2053    0.0845    1.6314    0.1360    0.4103    0.0364    2.2625    0.4423    1.8719    0.3794    1.7900    0.8632    0.3386    0.8217    0.5814    0.8629    2.1545    0.8656    2.3230    0.4813    2.4296    2.2268    1.7725    0.5710    1.4821    1.6982    0.9035    3.0390    1.4727    2.5229    1.1984    2.3212    0.5656    1.1370    0.4991    0.8157    0.4412    0.5048    0.3456    2.1774    2.2499    1.1561    1.7824    0.6117    1.9116    0.3693    2.6142    2.7917    3.0092    1.7486    2.9412    0.2385    1.5409    0.9278    2.3295    1.0834    2.6166    1.1667    0.1965    2.9190    0.2065    3.1126    0.1023    3.1133    0.0528    3.0860    0.0663    2.7330    0.3366
    930000    2.0848    0.7618    2.7547    1.0032    2.2594    0.5387    2.8572    1.1539    1.1309    0.4662    2.0273    2.2450    2.0396    2.8586    2.5027    2.1223    2.4978    0.5108    2.1390    1.7291    1.5688    0.0996    1.6602    0.3608    1.3177    0.3164    3.0241    2.2023    2.2496    0.4651    1.4780    0.1389    0.0239    0.0577    1.2299    0.6091    1.3171    0.7612    0.8863    1.0097    0.2077    0.9421    1.5606    1.1124    1.3885    1.2303    0.8379    1.3680    1.0834    2.0660    2.2660    0.1730    1.4971    2.4522    1.6640    1.8099    2.0924    2.1110    1.7652    2.2042    1.7340    0.6708    1.1299    0.9906    1.4401    1.4536    0.6137    3.0166    1.8369    1.9233    0.6923    0.7080    0.7513    0.0853    2.3407    2.6220    2.7050    0.9230    2.2984    0.4086    1.1728    0.6115    2.3260    0.9952    2.5863    1.0584    1.6456    0.4556    0.0416    1.4632    1.3328    0.3957    0.7870    1.2598    1.1683    1.2126    0.3602
    940000    1.1578    1.4657    2.6169    1.5771    1.6237    2.3407    2.0699    1.1380    2.0964    1.4164    2.8645    2.6568    3.1089    2.2791    2.9551    2.6935    2.6706    2.1527    2.1018    1.8761    2.0777    0.2255    2.5703    0.7562    2.1365    0.0501    2.5432    2.2342    1.7913    0.0912    1.4164    0.2433    0.3227    0.1928    1.8286    0.4534    1.4527    0.6930    1.6377    0.9813    0.4818    1.5897    0.0991    2.7042    0.0236    1.6866    0.9003    2.0585    0.5113    1.5875    1.8004    0.1934    1.4617    2.1031    0.7526    2.8736    1.0941    3.0151    0.8774    2.2310    0.0451    0.7742    0.9307    0.9473    0.1122    2.0326    1.9768    1.9897    2.5195    1.6843    1.8725    1.6837    2.7446    0.3329    2.8909    3.1128    3.1300    1.6874    3.0044    0.6642    1.9563    0.0382    1.9836    0.9005    2.5559    0.5266    1.0844    1.2590    0.4155    1.9751    0.7038    2.5335    0.1041    2.2264    0.3400    2.9391    0.1712
    950000    1.0828    1.1805    2.6117    1.4267    1.8519    1.5658    2.8190    1.0809    1.8571    0.9823    3.0081    2.6983    3.1050    1.7064    2.8238    2.2227    2.2014    3.0046    2.0120    1.5092    1.8493    0.1524    2.1577    0.6112    2.0052    0.1594    2.6830    2.1870    1.8214    0.0865    1.5704    0.1442    0.3067    0.0914    1.7276    0.4866    1.3351    0.7273    1.4319    1.0198    0.4056    1.4941    0.2769    2.4494    0.2040    1.4911    0.9673    1.8364    0.5792    1.4790    1.9700    0.1674    1.5498    1.9846    0.8585    3.0131    1.3098    2.8003    1.1196    2.2317    0.2807    0.5626    1.1057    1.8555    0.4369    1.5231    1.1971    1.8997    2.6763    1.4378    1.8107    1.3578    3.0842    0.0609    2.7608    3.0685    3.1028    1.5830    3.0914    0.5742    1.8150    0.1858    2.0676    0.9823    2.5629    0.2475    1.1597    1.2226    0.3628    2.0264    0.6990    1.9583    0.0376    1.8437    0.6451    2.6948    0.3490
    960000    1.2432    1.5658    2.5962    1.7787    1.5185    2.0335    2.5645    1.2172    1.9633    0.8541    3.1132    2.4585    3.1279    2.1368    2.8590    2.8231    2.7705    2.3905    2.3218    1.5752    2.1153    0.0938    2.6305    0.6064    2.0993    0.1557    2.5960    2.2552    1.9142    0.0623    1.6427    0.1723    0.3897    0.0569    1.9433    0.4198    1.4454    0.6911    1.5137    1.0209    0.4640    1.5972    0.2269    2.7645    0.0824    1.8343    0.8779    2.0893    0.6333    1.6655    1.9052    0.2131    1.5966    1.8572    0.6568    2.7788    1.3810    2.8066    1.2167    2.3583    0.4215    0.8419    1.2582    1.8327    0.2300    1.2704    1.2723    1.7789    2.6180    1.5137    1.6250    0.5165    2.1378    0.1199    2.6870    2.8900    3.0174    1.7634    3.0171    0.4948    1.8218    0.6899    2.1557    1.1612    2.5152    0.4867    0.9922    1.2943    0.2842    2.1263    0.7586    2.1515    0.1545    1.6213    0.7976    2.2784    0.5972
    970000    1.4630    1.9895    2.5902    1.8028    1.5025    2.8606    2.2928    1.5905    1.9576    0.8878    3.0827    2.3492    3.1408    2.5293    3.0040    3.0560    3.0055    1.8744    2.2872    1.4695    2.2673    0.0524    2.8020    0.7139    2.1736    0.2000    2.5679    2.2819    1.9904    0.0089    1.7298    0.1225    0.4135    0.0347    2.0363    0.3568    1.4939    0.7150    1.5665    1.0232    0.5903    1.6637    0.1727    3.0058    0.2529    2.4815    0.3899    2.6874    0.2734    1.9853    1.7511    0.2626    1.6647    1.7344    0.4465    2.3649    1.3653    3.0394    1.2021    2.6102    0.5155    0.7914    0.7317    1.0526    0.1645    1.2108    1.4361    1.3970    2.6925    1.4601    1.5365    0.4252    0.8936    0.1930    2.7855    2.7898    2.9710    1.7976    3.0628    0.5453    1.8687    0.2622    1.7794    1.0835    2.2810    0.7010    0.9552    1.1647    0.4010    1.7880    0.9674    2.3891    0.2842    1.9033    0.6001    3.0789    0.4051
    980000    1.1474    0.8871    2.1697    0.1201    3.0853    0.0559    1.5950    0.5624    0.4705    1.9099    2.6312    1.4576    1.7163    2.2833    1.7556    0.9391    1.1653    2.5250    0.8895    2.4897    0.1044    2.0934    0.6356    1.8745    0.4000    0.8132    3.0589    2.3749    2.4066    1.4123    0.5427    1.0427    0.9846    1.1716    0.7629    0.5351    1.2019    2.3029    0.7191    1.7630    0.8537    2.5498    1.6607    1.1294    0.6601    1.6930    0.7681    1.3001    0.5218    0.8858    2.7737    0.2013    1.7150    1.9816    1.0351    1.9315    2.2416    2.2570    2.2864    2.7416    2.7721    0.5387    2.6304    1.9600    2.1465    2.3254    1.1115    2.8323    1.7340    2.9772    0.9928    1.8731    2.3644    1.2606    1.7374    2.0735    2.6680    0.7008    1.0777    1.2061    1.0195    1.4842    1.9370    1.8562    2.1741    2.2873    1.3590    2.6671    0.0228    0.2609    2.5193    1.0723    1.6901    0.2313    2.1785    1.2492    1.1282
    990000    1.8355    2.0064    2.5079    2.5088    0.3501    1.1114    0.3154    1.8697    1.1828    0.0916    0.5417    0.4400    3.1321    0.9610    2.9282    1.1069    0.7831    1.0405    1.1383    0.0772    2.6169    0.9606    2.7732    0.8574    0.7106    1.4104    3.0615    2.5452    1.3968    1.1951    0.2200    1.3612    0.4365    1.5578    0.5029    0.2746    0.0714    1.0449    0.4237    1.2376    2.3075    1.3470    2.9949    0.9489    2.8544    0.7084    3.0476    0.7135    2.6998    2.8088    0.9930    3.0632    2.0553    0.3928    3.0413    0.1512    0.4383    0.2476    3.0536    2.8255    0.0476    0.2041    1.1875    0.0150    1.1608    0.6264    2.7813    0.2165    2.2939    1.9114    0.1513    0.2913    0.5729    0.0217    1.3667    1.1204    1.6872    1.0236    1.3390    0.0284    1.4188    2.7261    1.3897    0.9293    2.1576    0.7704    2.3181    0.0873    2.8185    1.7274    2.6636    1.7924    3.1192    1.9413    2.7771    0.6191    2.7682
   1000000    2.0435    0.8356    2.6665    1.1579    1.9657    1.8539    2.3081    2.8544    1.7079    2.4565    0.4045    0.8860    2.3301    1.7849    1.8748    0.5198    1.8998    2.5055    0.0981    1.4141    1.3787    2.5843    1.7412    1.3502    1.7429    1.7589    2.6070    2.8429    2.9388    1.7815    1.4568    1.9578    0.4550    0.5716    1.3424    0.1777    1.3922    0.4307    0.3903    0.0765    2.5276    0.5905    2.7069    0.5071    2.0179    0.4523    1.9643    0.5749    2.4099    0.2010    2.3278    0.8881    2.9528    0.1666    2.4291    0.2465    2.5511    1.0877    1.6387    1.6008    2.7109    0.6315    2.8746    1.9370    0.1557    1.8579    1.1238    1.6462    2.7844    2.1196    2.9080    1.2260    1.9802    1.5095    2.0560    2.1680    0.9779    2.2189    1.1234    1.7496    2.2326    2.0030    2.0718    1.6836    2.6480    2.7306    3.1318    1.3654    2.3314    1.2258    2.6671    1.0418    3.1124    1.0802    2.8838    1.3459    3.0431
