# Step Torsion_Angles(rad)...
         1    2.0475    1.3895    1.8683    2.2394    0.2663    2.1942    1.6475    2.1463    0.9448    2.9541    1.7450    2.0092    1.6447    2.6217    2.0910    1.7739    3.0579    1.3026    2.6019    1.4109    2.4547    0.5663    2.8502    1.0455    2.3173    0.0097    2.5000    1.0228    2.1417    1.8865    0.4472    1.6566    1.7483    2.2247    0.5070    2.4653    1.6530    2.1048    1.1607    3.1014    1.8340    1.9439    2.0146    2.2699    2.2601    1.6629    2.8765
     10000    1.8995    1.3452    2.0222    1.0768    1.5201    2.8092    2.2096    2.7478    2.3859    1.3111    1.5266    0.7172    2.2577    0.9766    2.3701    0.6666    2.5171    0.9500    0.3383    0.7640    1.7224    2.8308    1.9605    2.7129    1.6307    2.7420    1.7393    1.7266    0.1039    3.0869    1.1382    2.0124    0.5421    0.3511    1.5263    2.8101    1.8940    1.9086    1.2469    2.5967    3.1276    2.0346    2.2399    2.8684    0.1434    1.1638    0.9867
     20000    1.1955    2.4017    1.3895    0.7233    3.0864    1.3751    2.1683    2.9138    1.1120    1.4087    0.5839    2.8508    0.4872    2.5824    0.8862    2.9414    0.7345    1.7224    2.3306    1.4962    3.0103    2.2848    3.1055    2.9879    2.8303    0.1154    2.1662    2.5966    0.7519    3.0975    0.8427    1.7653    1.7745    0.8774    1.8787    2.5269    1.3297    1.6418    1.7481    1.3792    0.3782    1.8889    2.6516    2.2959    1.9081    2.4681    1.7182
     30000    2.1509    1.1148    2.2705    0.5550    2.1314    2.1116    2.1686    2.6074    2.4401    0.6630    2.7038    0.3170    2.9930    0.5215    2.7790    2.8013    2.3846    2.2625    1.1165    1.6459    2.1140    2.3695    2.9600    3.1108    2.4167    0.4244    0.4000    1.6279    0.5894    2.5446    2.0849    2.0871    2.4459    0.8285    1.7420    1.8765    0.6713    1.8288    1.0455    0.1208    0.5024    2.7770    0.2539    1.6135    0.9671    0.6768    2.1955
     40000    2.1698    0.5967    2.8228    0.5550    2.9237    2.3411    2.5094    2.8937    3.0749    2.8367    2.7745    0.2738    3.1166    2.5198    2.1135    2.5319    2.3451    0.9611    1.6686    2.9136    1.1760    0.2723    1.1118    1.5295    2.2773    1.6878    2.6647    2.4399    2.9420    1.6444    1.5065    1.1524    1.2708    2.1970    1.2027    0.9867    1.8383    1.9819    1.7563    2.1931    3.1392    1.4383    2.6992    2.8269    0.8699    2.8369    2.8688
     50000    2.1476    0.7617    2.7554    0.5031    2.5083    2.1663    2.2223    0.4649    2.1660    0.9111    2.8900    0.0737    2.9586    2.0607    1.8300    2.5771    2.6887    0.0197    1.9848    0.2143    0.2470    0.9017    2.9196    1.3142    3.0682    0.2089    1.4118    2.7874    2.7810    2.3322    2.2220    1.0087    1.1823    1.4180    0.7482    1.0512    1.4466    2.9950    2.0935    1.6981    1.6828    2.3485    2.1547    1.9526    2.5277    2.3205    2.7855
     60000    2.2169    2.4409    1.7323    2.2384    1.1706    0.8249    0.2589    2.9106    1.2096    0.2693    0.7827    0.2726    2.1024    1.5217    2.2138    2.9171    2.9898    0.1440    2.9967    2.5020    2.4321    3.0524    1.6958    2.3589    2.0339    0.3561    0.6909    1.5563    1.7173    2.7754    0.6642    2.0764    1.0210    1.9210    1.5031    0.5657    1.4576    2.1870    2.4944    1.9215    2.0820    2.6002    2.1697    2.7187    3.1142    2.8245    2.2150
     70000    1.3814    2.9476    1.2937    3.1405    0.9547    2.6022    0.7296    2.8102    2.4470    0.0974    2.8414    1.2178    2.7835    0.9070    2.4518    0.7529    2.2260    0.1355    2.9815    1.2881    1.6764    1.5938    2.9387    2.4951    3.1285    1.5396    1.4514    1.6594    0.1835    0.6795    1.0230    0.4991    1.4117    1.5597    0.0041    0.1186    0.8102    0.8176    2.5783    1.2289    2.5815    1.1875    1.4162    1.7694    2.6400    0.3061    3.0238
     80000    1.3515    1.3070    2.7537    0.3290    0.1161    2.6473    2.8024    2.4968    1.4657    0.8286    2.4879    0.1596    2.5442    0.2550    2.9194    1.4630    3.0690    0.2521    2.7653    2.4795    3.0510    2.4078    3.1039    2.4986    3.1155    1.8488    0.2582    1.5134    1.0695    2.7956    0.6357    0.3289    1.3110    2.5835    0.2367    0.2981    2.2855    0.0083    2.6562    1.1027    0.6053    3.0727    0.8901    1.9978    2.7105    1.3158    2.8217
     90000    1.3800    2.8105    2.0071    3.0286    2.2461    2.6719    0.6462    0.4537    2.7248    0.1828    2.5760    0.0803    0.3873    2.8635    2.2172    0.2889    3.0867    0.2126    2.3937    2.4994    1.5118    0.0675    2.6059    0.9692    2.6942    1.0455    2.1229    0.9723    2.2116    1.1772    1.2412    2.6130    1.2439    1.3826    2.6362    0.6644    2.6277    1.4672    0.9607    0.7501    2.1832    2.8816    0.9405    1.5350    2.6866    2.9067    2.0685
    100000    0.7685    3.0407    1.8262    2.9130    2.2987    2.9081    2.0431    3.0805    2.2538    3.0676    0.7029    0.0927    1.2933    2.9726    1.4896    2.6208    2.3843    1.9936    2.9536    2.9646    2.9578    2.8887    2.6816    2.7838    0.8152    0.3992    2.7337    1.1126    1.1138    1.8633    1.6696    1.3145    0.3599    1.6671    0.7831    1.8558    1.1801    0.6924    2.3866    2.9970    2.8354    1.3051    2.2586    2.8702    0.2139    1.6475    0.4105
    110000    1.5858    1.5499    3.0102    3.1272    0.1904    3.0224    3.0591    1.9943    3.0513    0.5120    3.0798    1.2278    3.0093    1.0027    2.1937    0.5206    2.3218    0.0992    1.7375    2.3677    3.1333    1.6701    3.0467    2.1719    3.0463    2.2510    2.5283    1.1014    1.4025    2.6760    0.9237    0.0634    0.0318    2.8170    1.9580    0.1770    2.5846    1.4044    2.3436    2.0901    2.7359    2.7131    2.1540    2.7060    1.6067    1.1340    2.1829
    120000    0.7727    2.5589    2.7709    1.7044    2.9332    1.9289    2.9874    2.6132    1.8861    0.5449    0.1683    0.4371    0.3251    2.8344    1.0200    2.3366    3.0602    0.1839    3.0721    2.0992    2.7196    1.4958    2.1944    1.2681    2.6860    0.0829    2.9807    2.0759    1.9142    2.1282    1.1809    1.5710    2.5637    1.3201    2.0923    1.5220    0.7700    3.1071    0.8740    2.4039    1.1421    1.1779    1.1372    1.3488    2.9977    0.6620    1.4482
    130000    1.2879    1.7954    2.9530    1.4739    2.5132    1.7430    2.9397    1.7026    1.3887    1.4337    2.4530    0.5183    0.3815    3.0447    2.0596    1.3030    3.0663    0.2652    2.4750    2.0766    1.4054    0.7734    2.6103    0.8939    2.8389    0.7892    2.8570    2.1833    2.2862    1.8444    1.0336    3.0480    1.5376    1.1324    2.4028    0.8599    1.7988    1.8341    0.3836    1.2423    2.0381    2.7731    0.7534    1.3462    3.1169    2.3277    0.1435
    140000    1.1317    2.0454    3.0936    1.4203    2.3605    1.6111    3.0953    1.3312    1.1541    2.0532    2.7963    0.1786    0.4102    3.1383    2.0744    1.2962    2.9949    0.3920    2.8960    1.6957    1.1689    0.6537    2.6665    1.0538    2.8637    0.8675    2.9980    2.2635    2.3880    1.8236    1.1416    2.4292    2.2734    1.0864    2.3606    1.0343    1.6935    2.2913    0.1774    1.7284    2.2037    2.6839    0.9918    1.8440    2.9186    0.2358    1.9500
    150000    0.6629    2.7650    2.6973    1.6537    3.1392    2.5826    2.9609    2.9572    3.0289    3.0545    0.9365    0.3221    1.2276    2.7031    1.7282    1.9143    2.9581    1.0386    3.0050    2.7194    2.5316    2.1720    1.9425    1.5035    2.5137    0.0845    3.0742    1.7910    2.0565    2.8441    0.0218    2.0761    2.9466    1.2515    2.3628    1.4279    1.1406    2.8842    1.5511    3.0925    0.2599    1.3529    0.4010    1.9435    2.7760    0.6501    1.3197
    160000    1.5125    2.7429    1.1897    3.0842    1.0660    0.9786    0.5452    2.8114    1.5864    0.6482    1.8454    0.7782    2.8028    0.8662    2.6760    0.6521    2.9055    0.0235    2.7677    2.2573    3.0162    2.3507    2.9540    2.6079    2.9440    1.7428    1.3075    2.8965    1.4886    2.8862    1.4412    1.3101    0.1818    1.7903    0.3078    0.5567    0.9455    1.1121    2.4750    2.7141    2.9588    2.0511    2.3168    2.8441    2.8831    0.5065    3.0431
    170000    1.3575    1.2730    0.0545    1.5321    0.0723    1.8177    0.7767    2.5740    0.1633    1.8266    0.9370    0.5052    1.7028    1.5027    3.1003    1.7102    1.0017    2.5508    0.6152    2.5482    1.3660    2.6010    2.7470    2.6107    2.2257    1.2479    3.1075    2.4945    2.8433    2.7095    2.7504    0.4199    0.8093    2.6379    0.9053    0.9885    1.5870    1.4065    2.3021    3.0878    2.5422    2.0223    2.3945    2.7101    0.0836    2.0875    2.5481
    180000    0.6951    2.8260    2.6772    2.3110    3.0716    1.9334    2.6922    3.0018    3.0734    2.6723    0.9644    0.0971    1.2386    2.7825    1.7704    1.9939    2.8328    1.0526    3.0894    2.5717    2.5970    2.0967    2.1451    0.1917    2.7112    0.2027    2.8126    1.5600    1.8149    3.1280    0.2833    1.9145    2.8973    1.2574    2.5255    1.1486    1.4274    2.4190    1.9328    2.9099    1.7021    2.5944    0.6788    0.1249    2.3842    2.1074    0.6879
    190000    1.3944    0.3307    2.8307    0.3603    1.0185    2.3017    1.3524    2.2308    1.8075    0.1616    1.5579    1.1807    2.1736    2.3224    1.4720    3.0446    0.4998    0.3414    1.4285    1.3454    0.7861    1.4004    2.6719    2.9593    2.2891    1.1329    0.7733    1.5180    2.1848    1.7897    2.3434    1.8447    2.0367    0.6999    0.3794    1.6305    1.7132    0.0305    2.5195    1.5283    1.1406    2.7281    0.6473    0.0491    2.6487    0.4246    1.6862
    200000    1.7597    1.7949    2.0836    1.8024    2.0629    0.2623    2.8678    2.6508    2.1844    1.6329    1.9917    1.6543    2.4519    0.9996    2.9377    0.8670    1.9930    0.2214    2.9096    2.2622    3.1197    2.1711    3.1091    2.4585    2.8689    1.9099    0.1113    1.6876    1.9841    2.4967    0.8973    0.3296    0.8582    2.6064    0.9602    0.4494    1.5853    0.6698    3.1021    1.1161    2.6469    2.9887    1.3599    1.8646    2.6169    2.6104    2.8218
    210000    1.8912    1.3446    1.9652    1.6051    2.4594    0.6562    3.0642    2.3097    2.7058    0.5713    1.8678    1.7756    2.5201    1.1291    1.0246    2.4956    1.5992    0.2320    1.9621    1.8981    2.2408    3.1263    3.1192    2.4678    2.9628    1.6694    0.4003    1.8777    1.6579    2.0383    1.9308    1.5239    1.0262    0.4121    0.5831    0.9340    1.3092    1.2237    2.6210    1.4547    0.6430    2.9486    1.6350    2.2522    2.9903    2.3501    3.1208
    220000    1.0028    1.3159    2.1111    0.8337    0.6491    2.7672    2.9910    2.7866    1.0931    1.1797    0.7659    0.7145    2.7155    1.7724    2.4652    2.4986    2.1294    2.8447    1.5579    1.8973    2.8123    2.4051    2.4347    2.5712    1.6385    1.2823    2.6747    1.8849    2.9285    1.0270    2.0871    0.8681    0.0022    1.0752    1.4584    0.3647    1.9427    1.7104    1.1534    2.1377    2.0095    1.7274    2.2782    2.1747    0.5487    2.0981    2.2284
    230000    2.1375    0.7222    2.8689    0.9244    2.8607    2.7216    3.1009    2.6116    2.8890    1.3318    1.8697    0.5070    3.0452    3.1391    2.0475    1.5344    2.6536    1.2503    0.4743    1.7565    2.5725    0.3191    2.9922    0.6901    0.5236    2.2320    2.5599    2.7520    2.7374    0.4235    3.0098    0.1474    2.6659    2.4011    1.1955    0.4565    3.0882    0.7979    0.1326    2.5498    2.7854    3.1311    2.7367    2.5156    1.7988    2.5867    2.7662
    240000    0.8567    2.1435    0.8043    1.5851    1.6099    2.1726    2.9017    2.7959    1.9685    1.3295    1.0417    0.2184    1.2524    2.6917    1.5153    2.6792    1.9968    2.1318    2.8820    2.5464    2.3514    1.6379    2.1402    2.2327    0.1727    0.2120    2.2489    1.2870    1.4398    0.6312    2.9979    1.2802    1.9300    0.5740    2.7409    0.4146    2.1773    0.4515    2.3913    2.2534    0.9656    1.9879    0.5197    0.3171    1.8687    2.4294    1.2101
    250000    1.2825    1.6712    2.9321    1.1660    3.0628    2.6586    3.0752    2.8689    2.1525    1.8177    0.8650    0.1257    1.3387    3.0967    1.5820    2.5884    2.2104    1.7147    2.6075    2.4000    2.5082    1.9558    2.2946    2.0998    0.2870    0.1347    2.0779    0.4654    2.0499    0.8899    2.8274    1.1970    2.1314    0.7024    2.6899    0.3239    2.1779    0.3909    2.3986    2.0130    0.4901    1.7414    0.7968    1.7656    2.8454    0.7165    1.3142
    260000    2.1352    0.6740    2.8173    0.5186    1.2213    2.7647    2.7642    1.8103    1.8834    2.0820    1.3598    0.8929    2.7246    2.0840    2.3384    1.5870    3.0946    0.9208    1.0694    2.0713    2.1657    0.4280    1.2932    2.4724    1.8551    0.2845    2.2400    2.2984    2.1437    2.5060    2.5575    2.3166    2.2284    2.3814    1.3598    0.2553    2.6567    1.4250    1.8840    2.7868    2.7878    2.5373    2.8038    2.8377    1.5799    2.3667    2.9074
    270000    1.3150    0.9108    1.4916    0.8381    1.4894    2.7319    1.7531    1.3136    0.9364    0.2628    2.4173    0.6882    2.9452    0.2230    1.7156    1.4428    0.8131    1.8051    2.3712    1.7449    0.7550    0.4728    2.9336    2.1631    2.9361    1.2336    1.3521    1.2313    1.6695    2.0970    3.0447    1.3569    0.8248    1.3375    1.0979    0.6780    1.7160    0.2660    2.8473    1.2524    0.7304    2.7193    0.4517    1.4503    2.7158    1.0720    1.0638
    280000    1.9718    0.5591    2.9808    0.3197    3.0267    3.0537    3.0158    1.4043    2.0415    3.0066    1.5336    0.2118    2.4614    2.7792    2.7989    2.4566    1.8737    2.0137    2.1573    1.1363    1.7493    1.2705    1.9466    2.4606    0.0358    0.3977    1.8411    1.8444    2.5260    0.9628    3.0711    0.1690    1.1533    0.1862    1.4200    0.3113    1.7979    1.1102    2.2658    2.0735    1.0282    1.9845    0.4823    0.0903    0.9170    3.0497    1.4630
    290000    1.1515    1.5392    0.1774    0.3111    1.5658    3.0336    1.5772    3.1216    1.4878    0.3701    3.0976    0.9157    2.9319    0.0290    3.1256    0.2158    2.8642    0.8189    2.7488    2.8321    2.9263    2.0095    2.5002    2.6731    2.4465    1.4126    2.7794    2.7209    2.6776    0.2600    2.1117    0.2014    0.8893    0.2316    1.7151    0.8298    0.8173    1.6613    2.3019    2.5377    2.9093    2.7230    2.5245    2.8005    0.7381    2.9220    0.8598
    300000    2.3857    2.2777    1.6985    1.4061    1.9366    1.8702    2.9862    2.4337    2.0447    2.0623    0.7728    0.3100    1.3258    1.3225    2.3018    1.8080    3.1336    0.9325    2.2416    1.3359    2.5565    3.0506    3.1282    2.5122    0.1805    0.1225    2.3849    2.7024    1.7691    2.8767    2.7867    2.3507    2.4324    2.3340    0.8670    0.4108    1.7261    0.1850    1.8023    1.1453    1.5759    2.2740    2.5640    0.0421    2.6924    2.1553    2.8474
    310000    1.2903    1.5499    3.1372    0.7041    3.0377    2.9674    3.1273    3.0067    3.1254    2.7138    0.7781    0.4415    0.3867    2.3989    1.7633    2.0389    2.9856    1.3059    3.0635    2.7393    2.7520    1.9066    2.1691    2.5253    1.5542    0.4856    1.5655    2.3696    2.2663    2.4863    3.0014    0.0603    0.3876    2.7851    1.1122    2.2607    1.3931    0.9606    2.9011    2.8277    1.7706    1.3221    1.8988    2.3347    1.3687    2.3875    0.0748
    320000    0.9806    2.5436    0.1032    3.1056    1.4337    2.3698    1.4126    2.7964    2.1174    1.0863    0.8694    1.3817    0.3851    1.2685    2.2963    2.5216    2.2864    0.8881    3.0284    2.7973    3.0914    2.7076    2.9021    2.6387    2.7591    0.3742    1.3242    3.0465    0.3435    2.8922    2.9328    0.1261    0.4406    1.2820    2.1717    1.9451    0.1178    0.7949    2.2080    2.5255    2.4908    0.9748    2.0551    0.4180    1.4928    2.5177    0.7508
    330000    1.4083    1.4834    1.8018    1.6061    2.7104    2.8623    2.3774    2.5709    0.4529    0.9165    0.9700    0.0120    1.6541    1.6967    0.4063    2.0800    2.1901    0.9338    2.8523    1.6512    1.7999    1.2133    3.0054    0.0176    1.4717    0.1018    1.5578    1.3403    3.0784    0.7898    2.8850    0.6378    2.0098    0.9163    2.9228    1.2833    1.4409    0.7973    2.2834    2.6217    0.0985    1.7575    0.3097    1.3593    2.8930    0.9332    0.4496
    340000    1.2735    1.7108    1.8075    2.0566    2.6822    1.8522    2.9435    2.0596    1.5355    0.1209    1.1779    0.5306    1.4502    1.6906    1.0038    2.2606    3.1307    0.2953    2.5537    1.2730    1.7354    0.4903    2.9950    0.8486    2.2030    0.3843    1.6686    1.5419    3.1223    2.0305    2.6984    0.8423    2.2668    1.1194    2.4563    1.5722    1.1781    2.6746    1.8391    2.4274    0.7677    2.2078    2.4907    1.2635    3.0932    0.2756    2.8716
    350000    1.7582    0.9031    3.0172    0.6716    1.2262    0.4938    0.5373    1.8548    0.8085    2.2277    1.0493    0.1560    1.3823    1.3012    2.2979    3.0772    2.4724    1.4075    1.9122    1.4552    2.3714    2.0471    2.4202    1.8265    1.7341    0.0683    2.1567    2.5284    1.7743    3.0272    3.0130    2.1767    2.9962    1.6385    1.4159    0.0407    2.1008    0.3933    2.1313    1.5069    2.2682    2.0754    1.7357    1.6844    1.5180    2.6161    1.9418
    360000    2.2618    0.8182    2.7043    0.1452    3.1385    3.1177    1.2606    0.4243    1.2334    0.6975    2.4903    0.5062    2.1182    0.7552    2.7581    1.6273    2.7432    2.2510    0.9189    1.0958    1.3753    1.8019    1.9174    2.6625    0.9250    2.8808    1.9064    2.5344    1.0194    2.2285    2.8922    2.6818    2.5426    1.6483    0.2243    0.9697    1.7319    2.1445    2.7071    2.2460    1.6064    2.2305    0.8485    2.8861    2.5912    1.8870    2.9258
    370000    0.8528    2.7139    2.3021    2.7122    2.7085    2.3787    2.0527    2.7398    2.9272    1.6334    0.8202    0.3742    1.5652    2.9535    2.0125    3.0629    2.9400    0.6450    2.4751    1.9044    2.4164    2.7675    2.2411    1.7754    2.7558    0.0799    2.0056    2.8966    2.3234    2.2239    2.4162    1.6428    2.2981    0.9955    3.0619    1.9810    2.4236    0.5567    2.9648    0.0238    1.5783    1.3458    2.3878    2.8616    2.7477    2.6941    0.4406
    380000    1.9050    0.7636    3.1054    0.6555    3.1178    3.1215    1.8928    2.3467    2.0242    2.7682    1.4816    0.2785    2.8008    2.5217    3.0158    2.8852    1.8171    0.7298    2.8327    2.9909    1.2739    0.0299    2.3342    0.0170    0.6894    0.0420    1.5760    1.8890    2.7377    1.0646    2.9570    0.1616    0.5878    0.4818    1.3216    0.6058    1.7481    2.2891    3.0355    2.2032    1.3932    2.8218    1.2478    0.8321    2.5549    2.5696    2.0968
    390000    2.0739    1.1905    2.6299    0.1362    3.0543    0.0143    1.1513    3.0405    1.8282    0.6712    2.2681    0.8931    2.3907    2.2722    1.3272    1.6314    1.6798    0.2477    1.8731    2.5607    2.7514    1.4665    3.0953    1.7963    2.9949    1.0477    3.0278    1.7998    0.7243    2.2148    3.0055    2.6145    1.8379    0.5070    0.2917    0.7379    1.3208    1.0412    2.8101    0.3744    0.7888    2.3218    1.9975    0.4632    3.0129    2.0993    2.7485
    400000    1.2900    1.5768    3.0408    0.7431    2.9322    3.0942    2.6276    2.6981    2.9136    1.8824    1.3188    0.1197    2.4584    0.6757    2.8713    0.1767    1.9510    0.7510    1.3636    2.4887    1.6965    2.7888    2.3989    2.9897    1.7985    1.1988    2.1177    1.9442    2.6337    0.8507    2.5850    0.2402    0.6514    0.6772    1.1431    1.5314    0.2302    1.4641    2.8119    2.3122    3.0129    2.8435    3.0152    2.4705    1.4932    3.0821    0.9552
    410000    1.7876    1.7643    2.9121    1.6950    2.9862    3.1064    2.0337    2.8311    2.8773    0.7796    1.4627    0.7152    2.9846    0.7575    1.5503    1.2664    0.0070    0.0103    2.9424    2.5266    3.1079    1.6135    2.8500    2.1116    2.8123    1.7884    2.6114    1.1249    1.4590    2.2571    0.6038    1.6717    0.0094    0.1696    0.6811    0.0432    1.0850    1.8367    2.9557    2.0671    2.5875    2.7095    2.4927    2.3019    1.3986    1.3520    2.3909
    420000    2.1024    2.8549    2.7353    2.9102    2.3433    2.9804    2.0716    1.5988    2.3875    1.4835    3.0909    0.7586    1.8032    2.3497    2.4759    1.0681    2.3269    0.0001    1.3530    1.7795    3.0745    0.5504    2.7787    0.6486    2.8688    1.3891    2.5625    2.6709    3.0319    2.9979    1.7204    2.2015    1.7963    1.9580    3.0834    1.2447    2.8964    1.9709    2.1664    2.9020    2.6360    2.7168    3.0606    2.9472    2.1450    2.5183    3.0229
    430000    2.2620    2.7865    2.3705    2.6054    2.3611    0.6993    2.7080    2.2762    1.9046    2.2592    1.5938    0.9371    1.4606    3.1187    1.5977    2.3515    3.0900    1.1984    1.8837    1.5798    1.6680    0.0863    2.4554    0.6509    2.4820    0.9437    2.6240    3.0378    3.0346    2.5839    1.5500    2.3146    2.3039    1.3715    3.0093    1.3265    2.8944    1.3079    1.1189    3.0964    2.4285    2.7158    2.9501    2.3997    2.7065    2.4616    1.5468
    440000    1.7575    0.8726    3.1190    0.8760    2.8718    3.0812    2.2388    2.9021    2.4945    3.1286    1.2692    0.0289    2.1965    2.9790    2.4651    2.9295    1.9961    2.7876    2.4764    1.7223    1.4259    1.9497    0.5293    0.9365    0.7631    0.0069    1.5587    1.7099    2.8291    1.0366    3.0445    0.7482    0.9515    0.7211    0.6979    0.9291    1.2787    1.8921    2.7415    2.8635    0.8051    3.0895    1.7957    1.4607    2.5081    1.9072    2.3713
    450000    2.3851    2.9140    2.8556    2.4211    2.7515    1.6090    2.9210    2.4899    1.9885    1.9508    1.3193    0.2938    1.3609    2.9587    1.5218    2.5244    2.8951    2.1874    1.4759    1.3380    2.1571    0.3796    2.8875    1.7452    2.4926    0.4902    2.5608    2.9480    2.9671    2.2129    1.9357    2.1596    3.0326    1.1212    3.0510    1.7624    0.6257    3.0267    0.1351    2.9814    2.7814    2.5347    2.8140    2.6870    2.0956    1.8877    2.9660
    460000    1.0059    2.5869    3.1007    1.6746    2.1150    1.5740    3.1321    2.3218    2.3523    2.6470    1.8259    0.1328    1.3906    2.5874    1.4277    2.3372    2.2148    1.0714    1.8185    0.4846    2.2362    0.3833    2.8334    0.5879    2.1770    0.9086    2.0031    1.6555    2.2704    1.3661    2.3489    1.4946    3.0376    1.3950    3.1290    0.5162    2.7294    2.1407    2.7604    2.1169    1.7283    3.1248    2.7707    2.8422    2.3749    2.3121    1.5068
    470000    0.7832    2.7801    2.8222    2.3590    2.5348    1.2503    2.9157    3.0654    2.7081    3.1403    1.4425    0.5020    0.8337    3.0209    1.1576    2.3710    2.8671    1.6237    2.0985    2.0151    1.0845    0.0853    2.7358    1.0839    2.3942    0.4682    2.9471    2.6971    3.0752    2.1887    1.9248    2.1249    2.8998    1.1513    2.9831    1.5813    1.7797    1.3183    1.7825    2.3605    2.1135    2.8102    2.6837    2.8369    2.1734    1.1893    2.9827
    480000    2.3112    2.8307    2.8707    2.4642    2.4834    1.1284    3.0602    3.0405    2.1134    3.1290    1.8185    0.6889    0.0581    2.7584    0.9105    2.3023    2.9794    1.1503    1.9719    0.1177    2.4580    0.1322    2.6581    0.7253    2.5750    0.5629    2.9914    2.9768    2.8754    2.5013    2.3366    1.5665    2.8477    1.2971    2.5262    1.5457    2.0763    1.0806    0.2946    2.3460    2.7552    2.7252    2.6493    2.9450    1.7455    1.4022    2.9383
    490000    1.2592    1.7127    2.9573    1.4875    2.9254    2.3836    2.8594    3.0943    2.9610    3.0659    1.0893    0.0470    1.6823    2.7018    1.7538    2.3633    2.7791    1.4530    2.2844    2.3271    2.0435    0.6119    2.9719    0.8013    1.7937    0.2681    2.9422    2.2114    2.9096    1.8796    2.6031    1.4662    2.2342    0.8844    3.0391    0.1077    0.2138    0.4466    2.5363    1.1291    1.5849    2.7348    2.5975    2.8135    2.4258    0.8726    2.9566
    500000    1.1225    2.1803    3.1402    1.0216    2.4194    2.3850    2.7430    0.7010    0.3366    1.6630    3.1177    0.5692    2.5652    1.5179    1.6519    2.0847    2.1982    1.5466    1.5685    0.0955    2.2694    0.2370    3.0794    0.6252    2.0726    0.8290    1.9126    1.9405    2.3899    1.5952    2.6278    1.3652    3.1260    1.3550    2.9657    0.0804    2.5057    2.9065    2.8299    1.9463    1.2157    3.0797    2.8150    2.1504    2.3396    1.8963    2.9855
    510000    1.1292    1.8038    3.0495    0.8193    3.0015    3.0429    2.9383    2.8216    2.5425    2.8051    0.9903    0.0597    1.7736    3.1139    1.9527    2.3662    2.6817    2.2281    2.2883    2.0099    2.2413    1.2625    3.0154    1.0599    0.0648    0.0489    2.0418    0.7022    0.8909    1.3715    2.9319    0.5298    0.2663    0.3155    2.5112    0.6841    1.6667    1.9889    2.5440    2.9559    0.2386    2.3272    2.5113    0.4012    2.9587    2.4963    1.7977
    520000    0.7902    2.7282    2.8496    1.8419    2.4905    1.8031    3.0536    2.6223    2.4231    2.4654    1.0699    0.1894    1.6730    2.4518    1.5408    2.2175    2.8604    1.2901    2.1972    1.9556    1.8921    0.4362    2.8475    0.8805    2.0941    0.4778    3.0170    2.7195    2.9697    2.2030    2.1343    2.0365    2.8360    0.8749    3.1229    0.5126    0.7314    2.0057    1.2048    1.7241    1.5226    2.9726    2.6930    1.8164    2.3858    2.4219    2.6705
    530000    1.1435    2.2091    3.0726    1.6162    2.1307    1.3700    2.7172    1.1675    1.1745    2.7885    1.7287    0.3297    1.2978    2.5232    1.4576    2.0049    2.2754    1.1694    2.0122    1.3196    1.6080    0.0449    2.7794    0.2380    2.2408    0.8480    2.4409    2.2656    2.3606    2.4360    1.3419    2.3398    1.5588    2.0596    2.6923    0.0895    1.8387    2.5025    2.9335    2.3228    1.4436    2.9384    3.1038    2.2830    2.8143    2.9039    2.9057
    540000    1.3199    1.6559    3.0611    0.7514    2.6174    2.7909    3.0504    0.0075    0.1308    2.6513    1.7984    0.2136    2.3507    2.1188    2.0353    2.4900    2.2770    1.2636    2.3549    2.1858    1.5218    0.2451    3.0870    0.3678    1.7470    0.5265    1.6890    1.9377    1.3738    0.5597    2.8658    0.6149    1.8022    0.8735    2.9605    0.4150    1.8575    2.2096    2.7641    2.3055    0.3916    2.6111    2.7638    0.6270    3.0904    2.4077    2.3158
    550000    1.9170    1.2856    2.3745    1.9281    3.0729    1.4288    2.8513    3.0386    2.4235    2.0216    2.0946    0.8151    2.7681    1.2721    3.0672    1.4168    3.0370    0.2507    2.5874    2.6215    3.0238    1.8887    2.7686    2.4280    3.1026    2.6681    1.6213    2.8877    2.9751    0.7478    2.2049    0.9288    0.2304    0.4610    2.9097    1.0769    3.0102    1.7033    2.4603    2.6482    3.0169    2.6346    2.8084    2.8035    1.2834    2.5798    2.8247
    560000    1.3543    1.1802    2.4094    1.1922    0.1120    1.8075    0.4426    3.0935    2.5089    2.8914    1.8604    0.8992    3.1215    1.7801    3.0063    1.9065    2.5929    0.4795    2.7992    2.1242    2.5986    1.9451    2.5123    2.9093    2.7392    3.0614    1.2501    2.7765    3.0611    0.0174    2.8064    1.6989    0.1826    0.8743    2.3263    0.5603    2.5724    1.6529    2.2493    3.0123    3.0877    2.2231    2.7238    2.9068    0.9396    2.7048    2.4522
    570000    1.8546    1.2879    2.7928    0.5886    0.0127    2.4225    2.6858    3.1165    0.9550    0.6561    2.3176    0.7349    3.0422    0.3939    1.3223    0.0696    2.1145    0.7903    2.1660    2.6158    2.8076    2.0538    2.8368    2.3221    3.0169    0.6279    1.2396    2.7970    0.6084    2.0477    1.5391    2.6681    0.9364    2.9008    0.1516    1.5096    1.0979    0.7318    2.8205    1.3328    1.1739    3.0134    0.3640    0.7027    2.6402    1.4477    2.3286
    580000    1.2541    0.7317    2.0330    0.2014    1.9365    2.3916    1.6248    0.4841    0.1339    1.2626    2.2226    0.7804    1.0853    2.4595    2.0556    1.6806    2.0244    1.0656    1.8955    2.3375    0.9954    0.3105    2.9227    0.1076    2.1229    0.7638    1.7606    0.7311    1.9412    0.1969    2.6911    1.9028    0.8831    2.5974    2.0130    0.3874    1.0739    1.0925    0.6659    2.6348    0.5806    2.8884    0.9802    1.2879    2.7500    2.2194    2.5895
    590000    1.7015    1.9218    2.5108    1.4440    3.0738    2.3127    0.3492    3.0652    1.0687    1.4508    0.9432    1.0186    2.7153    1.6589    2.2122    2.8393    1.2793    0.1717    2.7052    2.9292    3.1089    1.9569    2.6435    2.6783    2.7640    0.8869    2.9257    2.6703    2.9956    0.2374    2.3936    0.2308    0.9787    0.0474    2.3295    2.4608    1.6895    1.8464    2.3865    2.6065    3.1009    2.4932    3.0166    2.8796    0.7005    2.7382    0.9979
    600000    2.0820    0.6173    2.0297    0.8740    2.7001    1.9069    0.4567    2.8847    2.6717    0.8589    1.3573    0.5250    0.5626    1.3713    2.9366    0.3544    3.1002    0.3798    1.0748    1.3196    1.2827    0.0486    0.1799    1.3462    2.0156    2.9916    2.1577    2.1842    2.4753    0.7567    3.0389    2.9822    2.6465    0.6253    0.4466    1.4597    2.5543    1.1957    2.2795    1.9684    2.4798    0.3517    2.2318    2.8312    2.1504    2.0747    2.7673
    610000    2.1326    0.6873    2.2917    0.8801    2.9564    1.8877    0.3194    3.1273    0.5665    1.6787    1.5486    0.6345    3.0220    2.8824    2.7314    2.9174    0.2195    1.1913    1.4691    0.1725    2.0738    0.9261    1.9872    3.0043    2.0599    2.9597    2.2282    2.6487    2.8025    0.6903    3.1198    1.8052    2.9752    1.3606    1.9420    0.3933    2.0830    1.6687    2.4420    2.7818    2.5770    2.2279    2.7892    2.9026    0.7649    2.8335    1.9909
    620000    1.0655    1.9620    0.4485    2.2344    0.7777    2.7458    2.5344    2.9975    0.3697    1.3102    0.4952    0.8514    2.5065    1.3285    1.3674    1.9885    0.2351    0.0627    2.3060    2.8071    3.1218    2.0042    2.7406    2.4705    2.7894    0.8154    1.7853    3.0846    2.0755    0.9319    2.9546    0.0131    1.0242    1.0120    1.6675    2.1777    0.6251    1.4532    2.5327    2.6901    3.1263    2.2728    2.7735    2.9425    0.3756    2.8237    0.7410
    630000    0.9989    2.9605    1.2735    2.2340    0.4538    2.1058    2.9363    2.4722    0.8330    0.2624    0.8674    0.9003    0.9130    2.8580    0.4789    2.2067    0.6558    0.6960    3.0169    2.7367    3.0662    2.1907    3.0823    2.1913    2.4252    0.2305    2.0196    2.6304    0.3466    3.0185    0.5412    2.6556    0.3254    1.6082    1.3207    1.9206    0.0757    1.6279    2.6300    3.0604    3.0465    2.5824    2.4856    2.8382    2.6281    1.9531    2.1115
    640000    0.9011    3.0813    1.1134    1.9584    1.2782    2.0402    0.1819    2.9485    0.4604    1.6018    0.3686    2.2178    0.0223    2.5225    0.3005    1.8192    0.8507    0.6931    2.9335    2.9503    3.0211    2.1854    2.8993    2.3330    2.6195    0.3835    1.8213    2.5700    1.0755    1.7873    3.0714    0.0177    0.5178    1.3734    1.0401    1.5068    0.1548    1.1638    2.8419    2.2778    2.5529    2.2332    3.0789    1.4574    1.0080    1.3463    1.3707
    650000    2.1902    0.9514    2.6343    0.6913    1.8725    1.6884    2.6705    2.0708    2.6525    2.3732    2.2324    1.6275    2.7546    1.2406    2.5529    0.2037    3.1045    0.8389    0.6827    1.8560    2.9045    0.1765    2.7652    0.5086    3.0057    1.2461    2.1643    2.2934    2.9694    1.1458    2.8844    2.5899    2.5363    2.7208    1.5324    0.2621    2.6373    1.7840    2.3499    3.1405    2.9859    2.2636    2.9043    2.6547    1.1681    2.5295    2.5948
    660000    1.0527    2.1015    3.0248    2.4920    2.5799    0.7874    2.6790    2.1694    1.7814    2.9513    1.5922    0.0642    2.0223    1.7648    2.0368    1.2981    2.9955    1.2361    2.5016    2.1831    2.5426    2.3433    2.7030    1.5462    3.0674    0.1578    2.3863    2.9670    2.7030    2.2164    2.1645    1.9918    3.1338    1.2415    2.5705    0.7100    1.4121    1.3747    0.5789    2.6267    0.9827    2.3839    1.4999    1.7468    2.5099    2.2038    0.3587
    670000    0.7863    2.8857    1.8868    2.1604    3.0856    1.3876    2.8575    3.0978    2.9520    3.1135    1.0467    0.1236    0.8900    1.7467    1.9595    1.5228    2.9993    0.8600    2.5282    2.5444    2.1588    1.2983    2.7462    1.1554    2.4464    0.4432    2.1944    2.9107    2.1092    2.8808    2.8659    1.9326    2.7729    1.9322    1.8925    1.6721    2.8562    3.0678    2.6292    2.9116    1.9144    2.2839    2.9245    2.3176    2.7807    0.3486    1.6025
    680000    2.1966    0.7104    2.5535    0.2839    2.7696    1.9134    2.7712    1.6771    1.8463    1.7571    2.4153    0.3424    2.9441    0.3796    2.9913    2.5604    2.9986    1.7819    0.4390    2.9660    3.1400    1.8950    1.5074    2.4071    1.5701    2.1591    0.5576    1.5220    0.0857    2.6061    2.4711    2.5051    2.3451    1.9012    0.6286    0.5183    1.9457    3.0705    1.9051    0.3817    2.4753    1.7197    0.8065    2.3504    1.8217    0.8954    2.7781
    690000    2.3824    1.9714    2.1278    0.7337    2.9024    1.0009    3.0393    2.6031    2.2615    1.5419    2.4110    1.7113    1.8384    0.4529    2.9717    2.8448    2.9087    1.2118    1.8311    2.7848    3.0373    2.3511    3.0094    2.9932    1.8227    0.1025    0.9630    2.5963    1.4512    2.9803    2.6722    1.9208    1.9957    2.1725    1.3339    0.5849    1.2846    2.0295    3.0872    0.7841    2.1551    2.9654    1.1380    2.9762    3.1040    2.0644    2.2629
    700000    2.3490    2.2089    1.7890    1.2810    3.1227    0.9331    3.0525    2.6894    2.8063    1.5052    3.1068    0.4714    0.9377    2.7857    2.1793    1.3983    3.1371    0.3851    2.6825    2.4704    1.8767    0.6959    2.2869    1.2730    2.8533    0.4110    2.3356    2.8882    2.7783    2.7020    1.9948    2.1908    1.9757    1.5236    2.5625    1.1773    2.6317    2.4295    2.2236    3.0328    0.9559    2.4739    2.2084    2.4418    2.3267    2.5674    1.9154
    710000    2.3269    2.0343    1.9171    0.9633    3.1164    0.9705    3.1003    2.3919    2.8310    1.7585    2.5715    0.2540    1.1491    2.7700    2.0789    1.6681    2.8533    1.1296    2.3510    2.7625    1.6344    0.7086    2.2025    0.9754    2.5530    0.7206    2.3164    2.8399    2.8311    2.8624    2.0159    2.0795    2.3302    1.5611    2.6773    0.9756    3.0066    2.8549    2.8568    2.9693    0.5683    2.4659    2.8419    2.7339    3.1034    0.3886    0.8227
    720000    2.2302    2.9710    2.5568    2.0473    3.1144    1.8833    3.0248    1.0178    0.9774    1.6366    3.0268    0.1040    2.4913    0.6795    2.4069    1.1434    3.0175    0.0612    2.5013    2.2605    0.9036    0.4766    2.5972    0.1851    2.7634    1.0832    2.6702    2.5511    3.1104    2.9057    2.2984    1.4072    2.0314    2.1003    2.7419    1.0061    2.8695    1.9756    2.3854    2.4163    2.5181    3.0482    2.8987    2.4997    2.8092    3.0116    2.0300
    730000    1.5287    2.6958    2.7069    0.9510    2.8449    1.5710    1.4265    3.0116    2.4980    0.2097    1.2494    0.2148    2.0269    0.6897    2.7079    1.4876    3.0087    0.1986    0.4354    2.4288    3.0143    0.9006    2.7114    1.5565    2.9046    1.9805    3.1002    3.1186    2.4222    3.0360    3.0259    0.1209    0.9365    2.4703    1.6860    1.0394    2.7973    1.9442    2.5932    2.4246    2.1880    3.0486    3.0629    2.8948    1.6949    1.8908    2.1779
    740000    2.1442    2.1537    3.0677    0.4158    1.8186    2.6499    2.4247    2.8587    1.4736    1.5800    1.4822    0.9195    0.7919    2.6097    2.6840    2.1767    2.6741    1.0193    2.2116    2.1133    3.1146    2.6461    2.7546    2.8589    2.6893    0.3292    0.8107    2.4463    0.9859    2.7307    1.9392    2.3229    1.4659    2.7614    0.8725    1.0401    1.0308    1.4632    2.6024    2.2860    2.9733    1.8032    2.0051    0.7180    1.5432    1.9776    0.3719
    750000    1.0135    2.1161    2.8355    1.8220    3.0416    2.1631    3.0536    2.9752    2.7385    2.5390    0.9155    0.7504    3.1031    0.6737    1.9791    1.5375    3.0797    0.7968    2.2836    2.6874    2.1718    1.7667    3.0934    2.9091    1.1455    0.2821    0.5356    0.1171    2.2150    2.2201    2.6638    0.3742    1.8947    1.2425    2.0156    1.7848    1.1692    2.6211    1.5905    2.6274    0.4471    2.6395    0.2396    1.0640    2.5534    1.7685    0.2026
    760000    0.8178    2.6413    2.7991    2.0148    2.6259    1.7501    2.6445    2.7516    2.2915    2.8312    2.7331    0.2265    2.4463    1.4445    0.2858    3.1314    2.9783    0.7316    2.6568    2.1240    2.5009    2.4010    2.7146    1.0864    3.0577    0.0834    0.7497    0.3820    2.8120    2.1900    2.1804    2.0721    2.5821    1.2615    2.4645    1.6344    1.8559    2.3419    1.8066    2.5805    0.3865    2.5850    1.6047    1.9406    3.0033    2.3579    0.2427
    770000    0.7239    2.5626    2.8309    1.6325    3.0107    2.2385    2.3869    2.9840    2.8278    1.6651    0.7383    0.3868    1.9058    1.9272    0.0034    3.0251    3.0545    0.5387    2.8996    2.7120    2.5648    2.5746    2.5177    1.6443    2.4874    0.2330    1.1212    0.7082    2.9248    1.5825    2.2226    1.9090    0.2444    1.3969    1.8864    0.9323    2.3997    1.6566    2.2645    3.0776    1.1738    2.8968    2.1910    1.7412    2.9015    2.7569    1.5604
    780000    1.7487    1.0065    3.1089    0.8032    2.6380    2.7096    1.2918    2.0764    2.0776    1.1785    0.2070    0.2404    0.1739    2.3451    0.1672    2.9486    1.2878    1.3519    2.7119    2.6251    1.1501    0.9426    2.3504    0.9610    2.2731    0.3051    1.7166    1.5943    1.4107    0.5984    2.5541    1.1597    3.0655    1.6825    2.8710    0.2407    1.3604    0.1105    1.7814    2.5322    0.1225    2.6651    0.5607    0.2397    3.0440    1.1582    2.4008
    790000    2.4035    1.5913    2.2054    1.0235    2.8653    1.0563    2.0718    2.9020    2.0764    1.2934    2.3790    2.3174    1.8149    1.5510    1.3017    0.5185    2.0511    0.7177    2.6151    2.2107    2.6853    2.8685    2.9510    2.5287    2.4700    0.5653    1.7041    2.4422    0.8759    2.4793    2.4244    0.3841    0.6568    1.5392    1.2808    2.5346    0.5658    1.6732    0.5199    1.2315    2.0864    2.6497    2.0741    0.9421    3.1371    2.8256    2.8515
    800000    1.7538    1.0402    2.9433    0.8367    2.9947    3.0900    2.3178    2.4309    1.8529    2.5762    0.7241    0.8138    2.1111    2.5686    0.8484    3.0370    3.1242    0.8447    2.9508    2.7901    2.5948    2.2175    2.1103    2.3368    1.5053    1.2452    1.5406    2.0088    2.4169    0.9291    2.9352    0.6726    0.5790    1.1228    1.7343    0.6093    2.9358    2.5846    1.6289    2.5481    0.4667    2.7388    0.9679    3.0852    0.4977    1.9661    1.2073
    810000    2.0788    0.9009    2.8656    0.9433    2.2913    2.9971    2.7551    2.9380    3.0960    2.3193    2.0650    0.4385    3.0879    0.7852    1.2929    0.2858    2.6665    0.7025    0.5480    2.6588    1.6610    0.5543    1.9839    2.8601    1.7524    1.7143    2.7080    2.0974    2.6164    1.2349    2.6290    2.6041    1.9723    2.6636    1.5990    0.2208    1.9304    1.8272    2.4401    2.8356    2.7383    2.2918    2.1109    2.9199    0.3783    2.0798    3.0248
    820000    2.1856    0.6580    2.7209    0.4762    3.0089    2.1499    2.5754    2.1202    2.3823    2.2169    2.8617    0.6175    2.9961    2.5218    2.4040    2.5537    2.5383    1.0610    1.1956    1.7591    0.2485    0.2716    1.1384    2.9938    2.6797    1.0162    2.7960    2.1619    2.2919    1.6925    2.9802    2.9377    2.8252    3.0678    0.8892    0.2515    1.4943    1.8776    2.6949    2.3863    2.6288    2.4942    2.4073    2.7769    1.8454    2.4656    2.8941
    830000    2.0194    0.6883    2.9950    0.4766    3.1250    2.8547    1.5821    1.2945    2.3199    0.5442    2.5559    0.8804    3.1377    2.2453    1.3866    3.0716    1.1465    1.3722    2.2618    1.7565    0.1966    1.2926    2.2766    3.1264    3.0577    1.0239    1.9379    2.3681    2.4494    1.0998    3.0935    1.2935    1.7877    1.3534    0.0236    0.0710    1.3319    2.2261    3.0305    2.2660    1.9200    3.1383    1.5443    2.7091    3.1302    2.2279    3.0682
    840000    1.0268    2.1155    2.7628    1.2613    2.7904    2.7391    2.5091    2.8602    2.3621    2.8393    0.9731    0.2363    1.3954    3.1187    0.9979    2.4166    3.0550    0.7955    3.1385    3.1139    2.9771    2.5050    2.4270    3.0304    0.9357    0.5438    1.9203    1.5694    3.1274    0.1019    2.4803    0.5462    0.5455    1.8378    2.5161    0.7427    1.6898    1.7601    1.5807    2.9207    2.8506    2.5590    2.4387    2.9071    0.1891    2.2372    1.3256
    850000    0.8717    1.5759    1.6626    0.2447    2.6069    3.1180    0.2699    2.1392    0.8549    1.9770    0.5986    0.0317    0.6383    1.7508    0.9060    2.7214    2.8363    0.3817    2.4782    2.2146    2.2364    1.2852    2.3192    1.5538    1.9760    0.2032    1.6351    1.2097    1.1730    1.5941    2.4614    0.9456    0.8471    2.6941    1.9054    2.3530    0.8470    2.6611    0.8605    2.8783    3.0986    2.5163    0.9107    1.4315    2.1299    2.6454    1.3979
    860000    2.3022    1.1434    2.3042    0.4259    3.0029    0.5232    2.5408    2.8986    2.1911    2.9293    0.9322    0.8847    0.8761    1.3000    0.8399    0.8672    2.9209    0.7783    2.8786    2.4281    2.7758    2.4956    2.8498    1.8671    0.8182    0.3114    2.3546    2.7749    1.0783    2.3317    1.8066    2.7959    2.4113    2.8209    1.5458    0.0113    1.2294    1.5056    0.3395    0.2226    2.3839    2.2606    2.4510    2.7951    1.9077    2.8472    2.4274
    870000    0.8853    2.1590    3.1367    0.6729    2.9978    3.0025    2.1176    2.7612    1.8355    2.7686    0.8512    0.3814    1.7979    2.4791    0.3759    3.1322    2.9432    0.5276    2.8689    2.9939    2.6746    2.1255    2.4091    1.9524    1.6865    0.6752    1.1699    2.2250    2.9484    0.3997    2.6034    0.4230    0.3640    2.5912    1.8229    1.4294    1.2448    2.2109    1.3863    2.9410    2.4357    2.5568    0.4831    2.3368    0.4857    2.0023    1.6479
    880000    2.2666    1.0488    2.5105    0.5168    3.1307    1.2839    3.0369    1.1301    1.8741    0.0261    1.9901    1.0273    1.9611    2.7110    1.4356    2.5596    1.8953    0.8032    2.6977    1.8196    2.1945    3.0330    2.5896    2.8604    1.9748    0.6664    2.2707    2.5586    0.6491    2.7964    2.2629    2.3043    2.3731    2.4141    0.9833    0.5791    1.4204    2.6763    2.9847    0.9510    2.7574    2.9158    3.0005    3.0950    2.7449    2.2860    2.3659
    890000    1.3719    2.0406    0.7566    1.8051    0.7660    2.9489    0.8533    0.3353    0.3495    0.4580    2.7215    0.0028    2.1915    1.0374    2.1184    1.1707    1.6326    1.4987    2.8749    1.8203    0.4371    0.7709    2.6645    1.9184    2.9856    0.9964    1.8844    0.9818    1.9361    2.6034    2.3128    1.1944    1.6947    0.2522    1.4199    0.2198    1.7576    1.9972    2.4104    2.6277    2.0494    2.6615    1.7300    1.4859    2.4342    2.6504    3.0087
    900000    2.3889    1.4896    2.1650    1.2284    2.6304    1.5731    1.7059    2.8549    1.5171    0.2418    2.6310    2.0700    1.7081    1.6522    0.4171    1.1983    1.2732    0.6514    2.1399    2.4986    2.9058    2.5091    2.9658    2.3980    2.6129    0.5396    2.1535    2.9348    0.9008    1.3373    1.6877    1.8633    0.1172    1.0920    0.9189    2.7412    0.4119    2.5055    2.8733    2.4752    1.1336    2.6130    2.2056    1.9935    2.4950    0.8000    2.3137
    910000    2.1852    0.8106    2.3929    1.0457    2.7518    2.3438    1.6879    3.1227    1.3431    1.4143    0.8313    2.0512    1.6587    1.2886    2.0467    1.5665    2.8921    0.8074    1.9882    0.5270    1.3469    1.1163    2.9489    0.5936    0.7537    0.5227    2.5572    2.1429    1.8823    2.0405    2.8607    2.9416    3.1344    2.4393    1.2175    0.4814    1.5755    2.3968    1.7634    1.9974    3.0471    1.6837    2.8930    2.9123    2.1039    3.1383    2.4469
    920000    2.3559    2.1643    2.0559    2.1190    1.8868    2.8679    1.9686    2.5995    2.3769    1.0540    3.0890    0.9233    2.9004    0.0589    1.2097    1.5309    1.6426    0.3137    2.6605    2.5096    2.9367    2.5658    2.6627    2.6559    1.6517    0.4808    1.1462    2.2661    1.8660    0.0548    2.4710    0.7994    1.0533    0.2982    2.7192    0.3405    3.0290    1.8769    1.4470    1.8672    2.8011    0.7241    1.5678    3.0166    2.0207    0.2089    1.2543
    930000    2.0268    0.8330    2.4661    1.1642    2.2091    2.6622    1.9487    2.4975    1.2235    1.3767    2.9506    1.2140    3.0642    2.7314    2.6890    2.6902    2.6898    1.4002    1.7284    0.5632    0.4040    1.7899    1.9947    2.2528    2.9998    1.2757    2.2187    2.6978    2.6890    0.8598    2.9882    1.3092    2.6373    2.2468    1.7287    0.8138    2.0047    2.5118    2.6985    1.9533    3.0278    3.1299    2.7876    2.3081    2.0858    2.4775    2.3690
    940000    2.1948    3.0130    1.9199    2.0982    2.0683    2.7128    1.8735    2.3541    1.0596    0.2822    1.1002    0.7194    1.7942    1.6040    0.7301    2.5803    3.0170    0.0174    2.8639    1.4508    1.2017    0.6507    2.6764    1.7169    2.7796    1.1703    1.1653    1.5570    2.2768    2.1127    2.7606    0.7718    2.9755    0.6379    2.0881    0.0197    2.8668    0.4285    1.6601    2.4115    1.0926    2.6561    3.1245    0.3732    1.6117    1.4451    0.8478
    950000    1.8142    0.8186    2.8062    0.9252    2.3182    2.9707    2.8167    2.6266    1.7941    1.1232    0.2448    0.2866    2.5126    2.5339    2.0515    2.7995    0.0076    2.4375    2.9196    2.1242    1.2454    0.5479    2.5119    2.1645    1.1330    1.1745    1.4074    1.2642    1.9929    1.1734    2.9968    0.2073    2.3240    0.1485    0.4731    0.1631    2.6861    2.9788    3.0024    2.5976    3.0892    2.7820    1.7288    2.6847    3.0872    2.6049    0.8763
    960000    1.5390    1.2440    1.8667    1.0875    2.6856    1.7622    3.0277    3.1276    2.8996    2.0808    0.8543    0.1653    2.1699    1.6045    2.4930    2.7694    1.8551    2.0753    3.0332    2.9037    2.6566    1.9763    2.2170    3.0540    1.3858    1.3074    2.1128    2.0244    2.7903    0.4813    2.3596    0.1245    0.3796    0.3593    1.6731    0.1243    2.0606    1.6254    1.8612    3.1185    3.1285    2.4086    2.7119    3.0196    0.3472    2.2641    0.5474
    970000    1.9747    0.6937    1.9697    1.2644    2.4952    3.0633    2.0381    1.9181    1.1284    1.0000    0.6086    0.3107    2.4420    3.1189    2.6605    2.6996    1.5843    2.2373    2.7693    1.8626    0.9610    1.1779    2.1252    2.6630    1.7312    0.8757    1.6098    1.5667    2.3435    0.7992    2.9819    0.7788    1.8856    0.1639    0.0656    0.5488    1.5926    1.0687    2.2253    2.9747    2.6916    2.4120    0.7626    2.5601    2.4932    1.7007    2.9549
    980000    1.1004    2.3018    1.6521    2.6962    2.4867    1.9129    1.3322    2.2306    1.5493    0.0491    0.8962    1.3254    0.6087    2.8068    0.1927    2.9740    3.0854    0.3947    3.0896    2.2224    1.1252    0.5428    2.6469    0.9132    2.8424    0.8011    3.0796    2.8609    3.0718    2.8268    2.5169    1.9146    2.8015    1.6627    2.9580    0.1623    1.9479    2.4260    2.1430    2.5517    1.9714    2.5726    1.6632    1.6768    2.5164    1.7598    1.7714
    990000    2.3693    1.3587    2.3873    0.7769    2.8062    1.4661    3.0901    2.3029    2.7841    0.6616    2.1198    0.6392    3.0955    0.5524    2.4033    2.1814    3.1315    0.8819    2.6533    2.3178    2.9476    2.6221    2.7119    2.6447    2.0604    0.2779    1.1199    2.8591    1.6967    1.6187    0.9495    2.3814    2.4153    2.5994    1.5697    1.8409    0.2208    3.0319    2.5875    0.7437    2.8308    2.6326    2.5303    2.8153    2.8483    2.4151    2.5775
   1000000    0.6799    3.0452    2.2142    2.5218    3.0645    2.4022    2.6648    2.5391    3.0157    0.7983    2.8285    0.6914    2.8430    0.0196    2.2269    2.2632    2.7517    0.6038    3.0125    2.6874    2.9201    2.5021    2.4782    2.6318    1.3667    0.4165    2.0171    2.5501    1.4798    1.8853    1.4649    1.8512    1.8832    2.5520    1.6794    1.7460    1.4693    2.2118    1.6326    2.7994    1.5511    1.3311    2.2689    2.9012    0.9309    2.1460    0.5495
