# Step Torsion_Angles(rad)...
         1    2.2358    1.1027    1.5564    0.6857    2.0528    1.4552    1.8770    0.2400    1.9210    1.8232    1.9900    0.8912    0.9073    2.0030    1.8965    2.5481    0.8467    1.9872    1.8939    2.0261    0.2430    1.7468    1.9867    1.4086    0.7233    1.2505    2.0854    1.0706    1.3752    0.8612    2.1084    1.1940    1.6473    0.5633    2.0090    1.5957    1.9681    0.1065    1.8755    1.9070    1.9573    2.6518    0.9014    2.0194    1.8819    2.4035    0.7001    1.9346    1.9183    1.8049    0.0696    1.6002    2.0243    1.2500    1.0110    1.0850    2.1057    1.0590    1.4810    0.7746    2.0864    1.3212    1.7604    0.4033    1.9628    1.7225    2.0012    0.0733    1.7924    1.9672    1.9221    2.6436    0.9260    2.0137    1.8816    2.2227    0.4927    1.8533    1.9514    1.5900    0.4096    1.4246    2.0585    1.1339    1.2301    0.9551    2.1143    1.1050    1.5637    0.6797    2.0505    1.4633    1.8834    0.2308    1.9185    1.8285    2.4520
     10000    2.3601    1.6759    0.9615    0.1176    1.2765    0.9686    1.6749    1.3490    1.1036    0.8180    1.9893    0.9658    1.5985    0.0318    2.6238    1.1656    0.7324    0.0582    2.1819    2.6529    0.7721    0.6992    1.3927    1.9598    1.5997    2.9218    1.3285    1.9190    0.5178    2.2248    1.8330    3.1323    1.5711    2.1636    1.0336    0.3812    2.4803    0.9133    2.4821    1.3585    2.9452    1.6486    2.5552    0.8077    1.4413    2.0640    3.0184    0.0924    2.6333    0.1422    2.4269    1.0474    2.6659    3.0147    0.1720    2.4319    1.7410    0.8813    2.8313    0.6920    2.4761    1.0497    1.6124    1.1738    2.0206    1.3270    1.4000    1.7109    1.1548    0.8479    1.9938    0.5647    1.9280    0.9451    1.7087    1.1865    1.5988    0.1163    2.3786    0.0089    2.9703    2.6691    1.2472    1.5964    2.9360    1.9397    0.7000    1.9519    0.5387    2.3978    0.3331    1.3564    2.0636    1.3722    2.7108    1.9433    1.7776
     20000    1.9861    0.8907    2.0437    1.1036    2.1420    0.9530    3.0517    2.0967    2.5608    1.4239    1.9785    1.8716    2.8324    0.6296    2.9945    0.9980    2.6409    1.9115    1.4252    1.6079    0.0721    1.4351    1.4447    0.5125    2.8793    0.5771    2.7414    1.7158    2.1400    1.0172    2.5437    1.2976    2.1108    0.4113    2.3653    0.5141    1.6331    0.8882    1.5903    2.8632    1.7865    2.7537    1.0822    0.9310    2.1979    1.5363    2.4863    1.0435    2.7529    2.3807    0.0083    1.4976    1.1922    3.0925    3.0966    2.1768    2.3459    2.2638    2.7878    0.2899    1.9240    2.3621    2.9085    2.7414    2.6808    0.9869    2.9133    1.5049    0.1477    1.1899    0.4823    1.3507    0.4317    1.0755    0.1465    1.9317    1.7865    0.8115    2.3921    2.6458    2.3288    0.0992    2.0075    0.6819    2.6600    1.0682    2.9982    2.7052    0.4446    0.9571    1.7885    0.5957    1.1776    0.9173    0.1121    1.1097    1.2219
     30000    1.4048    0.9181    0.1862    1.1156    0.0910    1.1292    2.3871    1.6011    1.9668    1.4933    2.8165    1.0076    1.0672    0.2698    1.0466    0.2910    0.9471    0.5889    0.3006    1.0356    1.0907    2.0329    2.5055    1.2026    2.8646    0.2982    2.3894    1.6353    1.6081    1.2912    2.9189    0.0601    0.6919    1.7370    0.5177    1.0580    0.6542    0.4561    1.1548    3.0289    1.5956    2.3657    0.7199    0.6347    2.3159    1.5434    2.5923    0.8231    3.1119    0.8561    2.3866    0.2796    2.9835    2.9397    3.1313    0.4355    0.7131    0.3017    1.7089    0.0656    2.2259    1.8123    1.0597    1.2339    0.8616    0.5977    0.1694    2.0164    0.3273    0.2008    1.5701    1.1176    0.4613    0.3012    0.2065    0.0188    0.6233    0.4881    2.9959    0.0908    0.7189    0.5372    0.5808    0.7635    0.5027    0.7068    1.1339    2.9441    1.5926    0.8692    2.1649    0.0116    1.3334    0.7732    1.2400    0.2457    0.6060
     40000    2.1745    1.7663    2.1156    1.4185    2.2150    3.1211    2.8944    2.1465    3.0946    1.8733    0.6877    0.3128    1.7511    2.6782    1.4254    1.8744    0.5118    2.7786    1.1239    2.2063    0.9917    2.9866    0.0752    1.4194    2.6009    2.8719    1.7762    1.7578    2.3566    1.7182    1.5515    1.7939    2.6171    0.2267    2.3852    1.6071    1.4252    1.3465    3.0676    1.0843    2.8498    0.6276    2.9350    2.3559    0.5283    2.1958    1.4515    1.1562    2.8394    2.1994    1.6684    3.0573    2.2593    2.6915    2.4792    2.8986    1.6438    1.3942    0.5088    1.0453    0.6699    0.1330    0.8520    0.5908    0.2219    0.9926    0.9337    1.4344    2.9554    0.3615    2.5182    0.3195    2.3889    0.3871    0.3268    1.4711    0.6805    1.1168    1.5337    1.6632    1.2448    0.0205    1.8540    0.8903    1.3194    0.6519    2.6850    1.0056    1.6081    2.2341    0.1680    0.3803    1.3088    2.9322    2.0861    0.8408    2.1113
     50000    2.0328    2.3961    3.0622    2.0804    2.7296    1.1640    2.9937    2.7059    1.9975    2.5465    2.3045    0.4078    2.1646    2.7613    2.0525    2.7014    2.0224    2.9817    1.9606    2.6924    2.6847    3.0816    1.9696    1.6564    2.1988    3.1346    1.5661    1.8967    2.7416    0.4170    2.7404    0.8250    1.8520    2.8364    1.7644    2.3091    2.5161    0.2142    2.2977    2.1355    2.0525    0.2268    0.8538    2.2469    0.9017    2.8879    1.9835    0.8135    2.8823    1.7154    2.7528    2.0651    2.7475    1.3314    2.8058    2.7437    3.1086    2.7318    2.1515    1.5111    0.4917    0.6025    0.1106    1.1379    0.8335    1.8225    0.7343    1.4735    1.5101    1.4322    2.5396    1.1764    1.6619    2.1800    1.8902    1.4011    2.9782    1.0453    1.3310    2.9194    1.4439    1.6480    2.4499    2.4075    2.0208    1.9211    2.1056    2.8893    0.0735    2.9327    2.2596    0.9930    2.2585    1.4077    2.7056    1.5376    2.4778
     60000    1.8306    1.3883    0.9956    0.5052    0.0785    0.0397    1.2367    2.7767    0.3102    1.1982    0.1776    1.1093    1.6667    1.4225    3.0699    0.9106    0.0978    0.2636    1.7157    0.7784    0.3434    2.4119    0.6649    2.8329    1.0352    0.7025    0.5389    1.8105    2.1284    1.3927    1.3181    2.1124    2.1334    0.9494    1.2099    1.1564    1.2338    1.4045    2.2033    0.9666    2.7962    0.4706    0.0132    1.2780    0.7885    1.6267    2.4253    1.1303    0.5079    2.2296    1.5283    1.7180    0.3128    2.4940    0.6951    0.9289    2.4912    0.4420    2.0720    0.8748    2.2302    0.5079    0.1820    0.0837    0.0334    0.1939    1.6478    1.0839    2.6078    0.1430    3.0135    0.5933    2.8556    0.1176    1.8220    0.1220    1.6113    0.2260    2.2282    2.3987    2.1499    0.5392    3.0373    0.8935    1.6684    0.9576    0.7919    2.4410    1.9739    2.6594    1.7588    2.9496    1.5842    2.7110    1.7769    2.7397    0.0428
     70000    1.6526    0.7678    0.0960    0.0819    0.6266    0.1718    2.7081    1.3069    0.7014    1.9805    1.3059    1.1474    0.6809    0.0182    0.5242    0.2532    0.3963    0.0247    1.3240    2.6658    1.6630    2.4178    2.6122    0.5925    2.9493    0.5502    1.5991    1.3547    2.2010    0.8660    2.3355    0.7170    1.2884    1.3153    0.4244    1.1417    1.2003    0.9119    1.6542    0.9060    2.3799    0.8784    0.3569    0.6519    2.7960    0.9903    2.9422    0.0106    2.5691    2.4788    3.1017    0.4843    0.7104    3.1295    2.2197    0.3491    2.0525    0.1251    2.4138    0.1836    2.1370    1.1365    0.5519    0.7832    0.2572    0.2771    0.9306    0.5496    0.3870    0.2001    0.7191    0.0658    0.3550    0.5900    0.2214    0.5840    0.1829    0.8827    1.0430    2.3356    0.4844    0.8368    0.7410    1.2351    0.2959    1.3580    0.5237    2.8806    2.5874    2.3119    1.9367    2.3027    1.6992    1.4680    1.8510    2.5795    0.0623
     80000    1.3213    2.6610    2.4447    2.5039    1.2770    3.0485    1.5621    2.2801    1.1786    2.6767    1.8349    0.3314    1.5461    2.5000    2.5217    3.0488    2.1558    2.4042    2.7100    1.8790    0.5750    1.9439    0.9451    3.1120    0.5451    3.0994    1.5059    2.7558    2.8820    2.8071    2.9205    0.4689    1.3205    2.0446    2.3897    3.0519    0.9767    2.1099    1.6879    1.6243    2.5149    0.3695    1.3540    1.5271    0.6375    3.0172    1.6944    0.6871    2.7167    0.7743    3.0982    0.4467    3.0594    0.7346    2.5901    2.7401    2.6261    2.9504    2.1876    0.5415    0.7089    1.5138    0.0696    1.2273    1.2311    2.0917    0.9804    3.0492    1.7991    1.6897    2.2611    2.0849    2.4850    1.7246    2.4767    0.5592    2.5912    1.4702    1.8196    3.0660    1.9861    1.4366    2.6805    2.1793    2.9492    2.3254    1.6913    2.1489    2.6280    1.1751    2.9157    0.0544    2.0982    0.6006    1.8409    2.5539    1.3985
     90000    1.9615    1.0722    2.8854    0.8376    2.9220    1.1783    2.2993    1.5716    1.7854    0.8228    1.9140    0.5387    1.7805    1.7116    1.9711    2.8872    0.8299    2.1153    1.4217    2.1501    1.1373    1.7335    0.2020    0.9599    2.4534    2.4225    1.3894    1.3272    2.2725    0.4095    2.9838    0.7136    2.5330    2.1412    2.9733    2.9445    1.6784    0.9661    1.4019    1.8786    2.9035    0.2920    0.1503    2.6726    0.1478    2.1916    1.4255    1.0225    2.3956    0.1359    3.1037    0.1197    2.7145    0.3503    2.8047    1.9998    2.3854    2.9549    1.9024    0.3754    0.3249    1.5832    0.7092    1.3790    1.0314    1.5241    0.2763    1.4539    0.5903    1.2688    0.2331    1.4740    0.7343    1.0110    0.7663    0.9470    0.7612    1.0977    1.6033    1.4117    2.6111    2.8690    0.8655    1.1234    1.2607    0.7995    2.2853    2.8874    2.4183    1.3922    2.5414    0.6040    2.7072    0.3993    2.5456    2.8072    2.4481
    100000    2.1547    1.6137    2.8767    0.8611    3.0294    0.6089    2.9039    0.5627    2.6691    2.0855    2.2123    0.3589    2.1106    2.7921    1.9886    2.7542    2.0542    2.6723    2.0098    2.4580    3.0439    2.7793    2.7088    1.2566    2.4851    2.4516    0.9473    3.0394    3.0281    1.5938    2.7895    0.3514    1.4106    2.7476    1.4264    1.8333    1.7790    1.5637    2.8847    3.1005    0.5929    0.3670    0.9840    1.9758    3.0005    0.0274    1.8976    0.4881    2.9715    1.5247    2.2207    1.0559    2.8966    1.6070    2.3525    2.8524    2.9043    2.4860    2.0392    0.6419    1.2719    3.1294    0.3882    1.3829    0.3206    2.2266    0.0334    2.5586    1.7353    1.3762    2.2663    0.9606    3.0425    0.8572    2.5510    1.2601    2.8522    1.4718    1.2371    2.1408    1.2345    1.4436    2.7449    1.8820    3.0261    1.6897    1.9246    0.2334    2.8600    2.3735    2.9709    2.5591    2.7799    2.9852    2.4700    1.0438    2.3804
    110000    2.3174    0.9347    2.5722    0.4466    2.6884    1.9560    1.8023    0.2569    1.8929    1.3594    0.0258    2.4029    0.0637    1.5647    1.2417    1.8543    0.4078    2.6395    1.2703    0.0731    1.5049    1.5921    2.6755    1.4318    2.9197    0.6860    2.2176    0.6257    3.1203    0.8622    2.7685    0.6288    2.4738    2.5882    0.4654    1.7849    1.5571    1.1299    2.5554    0.3758    2.6237    0.1843    2.0729    0.1780    1.6800    0.1458    2.6824    0.3555    2.7491    1.4675    2.7752    0.9168    2.7279    2.6355    2.4632    0.5324    2.1896    0.2066    1.9633    0.1031    1.6059    1.1644    0.2148    0.8786    0.0862    1.7296    1.5893    2.2930    2.6857    1.5661    1.8560    3.0066    2.3307    1.9160    2.5871    2.7650    2.1954    3.0074    2.8800    2.6661    2.3760    1.4803    2.4793    1.8025    1.0662    2.8083    0.7307    2.9867    2.2023    3.0828    1.9381    0.4278    0.3643    1.1176    1.2698    2.6663    0.5387
    120000    1.7821    1.0945    2.5799    1.0122    2.3040    1.1254    2.9637    0.0191    3.1127    0.2724    2.8552    0.4739    0.6947    2.5159    0.6332    2.9244    2.0247    0.6545    1.4203    0.8351    0.1349    0.2602    2.3970    1.3135    0.4553    3.0863    3.0636    2.5634    2.5507    2.1153    2.7244    1.1766    1.3387    0.9705    2.8324    0.0263    1.6130    2.3635    0.8227    2.6889    2.1127    2.6776    1.5444    0.0141    0.9181    2.8277    1.3509    0.4433    2.0636    0.9971    1.4369    1.8005    2.4717    1.3088    1.2340    0.4019    3.0332    0.2800    1.1471    0.1264    2.6551    2.7216    0.9812    2.9102    1.4217    2.2534    0.5953    1.7312    0.0086    2.1982    0.6101    2.2751    0.1456    2.0420    0.3439    1.5947    1.2482    3.0748    2.1914    2.2194    2.7412    2.4073    1.6369    1.5724    2.7481    0.5675    2.5585    0.8137    2.9989    0.4023    2.5540    0.0590    2.7504    0.3141    1.1721    0.9019    1.9014
    130000    1.3555    2.2458    1.6601    2.3827    0.4210    3.0676    2.5786    0.6762    1.8887    1.6429    2.4718    1.1599    1.0581    2.1193    0.1161    3.0631    1.6996    0.9350    2.1004    0.9370    0.0679    0.5837    1.6446    2.5105    1.0676    3.1283    1.4868    2.8395    2.5523    1.8778    1.3509    1.7206    2.9819    0.7002    2.6298    0.5655    1.6339    1.9519    2.3746    1.4626    2.4550    1.4475    2.4580    0.1357    1.2007    2.4386    1.7178    0.4820    2.7031    0.7052    2.8556    0.1653    2.9102    0.1224    2.3452    1.9216    2.5246    0.6914    2.8002    0.2025    1.4176    3.1377    0.4133    0.7696    2.1931    3.1374    0.7544    1.9974    0.3933    1.9838    1.3051    0.1358    1.7380    2.0094    0.6800    1.3202    1.8975    1.7202    1.2124    2.1237    2.4070    2.1494    1.6449    3.0532    2.1215    3.0757    1.0718    1.5883    1.7139    1.1129    2.8217    0.6954    3.1192    0.5493    2.4412    1.2853    0.0428
    140000    1.3632    2.6108    2.1081    2.4700    0.5336    2.8449    2.1664    0.8013    2.0540    0.5188    3.0180    0.6253    1.7090    1.0645    1.6143    0.4921    0.4467    0.3978    2.1440    0.9533    0.3836    0.9452    1.2062    2.4703    1.0331    2.7617    1.0532    2.6445    2.6669    2.6481    2.5872    0.6873    2.8370    0.2095    2.1861    0.5896    1.7565    1.7639    2.9245    1.0806    2.5360    1.2094    2.3687    0.5280    1.4228    2.8165    1.7036    0.8727    2.8225    0.7421    3.0450    0.1990    2.9841    0.4733    2.5995    2.9994    2.3233    1.8747    2.5061    0.4384    0.7159    2.1939    0.2632    0.6752    2.1884    2.6186    0.5105    2.4246    1.1024    1.7664    2.3547    1.8845    2.9771    1.7862    1.1987    0.8260    2.0949    1.3947    2.4444    2.7043    2.1317    1.7746    1.8933    2.8811    2.4559    2.6648    1.3585    1.4403    1.8266    0.2220    2.6424    1.0712    2.9276    0.1660    2.7194    0.1290    0.8122
    150000    1.5629    1.8769    2.2668    1.8712    1.4498    2.3205    2.6384    0.2766    2.7671    0.0043    2.6547    0.8002    1.9545    0.4895    2.1612    0.3984    0.8221    0.2313    1.9368    0.9247    0.1131    0.8346    1.0661    2.4692    0.7040    2.6832    0.9414    2.3829    2.5787    2.7850    2.4665    1.2110    2.9283    0.7275    2.7495    0.4117    1.8362    2.0215    2.2405    1.7722    2.4661    1.3911    2.1314    0.6331    1.4305    3.1155    1.5034    0.9080    2.6574    0.5428    2.9227    0.0018    2.8730    0.1268    2.6834    2.8849    2.1608    1.8985    2.5740    0.1795    0.9603    2.6047    0.5206    0.5461    2.4767    2.4766    0.4742    1.6635    0.3071    1.5775    1.8511    1.1297    2.7306    1.4640    1.0194    0.9009    1.9130    1.2803    1.5187    0.4248    2.2735    2.2061    1.6616    2.6876    2.6209    1.1374    2.2855    1.6095    2.6382    0.2630    2.9773    0.0883    2.8783    0.8620    3.0956    1.1465    0.5795
    160000    1.5745    2.2935    1.3268    2.4087    1.4531    2.4581    1.3446    2.9326    1.1258    0.5672    0.4378    2.8579    2.0557    1.9623    0.6109    3.0971    0.4069    1.2379    1.0280    2.9482    0.6225    2.9284    0.1043    2.8998    1.5814    1.6422    0.5007    2.0817    2.1759    1.9340    0.7785    0.8008    1.9104    0.1934    2.0048    0.0793    3.1044    0.5450    1.5445    2.6013    2.7655    0.9733    2.6867    2.6875    0.3989    2.0732    2.9178    2.0724    0.3912    1.9958    0.9950    2.9565    2.5020    2.1823    2.8858    2.9861    2.8067    2.0138    2.7755    1.0130    1.0439    0.0632    1.1016    0.7624    0.3478    1.2903    0.7511    1.8119    2.2545    0.9621    1.9965    0.4798    1.9602    0.4613    0.9433    1.1311    0.2341    1.7607    0.0193    3.0136    0.4499    2.3828    2.0575    2.4447    2.7159    0.7241    2.6810    1.4560    0.1877    0.2554    1.4175    2.7692    1.1527    2.8329    1.6665    2.6405    1.0649
    170000    1.9322    2.1779    2.4270    0.9781    1.7712    3.0606    1.6869    2.7809    2.2948    0.2352    0.9886    0.7842    2.0980    2.4320    2.0826    0.9144    2.7134    0.9182    1.4140    1.4861    1.0487    3.0555    1.5196    0.3544    2.8548    1.4592    0.1511    1.3675    2.4710    0.9720    1.6760    0.9555    3.0020    0.1392    2.9543    0.5209    2.4508    0.1339    2.8565    1.6266    3.0109    1.1025    2.9641    2.7369    0.0740    1.2084    2.9366    1.4217    2.6373    0.9765    1.6614    2.8042    2.7336    3.0277    0.7489    2.0420    2.7842    2.4131    1.0501    0.7903    0.3962    0.6336    0.8258    0.8996    0.5013    1.1992    0.5428    1.6973    0.0633    2.3973    2.9174    0.2578    2.6712    0.5005    1.8425    1.2324    0.5034    2.7316    1.6974    2.7750    0.8578    1.2742    1.7397    2.3271    2.1226    2.1114    2.8943    2.4595    0.4677    0.5706    2.1953    2.7830    2.2154    0.8515    0.7033    2.5379    2.3053
    180000    0.8116    2.7473    1.1315    0.6634    0.4840    0.8358    1.1879    2.9310    1.5549    2.1340    1.4915    1.2345    2.8691    2.9819    0.9568    2.1849    0.3879    0.3962    1.8855    1.5686    0.5855    2.7127    2.2909    3.0623    2.1742    3.1177    0.1709    2.4909    2.8967    1.2610    2.7629    0.0935    1.2169    1.4837    1.6871    1.5784    1.1755    1.4492    2.2741    0.6862    2.4262    0.2348    2.4094    0.2513    2.3851    1.0674    1.7084    0.1460    2.5444    0.9275    2.7703    0.8139    2.6026    1.1600    2.2790    0.7434    2.0678    1.8079    2.2282    0.1252    2.1663    1.5122    0.3294    1.9855    0.1718    2.7908    3.0087    2.6194    2.8712    2.7398    2.9020    2.5519    2.8023    2.9745    3.0076    2.4004    2.5174    1.5294    1.6196    2.7442    1.8710    1.9789    2.9790    2.3162    2.9395    1.4728    1.7249    0.8090    1.7653    0.3172    1.5766    1.7001    2.7521    1.3829    0.1557    0.5586    0.2847
    190000    1.6765    1.2664    1.3099    2.3442    1.0436    0.9906    1.6500    1.6464    0.6495    0.8605    0.6604    2.8377    0.5488    2.3930    1.3306    1.0866    0.2762    0.6312    0.6401    0.8430    2.9653    0.0657    2.7656    2.0888    2.2208    2.1211    1.8804    2.2838    3.1251    0.1915    0.5523    1.9161    1.3881    2.4360    2.2055    0.2764    2.6094    3.1053    1.8009    1.1023    2.5294    2.6325    0.6833    0.9466    0.8308    2.8588    0.4409    0.7715    0.8841    1.5078    0.5011    3.0618    1.3117    2.2905    1.0272    0.9987    1.6603    1.7703    1.7544    2.9166    1.9378    1.5659    1.4487    0.3766    0.7190    0.1355    0.5956    1.2930    2.4988    0.0214    1.8062    0.1301    1.8685    0.0782    0.9747    0.6129    2.5631    0.2995    2.8317    2.3605    2.9967    2.2441    2.8414    3.0174    2.6933    1.4714    2.5262    1.1814    3.1189    0.3417    0.3691    3.0468    0.8663    1.6948    1.1172    2.8767    0.5394
    200000    2.1528    0.6157    2.3403    1.1153    2.6481    0.1253    2.7165    1.7699    0.8145    0.2180    2.9639    0.1302    2.1029    0.5142    3.0130    0.6049    2.0857    0.4519    1.0637    0.6333    0.3276    3.0584    2.5922    2.2141    1.9083    1.7740    2.1830    0.9659    1.0395    2.5867    2.5864    0.0459    1.3644    2.9318    1.6022    2.0230    2.9836    0.4346    1.5365    2.9417    1.9463    2.1213    0.2938    0.0104    2.4650    0.4763    3.1201    1.8487    2.5354    2.7301    2.8096    1.9184    2.8076    3.0743    2.4630    1.8491    1.4598    0.2778    1.7276    0.5621    1.4310    1.8672    1.1605    1.5423    0.1620    0.4807    0.7952    0.8655    2.7743    2.1809    0.9727    2.1751    0.3922    2.0178    0.1383    1.7030    0.5103    1.9606    1.4008    2.0211    0.1020    0.8204    2.9549    1.2403    2.4729    2.5005    2.1495    2.2741    2.5945    0.3091    2.7518    0.5065    2.4557    0.1857    2.1644    0.1474    1.3218
    210000    0.7843    2.3635    2.2761    1.6666    2.8041    1.7189    1.6533    2.9985    1.2214    1.6687    0.1762    0.0845    0.5629    2.2364    1.2069    1.9375    0.7929    0.0086    1.2929    2.3155    2.0416    2.5141    2.0096    2.8262    1.4760    1.5356    0.2052    1.1500    3.1272    1.9120    0.7843    0.4490    1.4822    1.6925    1.3729    2.4070    0.0312    1.7415    3.0567    0.0290    1.1787    0.0691    1.0063    0.9508    2.1484    0.9056    1.9575    0.8308    1.2483    1.7660    2.8398    0.0189    0.8179    3.0341    2.0795    0.2754    2.7195    0.2497    2.0034    0.1500    1.8361    1.0437    0.4216    0.9495    0.1851    0.8283    0.5563    0.6887    0.8496    2.9060    1.5026    1.6609    0.7193    0.6954    0.3393    1.0807    1.2071    0.7390    2.4609    2.1245    1.1947    0.7394    1.4374    1.5529    3.0984    0.9652    0.8240    1.0424    1.0168    1.2646    0.1256    1.1098    0.1600    2.9765    0.0724    0.7406    0.3515
    220000    2.1910    1.0998    2.0872    1.9160    2.6955    1.5467    2.8669    2.6791    2.9625    1.8213    3.0014    1.4062    2.3705    0.0675    3.1108    0.3627    2.6154    0.5459    1.9427    1.3979    2.2788    2.1897    2.8231    1.1009    2.3358    1.6544    0.4024    2.8579    1.8378    2.9570    0.8190    0.0937    0.0882    2.4174    0.6792    0.8321    1.9202    0.4743    1.9366    2.5260    2.0194    1.5970    0.3205    2.2889    1.4669    1.8432    2.6977    0.7711    3.0650    1.7131    1.3894    3.0830    1.9606    2.2441    2.7244    2.9816    2.6276    1.9213    2.8365    1.3300    1.6730    1.3238    0.7056    1.2075    0.0303    2.9847    0.1884    2.2427    1.9675    1.2423    2.2902    0.7013    2.8477    0.7640    2.4074    2.9193    1.1100    1.8331    0.7865    1.3819    0.4527    0.7625    0.1959    1.4817    1.6699    0.7778    2.7174    1.1163    1.3099    2.0830    2.9410    1.5955    0.7916    1.4332    3.0186    0.8650    0.0340
    230000    1.0151    3.1395    1.5988    0.1985    2.2925    2.7569    1.5145    1.4476    0.8161    0.4807    1.2092    2.5648    0.6964    1.9429    0.3252    0.5494    0.4619    0.4420    1.4674    0.5329    0.3580    2.1036    1.8525    1.7586    0.4342    1.3535    0.3188    0.9979    3.0047    0.8192    3.0661    0.6389    2.0460    1.1888    1.0081    1.2022    1.5897    1.3999    2.7334    0.2457    3.1341    0.2384    1.4782    0.0132    2.6882    0.8607    2.6013    0.1413    2.6983    0.8205    3.1395    0.1363    3.1123    0.7253    2.4877    0.9045    2.7871    0.2584    1.6970    0.0136    1.5102    2.3606    0.6064    2.2386    0.2573    2.0341    2.5414    1.2317    1.9652    1.7328    1.9325    1.6080    2.4810    2.0130    3.0441    0.6864    0.8193    1.5913    2.2793    1.4019    0.4090    1.3561    2.6148    0.7350    3.0513    0.3686    2.0061    0.5461    1.1241    0.9968    0.1034    1.7378    0.2049    1.0654    0.2946    0.1239    0.4998
    240000    2.3057    0.9843    2.5221    0.3478    2.2455    1.4237    2.5898    1.3974    1.9874    1.2793    1.3545    0.1872    0.9433    1.3588    1.5430    0.3959    1.1590    0.4198    0.1952    3.1140    2.9468    1.9537    2.9730    1.7041    2.4485    2.4254    1.7361    1.7744    2.5805    1.6510    0.1148    0.2644    0.5141    1.8033    1.0102    1.6154    1.4283    0.3492    2.9352    1.9187    1.0895    1.3930    2.8633    0.0361    0.9764    0.3328    2.8010    0.2504    1.8477    1.8829    2.3391    2.9523    3.0857    1.7705    2.6337    0.6237    1.6770    0.0172    1.6813    0.4553    1.1806    1.5858    0.3967    1.2338    0.0677    0.5497    1.9467    0.9601    1.2255    0.6961    1.4223    0.6512    0.9099    0.8218    1.0364    1.1171    0.0745    1.0995    2.4170    1.1372    0.6157    0.3337    0.9257    0.3394    1.0915    0.0476    1.7168    1.0747    1.2977    0.3358    2.4981    0.3789    2.2442    1.6447    2.5357    1.7644    1.0452
    250000    1.8450    1.5144    3.0638    1.0785    1.1120    2.7300    1.8098    1.8537    2.7004    1.2456    2.5038    0.0163    1.4955    2.5317    2.6205    0.0083    1.2923    0.5174    1.4215    1.3913    0.8976    0.3946    3.1084    1.8201    2.8145    1.9145    1.6544    1.6476    2.6447    1.6212    3.1034    1.0316    2.8180    0.6684    3.0260    0.0209    2.2002    3.1379    1.8325    1.9639    2.2181    1.2923    0.2354    2.9167    1.8685    3.1212    1.4524    3.0535    2.2802    2.9536    2.2751    0.8092    2.7731    0.4260    2.9421    2.4453    2.2714    2.5003    2.4821    0.1921    0.6646    1.5699    0.3005    1.5746    1.2965    2.1173    0.4410    3.0097    0.7656    2.8809    1.1174    2.6922    1.0675    3.0282    1.2781    2.1741    2.2853    0.1647    1.7553    2.8267    2.1193    2.6477    2.7756    2.3659    2.8697    2.1532    2.5439    2.5688    3.1387    2.0087    2.0230    1.6760    1.4478    1.7841    1.9305    2.7775    2.6589
    260000    1.5055    1.4570    2.5677    2.0143    1.1655    2.0935    2.2506    1.4564    0.5094    2.0519    0.6913    2.6070    0.7521    2.2333    0.7307    0.1963    0.1345    0.5239    2.0406    1.2062    1.1950    1.2892    0.2089    2.4467    0.1480    0.9635    0.6482    0.1087    2.5631    0.3101    2.3371    1.3833    1.9592    0.9310    1.1278    1.6292    1.4609    1.7015    3.1265    0.3895    2.8273    0.3152    2.1537    0.4888    2.7034    1.6708    1.5369    0.2053    2.7489    0.6007    2.8234    0.3751    3.0027    0.1102    1.5601    0.0448    2.6629    1.5726    3.1255    0.3896    2.9599    1.0640    1.4643    0.6283    0.2200    1.7893    0.5628    0.4213    2.8331    0.7021    1.8113    1.6519    2.6530    1.3122    2.2339    0.1278    2.6804    0.5789    2.4746    2.4923    2.4921    1.3562    2.2859    0.5135    2.9732    0.1516    1.9116    0.4268    1.3689    0.7600    0.9977    1.9575    2.3069    0.0540    0.1860    2.5353    0.1244
    270000    1.2843    2.2762    1.5161    2.8899    1.0194    1.3444    2.5795    0.8915    0.3229    0.4426    1.9283    1.9754    0.0774    1.2741    2.3026    0.9946    0.2202    0.5894    0.9363    1.7809    0.8033    2.2736    1.7071    2.9976    1.1497    0.1964    0.5864    0.7678    2.5924    0.2204    1.8488    1.5140    1.5395    1.4197    0.8285    2.0905    1.1019    1.5749    2.9217    0.0269    2.0298    0.7864    3.0592    0.8070    2.7765    1.1286    1.7493    0.3981    2.4998    0.7611    2.8369    0.3986    2.9355    0.1771    1.7907    0.0535    3.1302    0.5884    2.3329    0.2393    2.8771    0.5232    0.7082    0.6195    0.3280    0.3886    0.6386    0.0107    3.0400    0.2789    1.9699    1.2348    2.6641    0.9858    2.7908    0.6955    2.8459    0.6700    2.4936    2.4348    2.5770    0.3923    1.4881    0.4842    2.9532    0.0299    1.8698    0.0750    1.4732    1.1432    1.2637    1.3152    2.7308    0.3834    1.1549    2.9394    0.5174
    280000    2.3460    1.3647    2.2799    0.5628    2.4720    1.5796    2.4127    0.7645    3.1296    0.2945    1.7685    0.0302    0.4297    1.3074    2.1037    1.6792    1.0704    0.0209    0.1312    1.7194    0.8044    2.9857    3.0091    1.4362    2.9288    1.6262    2.2226    1.3589    2.3937    1.7557    0.8857    0.0160    0.1180    1.7864    0.8861    2.1085    0.3864    0.7403    2.9845    2.7076    2.2085    0.5781    1.6897    0.1732    1.6239    0.6905    2.7568    0.3080    2.1237    2.8349    2.8309    0.3533    2.3327    2.2719    2.8256    0.0708    1.7275    0.0575    1.6800    0.2162    1.6153    1.0329    0.4833    0.9734    0.5542    0.0358    1.2698    0.4215    0.7397    0.5411    0.8621    0.7284    0.0595    1.5242    0.5378    1.2690    0.8456    2.7510    2.0281    2.7272    1.5508    0.1686    0.8077    0.3600    2.9160    0.6015    2.4166    1.0399    2.5074    1.3071    1.6261    2.7609    0.3592    1.6502    1.2393    2.3123    0.4101
    290000    1.2395    2.3797    1.6411    3.0302    1.3248    3.1014    1.7760    2.8957    1.3405    1.9261    0.8307    2.1464    0.2505    0.4818    2.9752    2.0013    0.4602    0.5678    0.1937    1.9194    0.8512    2.5678    3.0633    1.6203    2.4660    0.4076    0.1595    1.2783    2.0193    2.0102    0.4458    1.0469    1.7345    1.6467    1.0050    3.1120    0.0373    2.1312    2.8990    0.8783    0.2414    0.3221    0.1155    1.2493    2.9479    1.1749    2.3608    1.1912    2.8650    2.0809    1.7234    1.5777    0.7209    2.3830    2.5870    0.7016    1.4629    2.6505    1.2829    0.5544    2.5388    0.0162    0.9524    0.0840    0.4072    0.3272    0.9453    2.0097    1.4925    0.8680    2.4238    0.3630    1.9807    0.0542    0.1468    0.0911    0.7264    0.1562    1.2406    2.4019    1.5936    0.7650    0.8119    0.8183    2.2335    0.3100    2.3907    0.8842    0.6368    1.4958    1.8579    2.1528    2.4243    1.2677    1.4506    2.9906    0.6170
    300000    1.8593    0.9580    2.8018    0.8724    1.6309    1.8687    2.6303    0.5581    0.9464    1.8320    1.9286    0.1219    1.2860    2.4347    1.3300    2.1063    3.0101    1.3796    2.6386    0.7109    1.7895    0.2104    2.8760    2.7817    0.1815    2.6809    2.9766    2.9786    2.9580    0.7287    1.2659    2.1851    1.7505    2.4937    1.8982    1.5511    1.5364    2.2119    2.0267    1.3379    2.9716    0.5348    2.7761    0.5955    0.9182    2.6470    0.9736    0.0222    2.0826    0.7490    2.2336    0.7597    2.5114    0.4489    1.2663    0.0922    1.7628    1.3497    2.9120    1.0301    2.8417    1.8155    1.7934    0.6835    0.8094    1.3189    2.6012    1.0460    1.9629    0.9553    2.3032    0.1965    1.6891    1.2147    0.2795    0.1140    2.5286    1.2180    2.7968    1.6981    2.4905    1.2107    1.8530    2.9591    2.8514    0.3688    2.2378    0.8864    1.4473    0.6625    0.4786    1.9841    1.7443    0.4139    1.5510    2.2319    0.4996
    310000    2.0194    1.1153    2.7963    0.6382    2.9860    0.8008    2.5749    1.0184    1.2057    0.3507    2.8870    0.8284    2.7438    1.8674    3.0042    2.0128    1.9347    1.7772    1.4615    2.3545    0.8594    2.6793    2.4719    0.9650    1.2295    1.7476    2.7021    0.9855    2.2095    1.4239    2.5832    1.0958    2.2317    1.7293    1.5049    1.7290    2.0012    2.2786    1.9716    2.3034    1.9101    2.5427    1.7008    1.4092    1.6206    2.4191    1.8021    2.5057    1.9145    3.0116    2.9051    0.1913    1.5338    0.9780    2.9394    2.0193    2.0389    2.9411    2.4484    0.5504    2.9039    1.8893    3.0633    2.1897    3.1174    0.9028    0.2351    2.4837    0.6160    2.2989    0.5276    2.3889    0.5306    2.1365    0.4738    3.0895    2.9911    0.1329    2.1350    2.4207    2.1131    2.8183    2.4879    2.4080    3.1178    2.1767    2.8224    2.7866    3.1372    2.0451    2.2313    2.1645    0.0516    1.1857    2.4139    0.3798    1.8971
    320000    2.3451    1.2743    2.8702    0.6703    2.9931    1.0420    0.1025    1.6993    2.0893    0.8591    2.1646    0.2852    1.0883    1.0450    0.5973    0.2082    0.0064    0.2624    1.9126    1.0857    1.5869    2.4953    2.4278    0.9485    2.6258    1.7962    0.9310    2.3895    2.6836    0.6074    2.4958    0.3682    1.3225    1.4029    0.6723    1.1800    1.5097    0.6139    2.3167    1.6249    2.3509    0.8405    1.3537    0.6510    2.2120    0.5660    2.7497    0.1488    2.7308    2.1321    1.7828    2.6745    2.8578    1.4267    2.9061    1.8880    2.3741    0.4322    1.8174    0.6562    0.9543    2.6022    0.0403    1.7646    0.1249    1.8433    2.7382    1.3335    2.3675    0.1899    2.0783    1.3472    1.9464    0.1499    2.4294    1.6848    0.3636    1.2057    2.5767    1.7134    1.2936    2.7206    2.2280    2.0248    1.1879    0.9975    2.0050    0.1575    2.7723    1.8131    2.1520    1.7134    0.0988    1.6533    1.0783    0.2857    0.8206
    330000    2.1083    0.6274    2.9172    0.4155    3.0291    0.4190    2.8117    0.4955    2.3079    0.9696    2.8040    0.0181    2.9235    1.2107    2.9618    1.2737    2.0485    2.7554    1.5342    1.6001    1.2947    0.5537    3.0961    1.6995    1.0882    2.0429    3.1352    2.2687    2.1108    2.2135    2.5753    0.4851    1.5131    0.3292    0.4441    0.1912    1.7035    2.1411    0.8695    2.5119    1.4469    2.6273    2.2422    2.9511    0.1575    2.0571    1.8192    2.1650    0.7167    0.0932    1.7134    2.0047    2.2450    2.5169    2.7585    1.5278    1.9237    1.6716    2.1602    0.4250    1.7374    3.0303    1.3194    1.9800    1.5059    1.2475    1.1245    0.7759    1.8530    0.0518    1.2803    0.2981    1.2054    0.0258    0.1321    0.5263    1.7030    0.3826    2.7342    0.5828    3.0922    0.9878    1.9472    2.1440    2.3672    1.7500    2.6214    2.1720    2.4567    0.7267    2.0377    0.2667    2.4548    0.2258    2.3874    0.4617    1.9835
    340000    2.0320    1.3248    2.9429    1.5859    2.8361    1.2650    2.7456    2.5434    0.2778    0.1446    2.9290    2.4282    2.9896    1.7944    2.9349    2.1442    1.5011    2.2696    0.9984    2.7927    0.5644    1.9722    1.8909    0.8376    1.5997    1.6958    2.2596    0.2714    1.9802    1.4542    2.3243    1.4696    3.1402    0.7366    3.0961    2.4552    2.0151    0.9076    1.6662    1.6484    1.7816    2.8333    1.9377    2.1914    1.1419    2.2280    2.0445    2.8011    1.6597    2.5807    3.0767    2.7843    1.7753    1.7315    3.0134    1.8875    2.1583    3.1149    2.3375    0.6795    2.9152    1.4115    3.0080    1.8356    2.6846    0.3797    0.6433    2.1945    0.5769    2.2395    0.0575    2.0527    0.4588    2.2685    0.6568    2.7468    0.1648    2.7546    1.6617    2.9257    2.1599    3.0072    2.4890    2.2575    3.0399    2.1373    2.9575    3.0489    2.9308    2.2134    2.1032    3.0059    1.1822    2.1769    2.0850    2.7728    0.5760
    350000    2.1999    1.1820    2.4070    0.5639    2.9112    2.4178    2.3217    1.7447    2.2010    0.7883    2.9449    1.0047    1.9335    1.0846    2.8285    1.8165    1.5563    2.5222    0.8975    1.2422    0.4430    2.3976    2.6131    1.2585    2.1069    1.6066    2.8758    1.2614    1.8038    1.8792    2.3302    0.4809    2.6480    1.2137    2.0356    2.9882    0.6521    0.1730    1.9916    1.5825    2.1247    2.1082    1.7525    2.5751    1.1729    1.5427    2.6888    1.6015    2.5826    2.1649    3.1074    2.3094    2.9433    2.6903    3.0273    1.1845    0.0441    1.0598    1.2536    0.2338    1.8864    1.6928    1.1983    1.4452    1.4509    0.1507    1.4857    1.2287    0.0400    1.2579    0.1652    0.7971    0.2420    0.9346    0.2255    1.8699    0.2755    1.5465    3.0421    2.4105    0.6505    1.1597    1.4015    1.7862    3.0262    1.8189    2.9646    2.8028    2.4942    1.9686    1.7405    3.0121    0.2887    2.0569    1.4991    3.0714    0.6536
    360000    2.1843    0.6210    2.8159    0.3538    2.9807    0.2841    2.9893    0.3817    2.4979    0.8567    3.0434    0.2798    2.1282    1.3388    2.6383    1.3799    2.5087    1.9515    2.6227    0.4094    0.5345    2.3822    3.0919    1.5671    1.8724    2.4053    3.0435    2.3334    2.1840    2.1964    2.8135    0.1588    1.7568    1.3676    0.5169    1.0335    1.2030    0.1825    0.6675    2.8890    1.3430    2.2859    1.9615    0.3884    0.0676    1.7291    2.9451    0.7234    1.0101    2.1023    2.2222    2.2098    3.0582    2.5849    2.7502    0.4571    1.3011    0.0603    1.4555    0.5816    1.2067    2.2972    0.9276    1.7183    0.4470    0.2668    1.4177    0.0711    2.2560    0.2808    1.5314    0.3143    1.3749    0.5105    0.1503    0.2584    1.0816    0.6881    3.0340    0.7378    1.9264    0.5421    2.3194    1.1887    1.4327    1.5921    2.7763    0.6830    0.3095    0.0582    1.3487    0.6601    2.0779    0.5975    3.0434    1.2392    1.6647
    370000    1.0662    2.9467    1.5130    2.8296    1.9692    2.3769    2.7476    2.5585    0.0093    1.4107    0.1799    2.1843    0.5882    1.0865    2.3462    2.1669    0.8638    0.2624    1.3379    2.9976    2.4634    0.7182    3.0624    1.9955    2.1025    0.0197    3.0953    1.3943    2.8067    0.6753    0.6161    0.5795    0.8185    1.5296    2.5748    0.7657    0.4320    0.4228    0.8532    2.5367    2.7589    0.6536    0.2484    1.2010    3.0560    1.3773    2.7612    1.2867    3.0028    2.0477    0.8648    2.9755    0.8636    2.5044    2.8129    1.1993    0.8930    2.7349    0.8613    0.8733    0.4977    0.0366    0.9679    0.0114    0.4620    0.3595    0.7149    1.9022    0.9218    2.5584    2.0200    0.9152    2.3670    0.7028    0.0493    1.5558    0.3033    0.1305    1.1864    2.7474    1.3658    0.4783    1.0730    0.9648    2.9788    0.9052    2.4982    1.4826    0.4732    1.4582    1.2979    2.7661    2.6053    1.1887    1.7556    0.6518    2.5000
    380000    1.1643    2.5771    1.5749    2.9983    1.1671    3.1109    1.4405    2.8995    0.1478    1.0172    0.5642    0.4231    0.1195    3.0337    2.4189    1.7659    0.6746    1.4493    0.1668    2.9808    0.7093    2.8872    2.8380    2.2549    1.5233    0.2682    0.5857    2.1423    2.6067    0.8490    2.6127    0.6721    0.8178    1.7597    1.5271    2.9451    0.0920    2.0656    2.3249    0.9373    1.5202    0.5510    1.9075    0.6390    2.5275    0.7499    1.9446    0.3345    2.1057    1.1083    2.8193    0.1967    3.0921    0.6560    1.8701    0.0901    3.0603    0.9941    2.6591    0.2249    3.0707    0.5950    1.0146    0.6040    0.8984    0.8800    0.3896    0.6845    2.3367    1.1214    1.9090    1.2818    1.9253    1.9357    1.6327    2.3179    0.4112    3.0419    2.3592    3.0821    2.1460    0.5390    1.5911    1.1640    3.0115    0.1701    2.1291    0.0960    2.0306    0.2484    0.5922    1.7177    2.8180    0.7709    1.7090    0.5734    1.0238
    390000    1.5075    1.7520    1.4403    2.6370    0.8783    2.7498    2.1441    2.5644    0.5812    1.4934    0.0709    0.0808    0.2387    2.9646    1.6014    2.3533    1.0651    0.5544    1.3272    2.6577    2.4502    0.6486    3.0661    1.9078    1.9044    0.3175    1.6542    0.8000    1.6906    1.8627    0.3571    0.4184    0.7593    1.4685    1.8710    2.0052    0.3395    2.7469    2.0305    2.7537    3.0081    0.4603    0.0637    1.2446    2.7732    1.3926    2.0263    0.9596    2.7781    1.8777    0.5188    2.7491    0.4707    2.5082    2.2025    1.5241    0.5697    2.8604    1.6129    0.9880    0.4120    0.5287    1.0907    0.0465    0.6934    0.3429    0.6635    2.2235    1.2677    1.3758    3.0783    0.4115    2.4223    0.1267    0.0443    0.9575    0.4635    0.6515    1.6395    2.2792    1.8602    0.5413    1.6153    0.3095    2.4326    0.0965    2.4144    0.7787    1.3851    0.7346    1.1766    2.2048    0.4360    2.0165    0.6513    0.9050    0.5944
    400000    1.9523    2.0592    2.6115    0.4659    2.4964    2.9290    3.0889    2.2631    0.0450    0.5701    2.6040    2.4434    2.0841    2.7058    2.8578    3.0247    0.5992    0.8350    1.5684    2.9781    1.2310    2.4275    2.5512    1.7996    0.0715    1.7998    1.6938    0.5698    2.8060    0.1826    1.3054    2.8710    2.9317    0.3393    3.0415    1.1280    2.6431    2.0979    2.2773    2.0457    1.6192    2.6496    1.6727    1.5036    1.9261    2.5341    2.0092    2.6299    2.0707    3.0027    3.0455    2.8203    2.2549    1.7454    3.0111    2.3047    2.2472    2.3420    3.0323    0.4117    0.3650    0.8303    1.4918    2.8439    2.0170    1.3114    0.2615    2.7989    0.1661    2.9823    0.0148    2.7709    0.2966    2.9180    0.9885    1.8777    0.0800    1.9465    1.2181    2.8786    1.8979    2.0401    2.3436    2.2832    2.8625    2.1172    2.9406    2.9778    2.8517    2.5615    2.0245    3.1098    1.6628    2.8318    1.9008    3.0272    2.8819
    410000    2.0152    0.8135    1.9760    1.0118    3.0450    0.3687    2.8361    1.6132    1.0947    1.7904    0.7311    0.1950    1.1546    2.3447    2.1597    1.9740    1.6238    0.2188    2.9551    1.2728    1.6133    0.3146    3.0797    3.1009    1.7756    2.6128    2.3054    1.5216    2.0040    2.9866    0.8674    0.5161    0.6095    0.0112    0.6577    0.2983    2.4839    1.9337    2.8601    2.6238    2.8849    0.9083    0.6938    2.2188    2.5057    2.9071    2.6828    2.1388    2.1555    2.4693    0.7674    2.9707    0.9398    2.3911    2.4291    3.0877    1.9367    0.7650    3.0072    2.9980    0.0473    2.1028    0.7678    0.7711    0.4537    2.0221    0.6962    2.5841    1.5290    1.0939    1.8092    0.0861    1.9355    0.3505    0.4277    0.7210    1.3720    0.6417    1.5450    1.6306    1.7879    0.1288    1.2108    2.6302    1.3872    1.3105    2.8798    1.8281    0.5566    0.5399    2.7477    2.2724    0.2982    0.4165    2.5548    1.7459    2.2396
    420000    1.6736    1.2874    1.4564    2.0107    0.6840    2.9228    1.5555    2.9438    0.0363    1.0463    0.4404    0.1943    0.2244    3.0996    1.5388    2.9378    1.4167    2.0336    0.0637    2.4036    2.0720    0.6805    2.7792    2.0705    1.7025    0.5049    0.0497    2.5658    1.7063    1.8867    0.6974    2.6851    0.8551    1.8193    2.2019    1.9054    0.7283    3.0710    2.8376    0.9572    1.8612    0.4485    1.3293    0.8538    2.9372    0.7736    1.8399    0.2677    1.7337    1.5811    1.2826    2.6045    1.0519    2.2307    2.0788    0.5265    3.1344    1.9208    2.5183    1.3728    2.4536    0.9800    1.1530    0.2778    0.9635    0.1863    0.3125    2.0258    1.5936    0.4067    2.3281    0.3288    3.0657    0.8387    0.0408    0.2708    1.3122    0.3571    2.3850    1.7186    1.9581    0.1456    2.1959    1.8079    2.7242    0.1130    2.0169    0.0955    1.7415    0.0932    0.8455    2.1049    1.2113    1.3385    1.4793    0.1993    1.5621
    430000    1.5443    1.6605    1.3956    2.3841    0.7396    2.9491    2.7688    1.8839    0.6518    1.3864    0.1682    0.1480    0.2739    3.1382    0.6941    1.4402    1.0479    0.2806    2.2397    1.2001    1.2679    0.5121    2.9298    2.1171    1.6385    0.1158    2.5538    0.0882    2.0195    2.0199    0.6029    0.7918    0.7253    1.3751    2.5656    1.2025    0.7236    1.8885    2.8753    1.1089    2.8794    0.0683    0.6921    0.9710    2.9885    1.1002    1.9495    0.4955    2.8059    1.8177    0.7127    2.0896    1.7255    2.3263    2.5193    0.2864    2.1447    1.9096    1.7384    2.6119    1.7009    0.7947    0.9942    0.1385    0.8146    0.0177    0.5142    2.3206    1.2959    0.7463    2.3650    0.2882    2.1607    0.2241    0.0056    0.0993    1.0165    0.4210    2.0659    1.9099    1.9467    0.3068    2.0952    1.3687    2.5841    0.0148    2.1238    0.1829    1.5828    0.3595    1.0269    1.7472    1.2213    0.6906    0.2493    1.8883    0.9943
    440000    1.1459    1.9488    1.0250    1.4702    0.4610    2.8930    0.7476    3.1226    0.1861    1.1643    0.5060    2.7202    0.4470    0.9847    1.7259    2.8692    0.0654    1.7295    1.1937    2.3860    0.4435    1.0530    2.5505    2.6144    2.1093    0.2232    3.0866    1.0579    2.6947    0.1182    1.9473    2.1592    1.9267    0.8432    2.3696    0.8554    0.2002    0.1347    2.9264    0.6610    3.1275    1.0506    1.1974    1.8083    1.9732    1.4198    3.1238    1.4683    2.9182    2.1131    2.4596    2.0280    2.7186    2.3478    3.1302    1.1794    0.8063    0.5458    2.8360    0.0999    1.4940    0.4406    1.1489    0.0826    0.6311    0.2604    0.7963    1.9212    0.2965    2.5483    0.9907    1.1528    0.6569    2.5270    0.4643    1.3072    0.2600    0.9074    0.2832    3.0419    1.5238    0.4211    1.2623    1.2561    2.8739    1.2903    2.8604    2.6803    1.1370    2.5688    1.4622    2.2626    1.1679    1.4783    0.3932    2.7521    0.4399
    450000    0.9529    2.4360    0.9439    1.6352    0.5653    2.7211    0.7596    3.0172    0.0772    1.0970    0.5315    2.3709    0.1714    1.3795    1.9510    2.3939    0.3753    1.0165    1.5012    2.1686    0.7550    1.5317    2.9595    1.6332    2.4953    0.1155    3.0892    0.8254    2.3464    0.4180    1.6162    0.0681    2.9127    2.7499    1.6754    1.0300    0.5442    0.2522    3.0572    0.7540    3.0420    0.5769    0.2480    0.8944    2.8451    1.0347    2.5933    0.8646    2.9293    1.8124    1.3510    1.2780    2.5055    2.2013    3.0844    0.6675    1.3099    1.4974    2.6149    0.3682    2.3832    0.1147    1.0974    0.3291    0.8025    0.0193    0.7845    1.4392    0.6706    2.8309    1.5677    0.3876    1.7291    1.5697    0.2660    0.6308    0.5090    0.4008    1.1281    2.7269    1.4738    0.3645    1.0925    0.4646    2.5731    0.5233    2.4703    1.3277    0.8126    1.5376    1.3439    2.1052    1.3750    1.0315    0.4373    2.9094    0.0190
    460000    1.6519    1.4561    1.4269    2.4594    0.9081    2.7885    2.4582    2.0500    0.6193    1.7068    0.0598    0.2769    0.8871    2.3314    2.2653    1.1209    0.9469    0.2964    2.5383    0.9916    1.1936    0.4589    3.0709    2.3004    1.2151    0.1538    3.0125    0.5270    2.4978    1.9442    1.1016    0.3483    0.7483    0.4018    2.9525    0.5220    0.3648    1.6295    2.7663    1.3817    3.0830    0.4483    0.0650    1.2649    2.9195    2.1926    1.1034    0.7587    3.0232    2.3578    0.1061    2.0394    1.3897    2.5246    2.6183    1.3160    1.7075    1.6487    1.1540    1.1671    0.7036    0.9249    0.9662    0.0365    0.6841    0.4386    0.7160    2.6567    1.1444    1.2433    2.3206    0.3175    1.6311    0.3722    0.0985    0.5221    0.8168    0.6167    1.5030    2.1333    1.9496    0.7737    3.1121    1.6938    2.3541    0.0563    2.3045    0.9582    1.2802    1.0245    1.0901    1.9449    0.2329    1.2727    1.0753    2.8077    2.9817
    470000    0.8401    2.7909    2.0170    1.6545    0.1502    2.7344    1.3326    0.4210    1.8278    0.3023    1.7668    1.4641    0.0738    3.1016    2.5466    1.7590    0.9666    1.9222    1.7172    1.7733    1.6721    2.3273    2.5589    2.2834    2.0022    1.7093    0.0142    2.8339    3.0354    1.6075    1.2620    1.0801    0.8137    2.8912    0.5737    2.4146    0.6345    2.4041    1.9896    1.6091    1.4596    0.6521    2.2630    0.0127    2.8366    0.0332    2.0555    0.3201    2.6328    1.2143    2.7267    0.7396    2.5336    1.5160    2.1135    0.2198    2.6765    0.4306    2.1408    0.2454    2.3476    0.8294    0.7041    0.9095    0.4319    2.5874    1.8472    1.5293    1.4127    2.7473    1.4866    1.6403    1.1886    2.9221    1.4204    1.7841    0.0209    1.9580    1.6163    2.5946    1.6487    0.7536    1.4231    1.4235    3.0701    0.1999    2.0305    1.1404    2.6362    2.6977    0.4659    2.0510    0.4156    1.1199    1.5609    0.0525    0.3335
    480000    2.2011    0.7217    2.6879    0.3785    2.9362    0.7980    2.9377    0.4838    1.9253    0.0907    3.1355    1.0405    1.7506    0.8648    2.8771    1.9681    1.4340    2.9792    0.8538    0.5572    0.5775    2.4088    2.9336    1.5194    2.2282    1.9480    2.9570    1.7836    1.8826    2.0767    3.0921    0.0967    2.2030    1.9189    0.9803    1.4674    1.2371    0.4589    2.1443    2.7095    1.5095    2.2685    1.7084    2.7738    0.7622    1.4013    2.8212    1.1528    2.3302    1.2600    2.7297    0.1478    2.9669    2.8485    2.9614    0.4860    1.2712    0.1786    1.5394    0.0755    1.4924    1.6204    0.5257    1.2995    0.9992    0.3685    1.3211    0.6437    0.6834    0.2185    0.5183    0.1444    0.3738    0.1521    0.1296    0.4802    0.6853    0.3299    0.5667    0.5356    1.9121    2.2557    2.3810    1.9524    2.7237    2.3522    3.1003    2.5766    2.8978    1.2909    1.8158    1.9701    1.8252    2.4057    1.5752    2.2620    0.8697
    490000    2.2561    1.5419    2.0586    0.7758    2.9605    2.7539    2.2739    2.6718    1.2545    0.3823    1.0795    2.9180    0.3430    0.8080    2.0253    2.9624    0.2914    2.0117    1.1383    1.2259    0.6330    2.1284    2.8072    1.3899    2.8465    1.6375    2.6131    1.5003    1.7208    2.1064    1.8895    0.6317    2.7838    2.2994    1.7294    1.2768    0.3396    0.5142    2.8679    1.9518    2.6573    1.3985    0.7577    1.4912    1.8433    1.2067    3.0817    1.1652    2.7770    1.8076    2.6910    1.7884    2.8017    2.4248    3.1204    0.7736    1.0245    0.3365    1.4620    0.4730    1.7637    0.4387    0.6301    0.8008    1.1156    0.2439    1.3731    1.0805    0.0062    1.1850    0.3353    0.5951    0.2638    0.0996    0.4755    2.4035    0.3353    1.4160    2.6147    0.1817    1.7401    0.0539    1.4106    1.1867    2.9291    1.5108    2.8645    2.8411    2.3935    2.2237    1.4378    2.8049    1.1259    3.1365    1.0313    2.8373    0.0306
    500000    2.1585    0.6734    2.7171    0.2547    3.0632    0.2936    2.9517    0.0230    1.7564    0.3339    2.9391    0.8151    2.0424    1.0999    2.6850    1.6837    1.7918    2.6620    0.7229    1.9019    0.0925    1.7196    2.9762    1.5838    1.8935    2.0667    2.9050    1.6115    1.8322    2.1259    2.9059    0.1694    2.4920    2.6711    1.6519    0.9763    2.2422    2.5026    1.4059    2.7351    1.7670    2.3160    2.0089    2.9409    0.2609    1.4461    2.7645    1.5290    2.1052    0.7583    2.4844    0.4334    2.7373    2.6910    2.8405    0.2596    1.6897    0.1233    1.8588    0.1749    1.8536    2.3754    1.0362    1.3352    1.2735    0.4389    0.2868    1.1160    1.2195    0.0464    0.7708    0.0635    0.6735    0.3140    0.0510    0.2967    0.5717    0.1687    0.5043    2.8236    2.9492    2.3321    3.0930    2.1365    2.6305    2.6670    2.7969    2.2900    2.8138    1.2335    2.5275    1.2005    2.6212    2.1553    1.7147    1.4973    0.9478
    510000    2.0384    0.6330    2.9099    0.2651    3.1166    0.1229    3.0773    0.2488    1.8756    0.7549    2.9918    0.3994    2.5462    1.3521    2.8586    1.3085    2.8062    2.0555    2.0770    1.5109    0.9002    0.9497    3.1370    1.3429    1.3390    2.4836    2.1650    1.7784    2.1725    2.3476    2.6036    0.5527    1.9803    2.5186    1.9463    0.5978    1.7978    2.5564    0.2795    2.9436    0.6682    0.8829    1.0084    2.6136    0.7613    1.9408    3.0822    2.5172    0.5737    0.8213    1.4882    1.9423    0.5074    2.2119    2.3555    1.4088    1.0386    1.1597    2.9932    1.2252    2.1310    2.3888    1.4958    0.4259    0.8961    0.8190    1.5270    1.6155    2.7116    0.1436    2.6604    0.0570    3.1006    0.3751    0.8977    0.0887    2.7167    0.5038    2.8865    1.5388    3.0262    2.8389    0.6169    2.7881    1.7471    0.3117    2.5819    1.6746    2.8763    0.6134    3.0266    0.4616    2.9228    0.1130    2.8004    0.5834    3.0776
    520000    2.2776    1.1715    2.2857    0.3323    3.0877    2.8295    2.9017    2.0998    1.6325    0.0270    0.4537    2.1884    1.0197    0.7479    2.9400    3.1354    0.3659    2.7614    0.5863    1.0708    0.7226    1.8955    3.1161    1.7763    2.3316    2.0954    2.6053    1.2284    1.9101    2.0974    1.6083    1.4656    2.5726    1.2949    1.9991    2.0227    0.4033    0.3979    2.6977    1.8087    2.2092    1.3434    2.7909    1.1907    0.5882    1.0691    2.7915    1.0488    2.5198    1.1632    2.5752    1.6869    2.4598    2.7579    2.5485    1.0061    1.9873    0.0500    1.4629    0.3456    1.5115    1.8408    1.0399    1.5410    0.8908    0.5696    2.0051    0.7781    0.3463    0.7857    0.1990    0.2759    0.4703    0.4261    0.2658    2.8071    0.1077    1.5319    1.2105    2.9122    2.7595    0.0352    2.7570    1.6736    3.0057    2.0705    2.8462    3.1091    2.5829    2.1294    1.7554    2.4878    1.1260    3.0239    1.0383    2.1416    0.7786
    530000    2.2775    0.8550    2.6071    0.5637    2.5049    2.6012    1.7783    1.7042    3.0761    2.0287    1.8787    0.8619    1.3185    1.7812    2.0636    2.3757    1.1559    2.5799    1.0083    1.8828    0.4878    1.6931    2.9929    1.7479    2.0479    2.3417    2.3991    1.5006    1.9677    2.1398    2.9380    0.3233    2.3809    1.1827    0.8501    2.4773    0.0721    0.2322    1.6853    1.8631    2.2620    1.1437    2.5916    0.2390    0.6468    0.5081    2.6660    0.5464    2.7842    0.0390    2.9761    0.1683    2.6456    2.6704    2.7449    0.3487    2.1498    0.1158    1.7543    0.0455    1.6878    2.8635    0.9631    2.1532    0.8690    0.5338    1.7789    0.0702    0.5855    0.0653    0.1149    0.4276    0.0332    0.7559    0.0187    1.3737    0.4641    2.2716    1.6447    2.9700    2.0165    0.7093    3.0194    1.5320    2.6965    2.1776    2.7978    2.7661    3.0453    1.4436    1.7953    1.9271    1.4167    0.8059    2.0028    1.0693    0.2327
    540000    2.2598    1.0405    2.3916    0.4613    2.9356    2.7989    2.8574    1.9244    1.4674    0.8072    1.4510    2.8118    1.0084    0.4829    3.1051    3.0836    0.3364    2.0160    0.4200    0.1174    1.0952    2.0449    3.1071    1.9636    2.9827    1.9879    3.0934    1.4360    1.7559    2.1660    2.6065    0.4535    2.2486    1.9477    1.3533    2.5884    0.5491    0.4547    2.8661    1.8148    2.9701    1.2600    2.1226    0.6454    0.8199    0.9207    2.7695    0.8473    2.6564    1.5022    3.1351    1.5094    2.8368    2.8629    2.9907    0.7374    1.5726    0.3468    1.1864    0.1365    1.3202    1.6809    0.7904    1.6304    0.6528    0.3468    2.0022    0.3576    0.0246    0.3977    0.2313    0.0914    0.3096    0.5946    0.2170    1.7730    0.9253    2.8728    1.7533    3.0927    2.6045    0.2947    2.4828    1.5596    2.9764    2.0350    2.8699    3.0604    2.8400    1.9971    1.9613    2.3715    1.3787    1.8935    2.1050    1.9490    1.3045
    550000    2.3101    1.1998    2.2518    0.5373    2.9203    2.6710    1.9658    1.1247    1.6520    0.9994    1.4522    2.7731    1.0655    1.8304    1.9150    2.9864    0.4727    2.6997    0.6947    1.3070    1.1055    1.5846    3.0814    1.8612    2.9821    2.3715    2.3918    1.2834    1.9927    2.0980    2.7796    0.3538    2.1632    2.1347    1.3490    2.0868    0.5289    0.3004    2.5563    1.2033    2.6969    0.8884    2.1530    0.2697    0.7370    0.6344    2.5936    0.5282    2.9111    0.5708    2.8014    0.4815    3.0128    2.6538    3.1379    0.2060    1.7904    0.1131    1.6863    0.1164    1.9166    1.3769    0.4106    1.3193    0.7427    0.2836    1.6035    0.2301    0.0556    0.1247    0.2523    0.4903    0.5165    1.0753    0.1026    1.5903    0.7621    2.9203    1.9784    2.6529    2.4434    0.2198    2.0536    1.3583    2.9507    1.9354    2.8390    2.9905    2.8602    1.8360    1.9203    2.0947    1.1988    1.0744    2.2444    0.9350    1.2920
    560000    2.2224    0.6921    2.8029    0.3857    2.8202    0.5322    3.1395    0.5594    2.8983    1.1296    2.7306    0.9677    1.7375    2.5661    1.5092    2.1908    1.6495    3.0829    1.0827    3.1181    1.0725    1.4256    3.0048    1.6770    2.5421    2.9661    1.7513    2.1661    2.3657    2.3058    2.8322    0.2145    1.9338    1.2756    0.7845    1.8767    0.7213    0.2144    0.2307    2.0894    3.0894    1.1257    2.8136    0.3923    0.5723    0.4132    2.7614    0.1567    3.0958    1.1254    2.4774    1.9133    2.6194    2.7740    3.1034    1.5563    1.4973    0.4129    2.3829    0.3698    2.2575    2.8234    1.1152    0.6763    0.9482    2.6772    1.9478    2.8917    2.1277    0.7423    0.5831    0.9395    1.0082    0.8534    0.4036    1.1990    0.0215    1.3608    2.2247    2.4562    1.2352    0.5235    2.9404    1.5015    2.3583    3.0960    2.9366    2.3056    2.7492    1.2209    2.1438    0.3473    2.9395    0.4973    2.8957    0.2686    2.8320
    570000    1.5590    0.8929    2.9324    1.3714    2.5652    1.6442    1.9617    1.4293    1.4643    0.2684    2.9653    0.2185    1.9170    1.0627    2.7174    1.0699    1.1114    2.4093    1.2917    2.5369    0.8080    0.9700    2.4302    1.4529    1.0197    1.1817    2.2974    1.5563    2.3738    1.3671    2.6554    0.8164    1.8086    2.0665    2.6550    0.6321    2.4921    2.1937    0.1506    2.5194    2.0266    2.2548    2.8296    1.5664    2.0228    2.0001    1.3634    0.8865    1.2004    0.1601    2.2207    0.9396    1.6884    0.7204    0.2820    1.5341    1.4416    2.8154    2.7149    0.6347    1.7189    2.9531    0.0468    2.8417    0.4368    1.2223    1.7274    0.6134    2.3996    1.2448    2.1897    1.7082    2.8055    2.5478    0.8683    3.0075    2.7933    2.8157    2.4629    2.1789    3.0811    2.3283    2.1196    2.1336    3.0534    1.4605    2.6068    1.8262    3.0774    1.0441    3.0041    0.8875    2.7099    1.2014    2.7666    0.8851    0.4714
    580000    2.2006    0.6893    2.6766    0.2624    3.0139    0.8177    2.6874    0.4094    2.4886    0.8501    2.7953    0.8236    1.6683    1.8208    1.9448    2.3472    1.1972    3.1236    0.7346    2.4826    0.2833    1.4410    3.1347    1.6732    2.3501    2.7167    1.9772    1.3212    1.8393    2.2357    2.5783    0.3527    1.9046    0.9855    0.5558    1.7902    0.2544    0.0175    1.3951    1.6189    1.8098    0.7539    1.6152    0.2511    0.2369    0.3508    2.7301    0.3341    2.7738    0.2516    2.4851    1.0388    2.7687    2.5938    3.0626    0.3943    2.0314    0.1936    2.1255    0.0049    2.3121    2.8691    1.1931    1.9121    2.5581    1.5518    0.4582    1.3692    1.5612    0.4960    0.3925    0.7401    0.5840    0.7704    0.1773    1.5304    0.2258    1.9870    1.6007    2.7020    2.5571    0.5009    2.5406    1.7069    2.6316    2.6234    2.9472    2.6398    2.9830    1.5277    2.1977    1.2448    2.4614    0.9380    2.2481    1.1149    2.1755
    590000    2.2378    0.9510    2.6090    0.7342    2.6955    2.2615    1.8427    0.7361    2.1009    0.0191    2.4160    1.8170    1.5911    2.1665    1.7098    2.5355    0.9812    3.0168    0.6054    2.3572    0.1579    1.5439    3.0067    1.7402    2.4476    2.3732    2.0635    1.1638    1.8786    2.1192    3.0014    0.1287    2.2245    1.6748    0.9630    2.9946    0.2932    0.0673    2.0861    1.1518    2.6793    1.2682    2.2188    0.3338    0.3875    0.3839    2.6748    0.2999    2.7997    0.0772    2.7034    0.5664    2.9934    2.6553    3.1411    0.2180    1.8968    0.1684    1.9861    0.0215    2.1057    2.4620    1.0257    1.7444    1.1068    0.5085    1.7625    0.6152    0.5786    0.4665    0.0830    0.8116    0.0542    1.2400    0.1308    2.5594    0.4899    2.8503    1.3861    2.5568    2.0372    0.0993    1.7230    1.6301    2.6228    2.1171    2.8882    2.7862    3.0965    1.5655    1.9880    1.8536    1.8755    1.3581    2.2728    1.5935    0.8908
    600000    2.1376    1.1582    2.5407    1.2032    2.5498    2.5444    2.4249    1.5567    1.9514    0.2344    2.8822    1.5895    1.9358    1.6009    2.2869    2.3628    0.9508    3.0135    0.6081    2.7355    0.1318    1.6009    2.5972    1.2743    2.1055    1.4730    2.5711    0.7871    1.9556    1.6105    2.7912    0.6142    3.0634    1.1131    1.5974    2.5927    1.0210    0.2226    2.8752    1.1716    2.7817    1.5827    2.5828    2.6076    0.6781    1.3212    2.9898    1.4863    2.4638    1.6556    3.0163    1.4554    2.6735    2.6384    2.8179    1.2137    0.6342    0.7924    1.6565    0.2322    2.5114    2.9289    1.6625    1.8262    1.3671    0.4031    1.3227    1.2244    0.4627    1.0220    0.1548    0.6601    0.1962    0.2666    0.3155    2.5134    0.9541    2.9662    2.2267    3.0813    2.3455    0.1534    2.3130    2.0543    3.0558    2.1031    3.1145    2.9621    3.0096    1.8634    2.1293    2.7253    1.1116    1.6303    1.7122    0.5671    1.3024
    610000    2.1821    0.9026    2.6406    0.7219    2.5610    2.6907    2.0627    2.0071    0.9279    0.5771    1.8269    1.4628    1.9513    1.7995    2.0023    2.6909    0.4373    2.9728    0.0808    2.7287    0.0420    1.3612    2.4664    1.5287    1.6715    1.1635    2.1575    0.5937    2.0875    1.2414    2.6061    0.7992    1.8793    0.3473    1.4498    0.4871    1.7708    0.8213    2.9680    0.7911    3.0430    1.2848    2.8295    2.0318    0.4998    1.3293    3.0881    1.4106    2.3746    1.2952    2.8089    1.1426    2.4992    2.0984    2.4781    1.0796    1.2990    0.1014    1.8659    0.2853    2.9236    3.0344    1.8197    1.3419    1.1860    0.1914    0.8678    1.4705    0.4558    1.1654    0.4380    1.3406    1.2023    0.1171    0.5009    2.6186    0.4149    0.9718    0.5900    2.7227    1.9800    0.1575    1.9759    1.9267    3.0491    1.9483    2.8073    2.5470    2.3959    1.9626    1.8162    1.5469    2.0961    1.9054    1.6770    1.0245    0.9584
    620000    2.1185    0.6073    2.8860    0.3994    2.9253    0.5432    2.9078    0.6069    1.8374    0.1886    2.8892    0.7394    2.8078    1.6915    2.0318    2.0597    1.0643    2.9027    0.3921    2.4393    0.3619    1.4668    2.8359    1.2417    1.8077    1.7587    2.0105    0.9723    1.8283    1.7212    2.7379    0.7830    1.7087    0.9911    2.3281    1.4632    1.0962    2.6386    0.9126    2.2550    2.1302    1.9858    3.1370    0.6710    0.4570    0.9090    3.0722    0.7246    2.4459    0.2238    2.3929    0.4058    2.4059    1.7326    3.1326    0.1162    2.4961    0.6424    2.3260    0.1628    2.6162    3.0364    1.4762    2.5740    1.8073    0.8872    0.2197    0.3902    1.6842    0.0011    0.6363    0.3731    0.9437    0.3292    0.0435    0.4183    0.4168    1.2222    2.5571    2.7114    2.6662    0.0405    3.0650    0.9448    2.6639    2.0641    2.9749    2.1350    2.9586    1.0835    2.6294    0.2455    2.3798    1.0624    2.8746    1.4333    1.9832
    630000    2.1555    0.6424    2.7074    0.2835    2.9932    0.5408    2.8903    0.4493    2.6945    1.1771    3.0759    0.7479    2.0036    1.8368    1.8200    2.1505    1.1952    3.1333    0.9670    2.7855    0.6843    1.1592    3.0690    1.5040    1.5792    1.7995    2.4620    1.4147    2.0048    1.7869    2.8776    0.4878    2.7328    0.0714    0.4597    1.4754    0.6250    0.2930    1.3663    1.6758    2.0116    1.6455    2.7099    0.9882    0.0230    0.9680    3.0970    0.9255    2.4306    0.7086    2.7467    0.3336    2.3487    1.9126    2.1815    0.9087    2.9528    0.8410    2.1590    0.0073    2.4288    2.5486    1.5447    2.4547    1.5743    1.2257    0.9125    0.5814    0.6740    0.2181    0.1578    0.1258    0.2872    0.3096    0.3041    0.0981    0.6707    0.9037    2.5508    3.0861    2.8873    0.0783    3.0699    1.4236    2.9050    1.9704    3.0917    2.5989    3.0994    1.3953    2.2743    3.0596    0.7232    1.1239    2.3336    2.8674    0.7694
    640000    2.1667    0.7186    2.7425    0.5214    2.7466    2.1115    2.2671    1.4733    1.6897    0.3107    3.0545    0.8939    2.6823    1.6135    2.0351    2.2747    0.7772    2.9896    0.3628    2.6457    0.3113    1.3509    2.9296    1.4491    1.5915    1.4654    1.7216    0.4510    1.8572    1.3724    2.7633    0.7837    1.8979    1.1510    1.8277    1.0164    2.8947    0.4326    2.6322    1.5786    2.3348    1.9028    2.7238    1.8839    0.2523    1.1701    2.9648    1.4118    2.1782    0.8847    2.8016    0.6633    2.0784    1.5497    1.9489    1.3285    2.5604    1.7137    2.5132    0.2111    3.1134    2.5345    1.6351    2.7647    1.4646    0.5299    0.3779    0.6586    0.3074    0.6052    0.2092    0.0951    0.1598    0.0370    0.3653    1.0736    1.6672    0.7186    2.5371    2.6022    1.3311    1.3078    2.8892    1.3136    2.9584    1.5950    3.0991    2.5685    3.1004    1.2815    2.3674    2.9352    1.2001    1.5869    2.0932    2.6136    0.6780
    650000    2.1321    0.5766    2.9159    0.3683    2.9206    0.3174    2.8997    0.6534    2.6562    1.3075    3.1202    0.4382    2.7565    2.0627    1.9202    1.7301    1.4602    2.8033    1.0949    2.6111    0.9191    1.0887    3.0357    1.3412    1.2627    2.1216    2.1595    1.8253    2.1786    1.8722    2.9774    0.6746    1.9865    3.0834    1.6944    0.6030    0.2820    0.7260    0.4972    2.1861    2.1393    1.6262    2.4645    0.0207    0.1058    0.2948    2.8291    0.2567    2.7154    0.3640    1.9778    1.3245    1.3173    1.8259    2.6093    1.0096    1.8087    1.0921    3.0961    0.3775    2.5931    2.1691    1.2878    0.3146    0.7841    1.6430    1.2951    1.6186    2.5896    0.6485    0.9513    0.7627    1.8979    1.2451    2.1843    0.4120    0.3978    1.4628    3.0869    1.1245    0.2867    0.2487    1.0377    1.9242    2.6980    0.4443    3.0256    1.5479    2.9582    0.3319    2.7319    0.1591    2.5095    0.9350    2.9480    1.2139    2.3691
    660000    2.2165    0.8345    2.6479    0.6287    2.7630    1.9549    1.9961    0.8338    2.4130    0.4220    2.6402    1.4153    1.6997    2.3783    1.4118    2.6653    0.7651    3.0429    0.4562    2.6707    0.3866    1.3253    3.1385    1.6931    2.0467    2.1711    1.9456    1.1179    1.8571    1.8971    2.8710    0.5510    2.0655    0.5963    1.1971    2.9533    0.7131    0.0026    2.4488    1.2440    2.9881    1.2778    2.6631    0.5167    0.3545    0.5942    2.7637    0.5882    2.7459    0.2540    2.5766    0.3108    2.5629    1.9838    2.7091    0.0541    2.2439    0.2967    2.1429    0.1866    2.6040    2.6845    1.3596    2.1058    2.0927    1.4148    1.4503    0.3877    0.8939    0.3207    0.0816    0.4861    0.1791    0.4931    0.1551    0.4801    0.5329    1.1769    2.4392    2.8984    2.7542    0.4933    2.8652    1.4776    2.7592    2.0124    2.9008    2.9683    2.9878    1.6119    2.0397    2.7177    1.0877    0.9803    2.4778    1.5337    0.7497
    670000    2.1357    0.5929    2.8625    0.3496    2.9591    0.3761    3.0181    0.4966    2.3635    0.9336    3.1387    0.6700    2.4489    2.1149    1.7668    2.0427    1.2455    2.8916    0.7646    2.5802    0.6331    1.1497    3.1224    1.4710    1.4787    2.1066    2.0330    1.5156    2.1251    1.8382    2.9680    0.6140    2.1814    3.1329    1.7761    0.4734    0.7870    0.7140    1.0776    1.9068    2.0619    1.5302    2.3730    0.3098    0.1200    0.5320    2.9028    0.2941    2.7297    0.1376    2.1289    0.9781    1.7491    1.6315    2.9237    0.3534    2.3831    1.3229    2.7128    0.0830    2.9326    2.6563    1.4061    1.0467    2.4615    1.6907    0.5561    0.7815    1.9304    0.5338    0.6251    0.6036    1.3205    0.1611    0.4017    0.3448    0.5750    1.0368    2.6354    2.8948    2.6649    0.3993    2.9755    1.2853    2.8002    1.9245    3.0896    2.5048    3.0199    1.3227    2.5181    0.0223    2.6353    0.3040    2.6720    0.1421    2.2465
    680000    2.1310    0.6045    2.7666    0.2312    3.0940    0.1754    3.0162    0.0131    2.3606    0.7875    3.0065    0.8352    2.0980    2.3043    1.4706    2.3282    1.1518    2.9451    0.7813    2.4904    0.6843    1.1352    3.0100    1.4831    1.5737    2.2734    2.0572    1.6216    2.2117    1.9079    3.0854    0.2507    3.1134    2.3539    1.7592    0.5931    0.6481    0.5451    1.1782    1.8908    2.3094    1.7037    2.4745    0.2762    0.0350    0.4568    2.9251    0.1855    2.9244    0.2827    2.1602    1.1294    1.9544    1.9935    2.8402    0.0996    2.9165    0.9047    2.6537    0.1591    2.8336    2.7059    1.5330    1.7168    2.8426    1.5191    0.2386    0.0803    1.6330    0.5741    0.5564    0.6516    1.0897    0.4534    0.1436    0.7376    0.2139    1.1116    2.5146    2.9935    2.9214    0.4724    2.7607    1.4953    2.4751    2.2815    3.0557    2.2749    3.0002    1.1399    2.4348    0.0662    2.5041    0.8672    2.5563    0.6138    2.9557
    690000    2.2600    1.0211    2.4496    0.6928    2.6115    2.8465    2.2480    2.3259    2.5145    1.8509    1.6102    0.9203    1.3695    2.4578    1.5498    2.9478    0.7347    2.8137    0.7448    3.0802    0.3976    1.2796    2.7115    1.7077    1.9784    1.8915    2.2450    1.2028    2.2154    1.7335    2.5688    0.5329    2.8899    1.2150    1.5680    1.7320    0.3998    0.0682    2.3890    0.2700    2.8516    0.9303    2.4744    0.9209    0.4480    1.0973    2.5548    0.8810    2.9237    1.0388    2.6637    0.8822    2.7871    1.8219    2.4344    0.5345    1.6817    0.1805    1.8807    0.3883    2.8048    0.2828    0.9488    0.8318    1.3478    0.2389    1.0602    1.8895    0.1850    2.2190    0.7197    0.0917    1.1238    0.6522    0.3305    3.0164    0.2889    0.6169    0.7445    2.8342    1.9983    0.1115    1.7267    1.6015    2.9884    1.6881    2.6708    2.8633    2.1030    2.5987    1.6181    2.7157    1.1799    2.7224    1.3983    2.6308    0.8922
    700000    2.3486    1.2125    2.3870    0.5897    2.7545    2.7123    1.7187    0.8832    1.5845    0.4045    1.0342    1.8940    1.3103    3.0818    1.3325    3.0456    0.5974    2.9172    2.0945    1.3558    0.4541    1.2520    2.7535    1.8754    2.1564    2.5125    1.6020    1.6493    2.3993    1.9631    2.6736    0.3224    1.1073    2.6368    1.0438    1.8747    0.5277    0.5426    2.6571    0.3558    2.5346    0.0354    2.5555    0.4112    0.8986    0.1677    2.6652    0.1377    2.9698    0.4721    2.9185    0.1175    3.0881    1.6839    2.8969    0.5792    2.0680    0.4653    2.4006    0.2288    2.5993    0.7965    0.5989    0.7833    1.4918    0.8959    0.3309    1.5720    0.8820    2.6241    0.1095    1.1734    0.8272    2.1041    0.3137    3.0445    1.0842    1.2090    1.9306    2.4779    2.4180    0.0093    1.4225    0.0241    2.7350    0.4086    2.4587    0.7357    2.0017    1.4687    1.3883    1.7714    1.1434    1.3917    0.3486    1.1716    1.3004
    710000    2.1834    0.6442    2.9027    0.3582    2.8513    0.0524    3.1191    0.1568    2.7871    1.5411    2.6619    0.5842    1.9041    2.8989    1.7267    2.5147    2.3537    3.0206    2.2312    2.9636    2.1703    1.0971    2.8930    1.7058    2.5945    2.5427    1.8224    3.0960    2.8880    2.6138    2.3235    0.8923    0.8555    0.4755    0.0278    1.0248    1.1076    0.3316    1.0014    3.1285    2.4178    0.9285    2.8910    0.7251    1.0405    1.2905    3.1196    0.9025    3.0182    1.6330    2.4293    2.4584    2.5154    2.7737    3.1351    2.8264    2.0640    2.6956    2.3985    0.0072    2.6646    2.4190    1.1519    1.2189    0.7272    2.9590    2.5716    1.6068    1.8571    0.9346    0.9544    1.0892    1.3275    0.5136    1.1687    1.3126    0.4032    1.7249    2.3347    2.3556    0.8014    0.9587    0.0849    1.6455    1.5754    0.7713    2.8510    1.0996    2.5633    0.4034    0.7327    1.0436    2.0447    0.7847    2.7797    1.1541    1.9788
    720000    1.1858    1.5546    0.2054    1.2818    2.2595    0.0571    0.9352    2.2894    0.7998    0.4368    0.2217    1.8466    1.7050    0.5115    3.0643    0.0585    1.2204    2.2072    1.8648    2.8674    1.3098    1.0223    3.0775    1.2786    0.5077    1.3509    2.1306    1.7328    2.4302    1.1131    2.5522    0.6057    1.9906    2.3253    1.9007    1.6071    2.3052    0.8640    1.4045    1.9617    2.5017    1.6891    1.1547    2.7785    0.8000    2.2564    1.4831    1.0754    2.2031    0.0955    3.1105    0.7603    1.6873    0.4827    2.3638    2.6353    2.1220    2.8663    1.9923    0.3385    0.5311    1.5017    0.4582    1.9040    1.2022    1.7182    1.7644    2.4803    1.8832    2.9910    2.7802    2.8128    2.5623    2.2831    2.2792    1.0369    2.6091    0.5534    2.2329    2.0961    2.1472    2.8476    2.8706    2.2770    2.9588    1.9278    2.6906    2.4750    3.1213    1.5649    2.2632    1.0255    3.0008    1.3899    2.7830    2.8506    2.0909
    730000    2.1500    0.5568    2.7588    0.2076    2.9305    1.0541    2.5921    0.5340    2.4775    1.1624    2.4397    0.6458    1.6925    1.8897    1.9312    2.2867    1.1531    3.1043    0.8598    2.6703    0.5407    1.4268    2.9447    1.5069    1.9699    1.9950    2.5485    1.4311    2.1025    1.8854    3.0099    0.0789    2.1046    1.5979    0.7372    1.3664    1.0716    0.2118    1.7229    1.3125    2.7445    1.6004    3.0115    0.9432    0.0653    0.7322    2.8981    0.4112    2.7521    0.4143    2.6165    0.0622    2.7044    2.2101    2.8370    0.1605    1.8901    0.1809    2.0187    0.0788    2.4143    2.4775    1.1914    1.4346    1.3985    0.5968    1.3524    0.1309    0.4270    0.0078    0.0447    0.6129    0.0371    0.9888    0.3091    2.9932    1.1810    2.0431    2.5455    2.3996    1.5039    0.0987    1.5415    2.5863    2.2117    1.9332    2.7153    2.3309    3.1309    1.0032    2.4237    2.0461    1.3719    1.2162    1.3266    1.1147    1.4703
    740000    1.7969    1.0970    2.6701    0.8775    1.7765    1.1733    3.0055    0.0986    1.4502    1.7711    2.2324    0.2684    2.9127    1.2084    2.5317    1.4191    2.9463    1.4752    2.5010    1.6257    2.1134    0.7997    2.7732    1.3914    0.1700    1.3655    2.3806    2.6191    2.9091    2.9021    2.5087    1.9320    0.9607    2.6035    2.9013    0.9959    2.0045    2.4228    0.7543    2.3919    2.3952    0.7114    2.1747    0.6663    0.1400    2.2901    1.2413    0.4299    1.7301    0.5119    2.4183    1.3863    1.4446    0.7075    1.3464    0.7289    0.7546    1.3272    2.2797    0.3835    2.1048    1.7624    1.8222    0.4038    1.2545    1.0388    3.0924    2.6817    2.3769    2.2806    3.0422    1.0291    1.0792    2.8693    0.2520    0.6221    3.1282    0.9012    2.8281    1.9801    2.7144    1.8228    2.7869    2.5627    2.9175    2.1069    1.3446    2.6629    2.5381    1.1139    2.4388    1.2589    2.9794    0.6248    1.8323    1.5592    1.2540
    750000    2.3056    1.2219    2.2782    0.6377    2.7817    2.6213    1.9351    2.3236    2.7519    1.0812    0.4459    2.1823    1.2996    2.8341    1.4344    2.8785    1.0692    1.5953    3.0299    1.4640    2.6478    1.6862    2.9735    1.6695    2.7269    2.6223    2.1166    1.9228    2.5243    2.1221    2.5232    0.0714    2.2762    2.5111    1.0823    3.0529    0.1607    0.7464    0.4600    0.5572    2.7180    0.0413    2.5338    0.3940    0.8086    0.4659    2.4538    0.1564    2.7396    0.2013    2.4593    0.3309    3.0273    2.1971    3.0725    0.1385    1.9506    0.5034    2.2011    0.1813    2.0491    1.0023    0.5044    0.9317    0.5354    0.4777    1.1542    0.8557    0.3152    1.0722    0.0755    1.8810    0.7394    3.1243    0.3048    2.5547    0.9538    1.8890    1.6984    3.1121    1.4385    0.2801    1.4430    0.1401    2.4610    0.4147    2.2467    1.3734    1.7632    1.6892    1.0183    0.7910    1.4442    1.6822    1.3484    1.8449    0.2865
    760000    1.3375    2.0129    2.4819    0.3616    1.1187    2.1960    2.7086    0.2666    0.3118    2.9239    1.7934    0.8921    2.9400    3.0829    2.7197    2.7042    1.6720    1.3664    2.1053    2.2523    1.7897    0.7693    2.1383    0.9959    2.7117    1.8303    2.6359    1.1835    2.7059    2.7491    1.2722    0.4212    1.9446    1.1691    3.1017    0.6729    1.8695    2.0528    1.3517    1.0909    3.0900    1.4485    2.0831    2.3572    0.4876    2.3847    2.6771    2.1761    2.7247    2.8215    2.2937    2.8641    2.5835    2.5738    2.9479    1.7977    1.9570    2.3413    1.8268    2.0676    1.2832    0.7359    1.1319    0.1636    0.2565    0.6868    1.0871    2.8403    1.1612    1.1030    2.0338    0.0931    1.9892    0.3914    0.9108    0.6746    0.6796    0.7525    1.0750    1.7921    1.7713    0.3319    0.1502    3.1096    2.4651    0.6327    2.8725    0.5730    0.2104    1.7731    0.8563    2.2719    1.4398    2.0926    1.4606    2.2656    0.2184
    770000    1.7027    1.8958    2.8045    1.4865    0.8112    3.0763    1.7885    1.9085    1.1961    1.5206    2.8733    0.3597    2.6840    2.0226    3.0577    2.0326    2.4417    1.9778    2.3419    2.4646    1.8773    0.6200    2.5146    2.8109    1.0150    1.8900    2.6616    1.2708    2.6016    1.3283    2.9564    1.0324    3.0586    3.0288    3.1236    2.2802    1.2341    1.8198    1.2640    1.6960    2.6594    1.4956    1.6815    2.8426    0.0015    2.3200    1.7759    1.0693    2.4580    0.3156    2.9879    2.2671    0.2469    0.6439    2.4157    3.0510    2.0631    3.0486    2.8867    0.1163    1.4076    1.4843    0.1652    1.4489    1.8372    2.0900    2.9319    2.8220    2.7614    2.5565    2.3782    2.5168    2.0785    2.5580    2.5540    1.4136    1.9825    2.0898    2.2338    2.7214    2.1926    2.2596    3.0012    3.0933    3.0719    3.0151    1.8711    2.8104    2.9041    1.4838    2.8695    1.6362    3.1188    0.2414    2.5926    0.2028    0.9815
    780000    1.8001    1.1857    2.6344    0.9925    2.9010    0.6286    2.8565    0.1880    1.0562    1.8657    2.3610    0.3235    2.8536    1.5661    2.9087    1.5443    2.7344    1.5813    2.2310    1.9737    1.6791    0.8089    3.0327    1.5624    0.0776    1.7637    2.5714    1.7070    2.4148    2.2660    2.8335    0.3911    3.1215    2.7407    2.8828    0.9218    2.0391    2.3318    0.7964    2.3482    2.5902    0.5119    0.6246    2.3477    1.1226    1.2696    1.5602    0.7471    2.0168    0.2272    2.7017    1.5311    1.2202    0.4595    2.0940    2.2206    1.2801    1.8334    2.9610    0.2165    3.0781    2.2649    2.1049    1.7745    2.8318    1.8595    3.0381    2.9365    2.9100    2.7755    2.2935    1.6470    1.5376    2.8836    0.3080    1.8245    2.6215    0.8869    2.1723    1.9982    2.7214    1.4609    2.8212    2.6496    3.0407    1.5077    0.6647    1.9161    2.1532    1.3252    2.1891    1.7233    2.6451    1.8607    2.1935    1.8677    2.5564
    790000    1.9852    0.7532    3.0855    0.4915    3.0091    0.1929    3.0494    0.0575    2.4071    0.6850    2.9821    0.2236    1.6417    0.4913    3.0499    1.6403    2.2916    2.1708    1.5228    2.1954    1.1279    0.8965    2.8441    1.1690    0.1295    1.2570    2.3956    1.2222    1.9616    2.0806    2.7606    0.1356    2.4955    2.4181    2.8701    0.0892    2.5072    2.2457    0.8288    2.5406    1.2949    2.4407    1.3182    1.2761    1.0565    1.0779    1.6819    0.9952    1.6625    0.0057    2.5901    1.5556    0.4459    0.1269    2.0839    3.1218    1.6015    1.6044    2.8383    0.3613    2.6922    2.5997    2.1083    2.0059    2.3050    1.1030    1.6760    1.9397    1.4705    2.6142    1.0958    1.0213    0.0345    1.2493    0.1674    1.6350    2.4237    0.5985    2.1763    0.6970    2.5582    2.5643    3.0220    2.4928    2.9047    2.9965    1.4153    2.7594    2.2496    1.0808    3.0168    0.4427    2.8635    0.9474    2.3525    1.0552    2.6923
    800000    1.4261    1.8827    1.3335    2.2395    0.1391    2.4471    2.1731    0.5475    0.0765    2.6544    1.7252    0.0974    1.7659    0.1827    1.1619    2.3820    1.8272    1.1081    3.1234    1.1582    2.3433    0.8770    2.7971    1.5907    2.7287    1.7223    1.1782    1.9025    2.9591    3.0783    1.5493    2.2898    0.1701    2.5610    2.9281    1.0348    1.8950    2.9514    1.3261    2.1341    1.4139    2.8910    1.5381    2.4929    0.7895    1.6689    1.4354    0.5155    0.8284    1.5865    0.8456    3.0083    1.0275    2.0761    1.1047    0.8569    2.7531    2.4920    2.4836    1.5340    2.3800    1.7269    1.4054    0.5119    0.6809    0.5145    0.7939    3.0337    1.4240    0.0913    1.9857    0.1148    1.9348    0.3546    0.2015    0.0289    1.2685    0.0675    2.5012    1.9112    2.6911    2.1040    1.1373    0.0719    2.9010    0.4066    1.6467    1.5372    2.3919    0.3669    1.5224    1.2028    1.1406    1.0969    2.0859    0.4651    0.8775
    810000    1.2588    2.7679    2.7069    2.3772    2.1039    2.5539    1.9571    3.0059    1.5978    1.4042    3.0067    0.4750    2.8322    2.2709    3.0195    2.2166    2.8362    2.4958    2.5802    2.6218    2.6839    2.8479    1.8783    1.1480    1.5297    1.8255    2.5971    1.0293    2.9011    0.2147    1.9454    0.8954    2.6020    1.7378    0.7432    2.2045    1.8866    0.7689    1.8547    2.4273    1.9761    0.3913    1.0541    2.5488    0.5341    2.8869    1.8367    0.9000    2.7253    0.6801    2.7015    0.8267    3.0092    0.9419    2.4126    3.0231    2.3221    2.4712    2.7218    0.7766    0.1949    0.8426    0.0930    1.6458    1.3509    2.3541    2.5066    2.0841    1.6355    2.2674    2.4005    1.6369    1.6960    2.3616    2.8211    1.9888    2.9044    1.3599    2.0398    2.3846    1.7881    2.6962    2.8035    2.8363    2.9065    2.3259    2.8557    0.5396    3.0730    0.6350    3.0596    2.7855    1.8953    3.0370    0.0095    2.1120    2.0061
    820000    1.7269    1.6424    2.8922    1.3788    2.6104    1.5448    1.9441    1.8093    1.4428    1.6128    3.0494    0.2813    3.1133    1.8221    3.1006    1.9374    2.3562    2.1288    2.0297    2.4864    1.6628    1.0699    2.3989    2.4152    1.4144    1.1596    2.5099    1.0638    2.6328    1.2047    2.9458    0.9696    3.1206    3.0451    3.1050    1.9541    1.4366    1.8040    1.2911    2.0664    2.3513    1.2680    0.4750    2.3842    0.2742    2.0565    1.6523    1.0057    2.4475    0.3126    3.0555    0.6077    1.9441    0.6020    2.2432    3.0312    2.1126    2.9538    2.8949    0.2644    2.0528    1.4196    2.4898    0.8753    2.3424    1.8621    3.0471    2.9964    3.1232    2.4565    3.0171    2.3774    2.7769    2.2217    2.2395    2.0605    2.9302    1.1151    1.5251    2.8011    2.1923    2.3276    2.8675    3.0404    3.0648    3.0703    1.3789    2.2051    2.7109    1.0054    2.7709    1.9934    2.4605    2.0022    2.6986    2.2754    2.1218
    830000    1.9495    1.3512    2.7708    1.1659    2.7330    3.0341    3.0899    2.7742    2.1030    0.9818    2.5101    0.0561    2.6605    1.9155    3.1339    2.6156    1.5552    3.0413    1.3797    2.7529    1.2750    1.2118    0.3317    1.4037    2.1753    1.1126    2.6177    0.9229    2.7737    0.9601    2.4360    1.0077    2.8880    0.8960    2.8060    2.0320    2.2453    1.8428    1.7673    0.1781    1.5149    1.1135    1.0082    2.2012    0.3127    1.9544    2.0616    1.3174    2.3066    0.1222    2.7662    2.5216    0.2331    1.0987    2.2957    2.1118    2.3761    2.4963    2.9636    0.8990    2.8800    0.9299    1.9815    2.7215    2.8934    1.3143    0.1613    2.9938    0.3727    2.9232    0.0881    2.9183    0.0804    2.0665    1.3521    1.8270    1.2108    1.2757    1.5541    2.4793    1.7183    2.0255    2.4697    2.3789    2.8362    2.1843    2.8064    2.7699    3.0365    2.0096    2.6122    2.4466    2.4168    2.3495    2.4462    3.1030    2.5686
    840000    2.0777    1.8398    2.1853    2.7478    1.1622    2.9609    2.7684    2.6755    3.0660    1.2447    1.5046    2.9827    2.7477    2.4678    2.9947    2.9869    1.8087    2.1810    1.1441    3.0251    1.3172    0.5830    2.0660    0.4261    2.9402    1.5815    2.9724    0.6479    3.0570    0.2152    0.3980    1.5590    1.5345    0.5341    3.0034    0.3045    1.5412    0.1349    3.0248    0.8265    2.8197    1.0576    2.9818    2.7181    0.5700    2.5850    2.7002    2.1827    2.3098    1.1414    2.3519    2.9225    2.1886    2.0821    3.0550    1.8957    2.1153    2.3053    3.0296    1.5053    1.0654    0.1143    0.8987    0.6266    0.2623    0.8362    0.8310    3.1405    0.6138    2.2126    0.0757    2.3602    0.8889    1.4119    0.8554    1.2812    0.0951    1.2438    0.2003    2.5756    1.8919    0.8803    1.7286    2.2150    2.5615    1.7878    3.0482    2.3367    1.7940    2.8615    1.7277    2.8644    1.6240    2.8338    1.4109    2.4040    0.1754
    850000    1.6952    2.7300    3.0528    1.5479    2.8415    0.5114    2.9933    3.0162    1.0307    2.8552    3.0873    0.4322    2.8137    2.6212    2.9758    2.4129    2.6745    2.9111    2.5751    2.7572    2.8806    2.5494    2.3709    0.0463    3.0474    0.6712    2.6303    0.6864    3.0877    1.0011    2.5889    0.2188    2.4048    1.1043    1.8157    0.1099    2.4502    0.1082    2.2568    1.8016    0.0551    1.0632    1.7419    2.4233    0.7754    3.0124    1.8909    1.1275    2.8224    0.9986    2.7484    0.6551    2.8913    0.9806    2.8836    2.6899    2.5181    2.3025    2.5554    1.4819    0.8021    0.4087    0.4285    1.6279    1.0297    2.0935    0.2241    2.4247    0.5983    2.0903    2.9924    0.4873    1.1548    1.9227    2.3340    1.7749    2.6335    1.1229    1.9045    1.8270    1.1357    2.5922    2.6457    1.9931    2.9011    1.1895    2.7063    0.0441    2.7422    0.8481    2.3258    2.9802    2.8292    0.8233    1.9078    1.6291    2.5301
    860000    1.9150    0.9369    3.1223    0.4741    3.0956    0.3760    2.7880    0.4400    1.9008    0.1857    2.9888    0.7412    1.4642    0.1595    2.7120    1.4774    2.0479    2.3291    0.9743    2.4195    0.7638    1.1781    2.3176    0.8424    0.4341    0.9485    2.0111    0.1115    2.3517    0.9414    2.9196    0.3171    2.9100    2.7595    2.7014    0.1565    2.6609    2.9055    0.4898    2.7942    2.2832    2.7954    3.0156    1.2690    1.2191    1.4718    1.7050    0.9094    2.0614    0.0609    2.8036    1.9152    0.4468    0.1840    2.0646    3.0321    1.7495    2.2103    2.8026    0.1127    3.1131    2.4131    2.6890    2.0152    2.9594    1.2095    1.0079    2.5613    1.4757    2.6168    0.8820    2.2577    0.9926    2.8370    0.4780    2.6957    2.7658    0.1751    0.8469    1.3441    2.4817    2.8585    2.9529    2.3519    3.1116    2.8773    2.2884    2.5567    2.6911    1.4704    2.8831    1.3194    2.7876    1.3376    2.8434    1.2478    1.3942
    870000    1.8381    1.1298    2.9616    0.9707    2.3777    1.4989    2.2769    1.1945    1.8565    0.6304    3.1410    0.5923    2.5798    1.1452    3.1405    1.5884    2.1959    1.9898    1.6991    2.3187    1.2897    1.1656    2.2738    0.7042    1.1134    0.4973    2.0350    0.4388    2.1772    1.3705    3.1391    0.7656    2.9376    2.5138    2.8935    0.5451    2.3707    2.2116    0.0882    2.6759    3.0018    0.9053    1.0677    2.1820    0.7174    1.8156    1.5199    0.8841    2.0937    0.3712    3.0311    2.1205    0.4586    0.3627    1.8504    2.5702    1.7583    2.3909    3.0717    0.0477    2.9011    2.1788    2.3620    1.6598    3.0195    1.7933    2.4200    3.0910    2.5801    2.9566    1.8667    3.0770    1.8829    2.9479    0.7332    2.8718    2.4819    0.4794    0.1094    2.2678    2.4665    2.4291    3.0786    2.9148    3.0047    2.9909    2.3385    2.4404    2.7195    1.3733    2.7696    1.3718    2.6377    1.3432    2.5545    1.6838    1.8073
    880000    1.7771    1.4021    2.8371    1.2587    2.1406    1.8263    2.1992    1.3510    1.6875    1.5643    2.8376    0.2448    2.7402    1.4403    3.0729    1.6695    2.5529    1.9116    2.1684    2.2351    1.7474    1.0939    2.3215    0.8379    1.7907    0.0548    2.0155    0.6051    2.3722    1.4418    3.0914    0.5732    3.0828    2.8520    3.0256    0.7449    2.1220    1.9546    0.6925    2.3510    2.8860    0.1311    0.5140    2.5205    0.8760    1.6481    1.4829    0.9812    2.2088    0.7281    2.8858    2.0776    0.5225    0.5846    2.0824    2.9276    1.9766    2.4509    2.9888    0.2238    2.6998    1.8535    2.3090    1.2683    2.8507    2.0873    2.2307    3.0381    2.1594    2.8287    1.0956    2.3216    1.5394    2.8135    1.4389    2.4052    2.4157    1.1768    1.7437    3.1275    2.3427    2.4824    3.0024    3.0039    3.1132    3.1309    2.1113    2.5435    2.7477    1.5479    2.7870    1.4830    2.7044    1.6061    2.5912    2.1075    2.0610
    890000    1.8130    1.2684    2.9398    0.9496    2.3091    1.4044    2.5174    0.9248    1.6337    1.2948    3.0322    0.3062    2.5095    1.2134    2.9274    1.6440    2.4443    1.9060    1.9697    2.2649    1.5709    1.0929    2.3485    0.8217    1.7361    0.1044    1.9228    0.6103    2.2620    1.6152    3.0252    0.4638    3.0309    2.9490    3.0647    0.6693    2.2107    1.9619    0.6070    2.4411    2.6860    0.7441    0.0488    2.2902    0.6933    1.7698    1.4730    0.9226    2.1551    0.6436    2.9922    2.1091    0.4933    0.5972    1.9057    2.7823    1.9113    2.2939    3.1036    0.1504    2.9115    1.9688    2.3170    1.6347    2.9837    1.9921    2.3588    2.9007    2.2385    2.9373    1.2433    2.6977    1.5314    2.8912    1.0391    3.0021    2.4035    1.0117    1.3393    2.9048    2.4058    2.6307    3.0275    2.7806    3.1297    3.0875    1.9252    2.6213    2.6728    1.5602    2.7609    1.5695    2.7428    1.1975    2.3919    1.9420    1.9277
    900000    1.9302    0.8233    3.0231    0.2932    2.8086    0.2203    2.9854    0.1244    2.8809    0.1697    2.6241    0.0104    1.6822    0.9786    2.7236    1.6196    2.2660    2.1658    1.6396    2.2775    1.2540    1.1462    2.6990    0.4902    2.1462    0.8060    1.4873    0.9763    2.0238    2.1508    2.5734    0.6804    2.0683    2.0327    2.2944    0.4930    2.2997    2.1990    1.0153    2.4778    1.2907    2.6471    1.1765    0.0517    1.7389    0.0111    2.2430    0.7395    1.6468    0.2600    2.6691    1.7718    0.5980    0.2061    0.0831    1.1083    1.2871    1.3378    3.1144    0.4800    2.4933    2.4447    1.7867    2.1841    2.1020    0.4053    1.9512    1.8890    1.9022    2.8305    1.7150    0.8461    0.4714    1.3743    0.1384    1.0885    2.3103    0.7277    2.6287    1.0767    2.7868    2.9973    2.8304    2.7066    2.7775    2.7595    1.6050    2.9601    2.6150    1.0219    2.3110    1.4599    2.6507    1.0815    2.4651    1.4401    2.2032
    910000    1.8361    1.4950    3.0794    1.6830    2.3091    2.6768    1.9684    2.3072    1.8154    0.2316    2.8835    0.9602    2.7161    1.5123    2.9789    2.0237    1.8744    1.9891    1.7226    2.5614    1.1326    0.8515    2.5919    2.6319    0.8851    1.5296    2.6122    0.0796    3.1059    0.0791    2.9290    0.4513    2.9424    1.7992    2.7783    0.2532    2.4863    2.4067    1.8995    2.7918    2.1696    2.4192    2.0776    2.2075    0.8904    2.3192    1.8007    1.2991    2.3897    0.4332    2.9689    2.6130    0.3977    0.8850    2.5602    2.7880    2.0930    3.0701    3.1359    0.2045    1.4875    1.5189    0.8091    1.8156    1.7141    2.1186    0.6453    2.9180    0.7287    2.8570    0.7554    2.4108    0.4710    2.4925    1.4450    2.0532    2.5229    1.4228    2.2305    2.7551    2.2702    2.9862    2.9474    2.1728    2.9626    2.2428    2.4545    2.4900    2.9273    1.9513    3.0066    1.5849    3.1282    1.1408    2.9247    1.9712    2.6620
    920000    1.9286    0.8412    3.1222    0.4008    3.0414    0.1363    2.9964    0.2631    2.2129    0.8788    3.0552    0.1531    1.9606    1.0507    2.7258    1.6304    2.2118    2.2577    1.5659    2.3491    1.2120    1.1019    2.7394    0.7507    1.3015    0.0011    1.8698    0.9215    1.8439    2.1315    2.7755    0.1884    2.4919    2.5568    2.7008    0.6995    2.3518    2.1429    0.6311    2.5591    1.0035    2.0279    1.5239    0.4907    1.4894    0.7641    1.7293    0.7467    1.8437    0.0065    2.5875    1.6511    0.4800    0.3947    0.8352    2.0276    1.4636    1.5085    2.8922    0.3675    2.4121    2.8187    1.8460    2.1786    2.0341    0.4237    1.4590    1.9626    1.9246    3.0477    1.7713    1.3992    1.7441    3.0019    0.2850    1.3976    2.5609    0.6945    2.3633    1.2940    2.7425    2.8984    2.9167    2.5701    2.8025    3.0131    2.3299    2.4775    2.7932    0.9965    2.5260    1.3787    2.6782    1.0013    2.2665    1.5568    2.0609
    930000    1.8802    1.1242    3.0920    0.9878    2.9894    1.1440    2.2627    1.2261    1.8195    0.7139    2.9080    0.5167    2.4228    1.2149    3.0266    1.8790    1.9532    2.1330    1.4843    2.4723    1.0550    1.0805    2.8623    1.0607    0.2797    1.1595    2.3851    0.5954    2.3360    1.2429    3.0616    0.4541    3.0218    2.8907    2.9474    0.4585    2.4413    2.4565    0.1114    2.6447    2.2435    2.7909    2.2661    2.3098    0.7354    1.7550    1.6824    1.0257    2.2056    0.0988    3.0541    2.0665    0.3706    0.5431    2.1005    3.0040    1.9111    2.3244    2.7700    0.1074    3.1075    2.1990    2.7313    2.0131    2.9083    1.8430    1.7740    2.8723    1.8292    3.1100    1.0732    2.9593    1.1905    2.8141    0.8899    3.0709    2.5226    0.3165    0.1503    2.3388    2.5312    2.8462    3.1369    2.4331    3.0699    2.6764    2.4157    2.4787    2.8866    1.2721    2.8857    1.3443    2.9630    1.0550    2.8072    1.4891    2.3793
    940000    1.7182    1.5515    2.6665    1.7508    1.8502    2.3531    1.9626    1.7174    1.5226    1.6230    2.7104    0.2899    2.8767    1.7207    3.0963    1.7351    2.4382    1.7803    2.2935    2.1056    2.0674    0.8393    3.0825    1.7257    0.6235    1.4461    2.3834    1.2953    2.5090    1.4811    2.8714    1.1545    2.7123    2.4388    2.9977    1.0964    1.9235    1.9730    0.5739    2.3479    2.9735    0.7938    1.0319    2.0818    0.8861    2.4118    1.5035    0.9084    2.3735    0.4331    3.0511    0.3931    2.2878    0.5120    2.0617    2.5756    1.9227    2.8807    2.8672    0.2141    2.3827    1.9483    1.3243    0.0864    2.1329    2.1599    2.7329    3.1267    2.9066    2.7827    2.3586    2.9426    2.4957    2.7811    1.5482    2.3765    2.3733    1.1696    1.2145    2.7385    2.3856    2.4563    3.0872    2.8388    3.0607    2.9251    2.2580    2.2790    2.8390    1.3367    2.5991    1.5346    2.9077    0.9359    2.3527    1.9483    2.1429
    950000    2.0017    1.8176    0.4298    0.0247    0.1749    2.9561    0.9277    2.9528    0.9047    1.0252    1.3218    0.5988    1.0929    2.9187    1.4570    2.1611    1.5749    1.2878    2.7059    0.6782    1.6441    1.8369    1.8324    2.7737    0.7262    2.0035    1.3599    2.3589    2.9155    1.2392    2.0851    0.1946    1.7196    1.2198    1.0729    1.4675    1.2632    1.2996    2.7807    0.0715    3.1033    0.4393    1.4257    0.2653    2.0709    1.5667    1.4766    0.6881    2.9492    1.0799    2.9947    0.9698    2.7326    0.4931    1.7868    0.2588    3.1110    0.6521    0.5163    0.5818    1.4898    2.1605    1.8365    0.8222    0.0398    0.8429    1.1830    0.0304    1.1040    0.9536    2.5066    0.7407    1.3634    1.5038    0.4208    2.4868    1.0881    2.0037    1.5596    2.1172    1.4515    0.0103    2.5900    0.6331    2.5480    0.5510    2.5018    0.6509    2.8791    2.9523    1.8420    0.3814    1.4734    1.5471    1.8579    1.4289    0.9071
    960000    1.0837    2.9051    1.3345    1.2825    0.3285    1.2579    2.2403    1.9343    1.2137    2.9800    0.6568    0.0709    0.1450    2.4415    1.0270    1.8196    0.1254    0.8730    3.1283    0.7628    2.9281    0.6087    2.4460    3.0406    0.7161    1.5811    2.3237    0.1306    2.8080    0.4389    0.6597    2.2859    0.7422    2.0513    0.4370    0.9425    1.2491    1.7252    3.0292    2.9616    2.6266    1.7565    2.2974    1.4854    2.0365    2.4208    2.8427    2.4171    3.0175    2.2642    2.4797    3.0801    2.8604    2.7377    2.3389    2.4362    1.2384    1.8772    2.4250    0.7452    1.5026    0.8815    1.5378    0.0380    0.3815    0.6277    0.9955    2.9273    1.5158    1.2796    1.8622    0.0321    1.6853    0.6209    0.6237    0.8287    0.6036    0.6116    1.4884    1.8504    2.9996    0.2834    1.5985    1.2149    2.6617    0.5552    2.3333    0.8786    0.4582    1.4757    0.8252    3.0229    0.0371    2.2761    0.7766    2.7808    0.2495
    970000    1.5616    2.0818    2.1375    2.7117    1.6501    2.6675    1.9333    1.4494    2.3650    0.8700    2.9784    1.1347    2.8155    1.5583    2.8048    1.1000    2.0023    0.0318    3.0671    1.5586    2.7123    0.4218    1.6415    1.3276    2.1273    1.7104    2.2377    0.7594    2.3482    1.2809    2.9864    1.0746    2.9598    1.7349    2.9011    0.5151    2.1447    2.9869    1.5653    2.3298    2.4473    2.0393    1.8978    0.7094    1.5107    2.7539    1.5732    1.0023    2.5734    0.6217    3.0015    0.1160    2.6122    0.5086    2.2220    2.1200    1.9253    2.5359    2.9875    0.0327    1.9025    2.5674    0.3813    0.9658    2.2803    2.7754    1.4998    2.6674    2.0014    3.1056    1.1123    1.8534    2.0440    3.1233    1.8883    1.8382    2.4005    1.1063    1.6306    3.0848    2.3161    2.5181    3.0384    2.8631    3.1155    2.8848    2.3349    2.2224    2.7669    1.6757    2.3812    1.6739    2.5587    1.6696    2.3538    2.1269    1.2759
    980000    1.6840    1.7829    2.6264    2.2069    1.7980    2.7704    1.9053    1.5481    2.4699    0.9003    2.9555    1.3149    3.0909    1.4089    2.9477    1.7376    0.9813    0.7414    2.6442    2.0135    2.5938    0.1265    1.7311    0.9005    2.3619    1.6860    2.2821    0.6176    2.8845    0.6821    2.9846    0.8791    3.0628    1.6439    2.7722    0.1573    2.3514    2.8364    1.5531    2.9537    2.2955    2.2770    1.9088    1.0408    1.6924    2.5056    1.7815    1.3413    2.6333    0.7302    3.0596    0.2058    2.2006    0.7534    2.5086    2.7941    1.9503    2.6113    3.0770    0.1465    1.6121    2.4142    0.7411    1.2473    1.9096    2.4753    0.8313    2.8746    1.1001    3.0064    1.1362    2.3065    1.1024    3.1208    2.0656    1.4653    2.8045    0.8688    2.1152    2.7694    2.2532    2.9985    2.9107    2.3489    3.0266    2.2678    2.5612    2.2528    2.8690    1.9211    2.8096    1.6276    2.6532    1.6952    2.7156    1.2757    0.0207
    990000    1.9917    1.6793    0.5845    0.7500    0.5965    2.8389    1.0684    2.0951    0.0346    0.8235    1.5610    0.9522    1.0761    2.4090    1.5512    2.2999    3.1094    1.5217    2.7689    0.6198    0.4080    2.3233    0.3456    3.0453    0.0537    3.1326    1.4990    2.6877    3.0427    0.9143    2.8643    0.0492    2.0415    0.8763    1.1649    1.5209    1.3987    1.3293    2.5330    0.3985    2.9522    0.1664    2.1474    0.8073    1.8698    2.1199    1.3279    0.2920    2.8884    0.7491    3.1284    0.1093    3.0418    0.9564    2.4863    0.9006    2.8130    0.1357    1.6821    0.2212    1.4730    2.2935    0.6996    1.9601    0.0698    2.5572    2.0765    1.1172    1.5556    2.6531    1.5710    1.1697    1.5984    2.5243    1.2729    1.8172    0.5885    2.7694    1.7873    2.9435    1.5548    0.6776    2.1882    1.0406    2.9345    0.5421    2.7402    0.2832    3.1280    3.0769    3.0797    1.8812    1.7629    1.8596    2.9515    0.0262    2.7956
   1000000    1.8991    1.5035    0.2168    0.5414    0.4285    2.8642    1.0678    1.8454    0.4684    1.9015    1.6150    1.9803    1.0083    2.6850    1.8274    2.8858    0.7144    0.4835    2.7624    0.4526    0.0183    2.4571    1.6745    2.4211    0.7059    2.4946    0.6463    2.9972    3.0988    1.4116    2.5200    0.0254    1.5371    1.3057    0.9287    1.6523    1.2066    1.3741    2.5464    0.3719    2.7875    0.5928    1.5556    0.0586    2.3768    1.4961    1.2680    0.1578    2.7866    0.7597    3.0569    0.0267    2.9676    1.0632    2.5070    0.6670    2.9241    0.3414    1.4475    0.0055    1.2018    2.5609    1.0959    1.5907    0.1279    2.1653    2.1778    0.9008    1.1082    2.1528    0.4122    1.0769    1.2531    1.9170    0.7145    2.4727    0.8327    2.8444    1.6532    2.7096    1.5366    0.1738    2.2147    0.4016    2.5433    0.4506    2.8194    0.6547    2.3700    2.5582    2.2012    1.9862    0.7213    3.0960    1.5407    0.7566    0.4934
