# Step Torsion_Angles(rad)...
         1    1.3048    1.9234    2.0115    2.1821    2.2081    1.7509    2.1046    1.7103    2.1173    1.7247    2.1002    1.7239    2.1663    1.4901    2.2793    1.5443    2.3473    1.3501    2.2191    1.6405    2.2787    1.4169    2.1873    1.6852    2.3043    1.4427    2.2084    1.5563    2.4150    1.3573    2.2507    1.5918    2.3767    1.3871    2.2632    1.7085    2.2917    1.5071    2.2188    1.7524    2.2786    1.5336    2.2380    1.7619    2.2936    1.5236    2.2469
     10000    2.3667    1.1054    2.7519    1.2452    2.3302    0.8464    0.4310    1.1607    0.1513    2.3533    2.3934    0.2100    2.6273    0.0975    2.3434    2.2156    1.1894    0.7010    0.5179    1.4451    0.1085    0.3873    1.0559    2.6097    1.6020    1.4610    1.2125    2.8239    1.8799    0.3725    2.1561    1.9481    1.3119    0.7077    2.0442    1.9147    2.2135    1.1795    3.0367    0.3527    2.8776    0.1491    2.3250    1.3082    0.6304    3.0688    2.9956
     20000    2.3510    1.0270    2.2886    1.1397    2.8798    1.3235    1.8872    1.3066    1.3068    2.5165    1.7832    0.9325    1.3590    0.9958    0.0100    2.2490    2.4015    1.1717    0.4866    1.7418    0.1776    0.3831    0.1520    0.9595    0.6605    1.3700    1.7334    3.0503    1.1965    0.4082    1.2526    0.3551    1.0892    0.5741    3.1046    0.3083    1.1384    0.0157    0.9039    0.3806    2.5852    0.3383    3.0347    1.4501    1.2236    1.2794    3.1405
     30000    2.2371    1.4736    1.8941    0.9816    2.7677    1.7044    2.4429    0.2771    1.6845    2.8858    1.8739    1.2926    2.2665    0.2648    3.0434    0.3555    2.1918    2.6119    1.1553    3.0721    0.0687    0.4388    0.0679    2.2102    1.8462    1.8873    2.8558    1.0909    1.9008    0.4697    0.2378    0.8907    2.8507    0.1465    3.0497    3.0171    1.2505    0.2194    2.2621    0.7968    2.3134    0.8509    2.9391    1.0434    0.2792    1.2098    2.4519
     40000    1.1039    0.8161    1.1923    0.1865    2.9397    0.1824    1.3717    0.3761    0.1086    0.6782    0.5707    1.0159    2.3046    2.4055    1.8421    0.3591    3.0708    2.4615    2.8775    2.7108    1.8062    2.3429    1.5726    2.8972    3.0661    3.1185    1.4211    0.7319    1.3280    2.7822    1.3485    2.6327    1.3870    2.8955    1.8380    2.9805    2.8529    1.6776    2.5414    1.9466    1.3576    1.7147    2.3718    0.5177    2.0363    1.3223    2.7144
     50000    2.0020    0.6662    1.7104    0.7887    3.0399    0.4040    0.0793    2.3701    2.0209    0.4942    1.2594    0.6428    1.4489    1.4590    2.4242    0.5958    3.0280    3.0457    2.3917    2.2988    1.8585    1.9243    2.1287    1.6650    1.6982    2.1931    1.4902    0.6251    1.3557    2.2071    0.1346    2.8083    0.0466    2.8535    3.0440    2.4865    3.1025    1.7049    2.6015    0.3366    2.4157    2.8478    2.1304    2.6370    3.0127    0.6394    2.1638
     60000    2.3039    1.9489    2.0867    0.6298    2.7103    0.3715    1.5002    0.6746    0.3055    1.0167    1.8364    1.9012    2.4093    1.7407    1.5165    0.8246    2.9737    0.8293    1.8826    2.3374    2.9628    1.2675    2.7848    2.7327    1.5219    2.6812    0.8331    0.5928    1.7716    1.9481    0.6707    2.9443    1.5555    3.1154    2.8372    0.2325    2.3944    0.6088    2.0427    0.4035    0.1441    0.7713    2.0232    0.3522    1.9396    0.9503    2.9470
     70000    1.2874    0.9259    1.1339    1.9107    1.1886    0.5521    0.9666    1.2172    1.5753    0.5530    0.9066    2.3682    3.1301    1.4172    2.0130    0.5293    1.9767    2.3071    3.0782    1.2036    1.8694    0.5977    0.8060    2.8499    0.7780    0.0261    1.5485    0.0191    2.0128    2.1638    2.1134    2.3957    2.9792    2.5186    2.9376    2.6626    2.8832    0.2767    2.0304    2.2773    2.8088    1.5695    2.3858    1.9931    2.3455    0.8525    2.3381
     80000    1.9870    0.7313    2.8753    0.7924    3.0874    0.6363    3.0644    0.6652    2.3977    2.3953    1.9633    1.3834    3.0558    2.1638    2.1051    0.7034    2.7660    2.3002    2.8510    2.9770    2.1492    1.9148    0.0594    1.5587    2.3252    1.5519    1.5402    0.0075    1.1865    1.2932    2.1159    1.8921    2.0568    1.9845    2.8989    1.9372    2.9227    0.2559    1.9417    2.8239    2.6254    0.6040    2.4210    2.8947    2.5047    0.7628    2.6308
     90000    1.9882    0.6929    2.7066    0.0502    3.0628    0.2337    2.8857    0.3391    3.0531    2.0876    2.1375    1.9387    2.5452    2.8419    2.4015    0.6859    2.5550    2.1827    2.6094    3.1409    1.7809    1.9341    0.5031    1.9369    2.0609    1.4200    2.5215    0.3466    0.6636    1.2496    0.6605    2.8839    0.6302    3.0212    2.0153    2.8843    2.6436    1.0582    2.5763    1.8430    1.4472    0.3584    3.0304    0.2402    3.0085    1.9150    2.4998
    100000    2.2038    0.7373    2.5536    0.8609    2.5805    0.6784    2.9520    0.9496    2.2309    2.8136    2.2849    2.9025    2.4436    1.9365    1.7856    0.6770    2.8156    2.6904    3.0837    2.7859    2.3121    0.6240    1.8693    0.4398    2.3536    1.0245    0.2783    1.6627    0.7693    0.9201    2.3469    0.4662    2.4163    1.0631    1.3546    2.4020    0.7915    0.5529    0.7221    2.7172    2.7098    0.0318    2.7887    0.2169    2.4654    0.7977    2.8073
    110000    2.1497    0.7607    2.9255    0.6434    2.8883    0.5679    3.0225    0.2396    3.1251    1.9929    2.2954    2.1199    2.6026    2.9829    2.3777    0.8589    2.3157    1.9929    2.4408    3.0877    1.9490    2.3115    0.6040    1.8613    0.8438    0.3033    0.9796    1.0060    2.1091    1.4317    1.6041    2.0930    1.1091    3.0525    1.8738    2.2287    2.6048    0.4858    2.9340    2.7642    2.9414    0.0165    2.7490    0.7507    2.7804    2.4814    2.7893
    120000    2.4188    2.0146    2.9992    2.8693    2.2961    1.6580    0.7866    0.6293    1.0902    1.1663    2.0980    0.4002    1.9768    0.5584    2.5110    1.2293    3.1199    0.7381    1.0999    2.3382    2.3819    0.6964    3.0002    1.3809    2.8316    0.4093    2.7627    0.7025    0.2541    0.7431    1.9589    0.7530    2.0147    1.8262    3.0356    2.6985    2.9622    0.4480    2.3149    0.2614    2.1512    0.6779    2.6934    0.0329    2.9717    2.3651    2.5375
    130000    2.1977    0.7244    2.8946    1.3384    2.8433    2.8296    2.1627    2.7460    1.5787    2.8651    2.9251    0.4549    2.2308    1.9829    1.5520    1.8662    2.5457    0.4406    2.0968    0.4106    0.3034    0.7090    2.8163    0.7146    1.3898    0.8077    0.9630    0.5042    1.5001    0.3475    2.3068    0.6963    1.8974    2.6958    2.3669    2.2934    2.9699    1.4813    2.6073    1.5298    1.1944    1.8002    0.3426    0.4781    2.8856    1.2023    0.8815
    140000    1.2128    2.1872    2.6073    0.7304    3.0188    0.1495    3.0537    0.2669    2.9800    2.6880    2.4780    0.0930    2.8497    2.5504    1.7752    0.6584    2.7038    2.5688    2.9263    2.5991    2.2097    2.1700    3.1301    0.9284    2.9810    0.7155    3.1079    2.2710    1.2091    2.1301    0.1596    1.5861    1.9154    2.0427    2.8779    2.1290    2.5090    2.4649    1.7743    1.9561    1.9985    1.5904    0.3731    2.8671    2.6146    0.5910    2.9972
    150000    2.1424    1.3404    3.0285    2.6685    2.9222    1.0198    3.1108    0.5709    3.1155    2.8368    2.4734    0.4129    3.1164    1.7503    2.2163    1.2706    2.6955    1.2710    1.9241    2.1472    1.9256    1.3625    3.0536    0.7966    2.7878    0.9485    2.8844    2.3740    0.6832    1.8166    1.2153    3.0990    0.3007    2.9934    0.3442    1.8804    1.1341    0.4087    2.0505    1.0480    0.1573    0.1780    3.0128    0.0096    1.3474    1.3138    1.2860
    160000    2.1100    0.8650    3.1361    1.9090    2.6679    1.6913    3.0060    0.8207    0.5371    2.2358    2.6963    0.9880    2.6501    1.8122    1.7080    1.5614    1.7702    0.4265    2.4604    0.5352    1.4572    0.0003    2.8479    0.2086    3.1323    0.8883    2.4294    1.6886    3.0858    2.0518    2.8864    2.4912    1.5033    2.2906    3.0958    1.0069    1.5203    2.0743    2.8300    0.2749    2.9439    0.4858    0.7971    0.1529    2.8952    0.9060    1.5751
    170000    1.8511    1.3997    2.3493    0.0607    0.9878    0.0909    0.5212    1.1615    0.2510    2.6087    2.7351    0.2598    2.5096    1.8776    0.1570    0.6602    2.9243    2.7949    1.3742    1.9608    2.3079    0.4106    1.8254    1.7857    0.3370    2.3631    2.2232    2.2158    2.3318    0.0775    0.4727    0.0688    2.8750    0.5709    2.7510    3.0497    2.4173    0.2936    2.0909    1.8448    1.9929    2.5584    1.7855    1.4035    1.5673    1.1974    2.8061
    180000    2.1097    0.8053    2.9762    1.5956    2.3438    2.6890    2.1993    2.5855    1.7202    2.1791    2.8923    0.3473    2.6824    1.7414    1.6303    1.6479    2.6021    0.6581    2.0708    0.3559    0.2805    0.6346    2.8042    0.4953    1.8688    0.7333    2.6997    2.0147    1.0448    1.2899    1.5470    0.0714    1.6686    2.8070    2.3294    2.7705    2.6017    2.2440    2.3701    0.5236    3.0788    0.9146    2.5323    2.3572    3.0436    2.4089    1.0530
    190000    1.5476    0.2822    1.9933    0.7109    2.4172    0.2733    2.7173    1.6005    1.7589    1.8543    2.8421    0.6092    2.2664    0.0981    2.3856    0.5485    2.3335    2.3803    1.7760    2.2654    2.6254    1.2254    0.5272    1.0913    0.8696    1.9082    2.5259    2.3554    2.5393    1.5602    2.4094    0.3514    0.0144    1.4086    2.9448    1.2708    2.6859    2.5814    2.7452    2.3395    2.9936    2.4797    2.6700    2.3453    2.9328    1.7924    3.0247
    200000    1.7421    1.7199    3.0801    1.8103    2.9659    1.4723    2.7023    1.0824    2.7205    1.7416    1.8362    0.3651    2.9274    1.7293    2.5973    1.1551    3.0577    1.2825    2.9656    1.1403    3.0577    1.6033    3.0919    1.3822    2.8627    1.1575    2.6977    1.5956    1.2233    2.8651    0.1503    2.4386    0.6836    2.1769    3.0123    2.1475    2.6548    1.7725    1.4679    0.5734    2.4192    0.3117    1.9516    0.7246    2.3771    0.9304    2.9580
    210000    1.4682    1.1871    3.0929    0.2607    1.8770    0.3930    2.3855    0.3858    1.2045    0.0591    0.6654    1.7632    2.7263    3.0612    2.5709    0.6842    1.8799    2.4801    1.6690    3.0415    2.9175    0.1650    2.9258    0.6503    2.6539    0.3485    3.0811    2.6274    1.3404    2.3242    0.1680    2.6860    1.1372    1.6900    3.0859    2.1621    0.7202    2.7077    1.3998    1.2416    1.9797    0.0693    1.1424    0.1695    3.1092    0.3475    2.9847
    220000    2.0277    0.6391    2.9485    0.5140    1.9519    0.8463    2.1955    1.4026    2.9665    2.0647    2.2838    0.7130    2.2700    0.2152    2.1340    2.9729    2.1222    1.7915    2.8321    1.2615    1.9595    1.0537    0.7706    0.6595    0.6433    0.2559    2.2084    1.7866    2.8239    2.0825    2.3730    1.9801    2.3502    3.0495    2.2991    0.2526    2.5039    0.1066    1.2254    0.5918    2.1224    2.7026    1.5240    0.1285    0.1878    0.7616    3.1225
    230000    0.9076    1.3502    1.2555    0.9152    2.3567    0.8642    1.9051    0.8517    3.0292    1.9724    2.1287    1.0717    2.8659    1.9368    2.6752    0.4533    2.5298    2.1893    3.0685    0.3772    2.5477    1.1054    2.9636    2.0273    3.0028    1.7431    0.9270    1.2919    1.8529    2.5522    1.8593    2.5050    1.7190    3.1359    2.9402    2.0797    2.6388    1.8293    0.5686    0.9822    1.8265    2.5168    2.9842    1.1814    1.2311    2.2807    2.7097
    240000    1.1843    1.2121    0.7865    1.5299    0.0047    0.4085    1.3711    0.3779    1.2640    2.9737    2.3087    0.9832    2.1273    0.3463    2.5286    0.6782    0.4754    0.8333    3.0454    0.1866    1.3510    0.2988    2.8846    0.9693    2.2406    1.2905    3.0989    3.0959    1.8713    0.7559    2.7091    1.3847    2.1080    1.4418    0.6774    1.4135    2.1802    0.6004    0.3619    0.5364    0.2173    3.0557    0.3959    1.0967    1.9747    0.0980    2.0463
    250000    2.1586    0.6040    2.8317    0.4727    3.1235    0.3696    3.0110    0.5907    2.6704    2.6874    1.7748    1.4197    3.0861    2.1188    3.0531    0.5788    2.9426    2.6967    2.7868    2.7525    3.0544    2.9941    2.8510    0.6128    2.7103    0.7937    2.6592    2.3264    2.4541    2.9523    1.0313    2.3832    1.3444    2.2568    3.0235    1.9564    2.5449    2.6650    2.1857    0.8245    2.7963    1.7330    1.9666    0.6006    1.4732    1.7278    2.7451
    260000    2.1727    0.7652    1.9652    0.9463    2.7902    0.9462    2.2279    0.5620    2.6736    0.0043    2.8862    0.7346    2.1952    0.1864    2.2617    1.4912    1.4559    2.4799    2.7853    0.5816    1.3296    0.6049    2.6472    1.1891    2.3405    1.6917    2.9557    2.8159    2.5094    1.6423    2.2282    1.8927    2.0067    2.9826    2.1572    0.3124    2.4063    2.3707    1.0115    1.1428    2.5351    0.2353    1.1242    0.4680    3.0167    1.5489    1.2219
    270000    2.1429    0.7378    2.7926    0.3672    2.9008    0.3288    2.9901    0.9861    2.9827    1.6407    0.8077    1.8246    2.6397    0.7113    2.2835    0.0099    2.8710    2.8970    2.7215    1.8959    2.1333    0.1708    2.9152    1.8939    2.3669    2.0280    2.9627    2.7832    2.5850    1.9944    2.2612    2.1350    1.4526    2.4279    2.9387    1.5571    1.9188    2.5854    1.8696    1.4329    2.9179    0.9482    1.7308    0.7534    2.8082    1.9684    1.8051
    280000    2.2719    0.9056    2.7062    0.7373    2.5508    2.0003    3.0596    2.5898    2.4341    1.4208    1.9797    0.9750    2.1631    1.0512    1.5390    1.8002    2.3644    0.3507    2.3654    0.6282    0.6337    0.5706    2.5789    0.4176    2.5011    1.3029    2.7776    2.5406    2.8549    2.3975    2.4872    1.8264    2.9640    0.2015    3.0704    0.5012    2.8109    0.8533    1.8683    1.0366    3.0661    0.2602    0.6113    0.1030    2.5423    0.5188    1.8903
    290000    0.8731    2.8963    1.6439    2.4182    1.4874    0.3401    2.6670    0.7583    1.0877    0.3689    2.8442    1.0812    1.9003    3.0219    1.3294    1.2173    2.8118    2.9536    2.7097    2.4395    2.1124    1.8883    2.8047    0.7991    2.1257    0.1187    2.7175    2.4580    1.2883    0.3457    1.7277    0.7372    2.8073    1.1526    3.0735    2.4899    1.8166    2.7839    1.2214    1.7771    2.0234    0.5077    0.8830    2.8805    2.5692    0.6594    2.5943
    300000    1.9050    1.9540    2.1688    1.6457    0.1919    0.1221    0.2333    1.7377    0.2876    2.2135    2.7582    0.3838    2.0335    1.5364    2.0633    1.1517    1.0051    1.5371    1.4092    1.4987    3.1289    0.6245    2.6918    2.8631    1.9557    2.7677    3.0496    3.0017    2.6556    0.5344    0.7599    0.3773    2.2261    0.4686    2.8369    2.3657    1.9654    1.6286    2.4207    1.2701    1.4576    0.3625    2.2015    2.2810    0.2958    0.5957    1.4899
    310000    1.4990    0.6401    2.8839    0.7804    2.1426    0.5001    0.4756    0.1579    2.8784    1.9733    1.1128    2.2218    2.0448    2.4536    2.1155    0.1505    2.0364    1.3004    3.0665    0.6662    2.4380    1.3463    2.9330    2.1174    1.8636    1.4484    2.4074    2.2531    2.6468    3.0660    1.8252    2.1562    2.1815    3.0902    2.9673    2.1961    2.3693    2.5724    0.3246    2.7900    1.9799    1.6027    1.1004    2.1709    1.1102    2.2029    2.0812
    320000    1.8397    0.8736    2.4346    1.4128    1.9897    1.4161    0.4271    2.9563    2.9784    0.8204    2.3117    1.1549    1.7055    2.9550    1.6607    0.6779    2.0765    0.3733    3.0826    0.1683    1.7003    0.0490    2.4231    2.8874    0.7531    1.8697    2.1872    2.4451    2.7667    2.9704    1.4853    1.5721    1.8982    2.6751    2.8138    2.9550    2.8192    2.3293    0.0272    2.3551    1.3716    0.3270    1.3283    1.8196    0.0404    0.3312    2.1319
    330000    1.4758    0.6520    2.6956    0.0602    1.9966    0.2655    2.1359    1.8329    1.1523    0.2992    2.3352    0.4508    2.9534    2.3285    1.8704    1.1484    1.3678    1.5950    2.6007    1.0014    2.0585    0.2495    2.7875    2.3024    2.5447    2.8470    3.0709    3.0663    2.5674    1.6313    2.3848    1.2259    2.3632    2.7784    3.0078    2.9417    2.7641    1.9833    3.0377    0.9398    2.8739    0.7372    2.8405    0.5812    2.0778    1.4147    0.7677
    340000    1.5256    0.9347    2.9036    0.3264    0.2846    1.9236    2.5337    0.9378    0.5723    0.0245    2.4630    0.0034    2.7040    2.7393    2.4888    0.2927    2.3724    1.9026    2.2563    1.9550    3.1292    0.1244    2.7882    3.1311    2.3356    2.4904    3.1141    2.9360    3.0259    2.0524    2.5315    1.8718    2.3135    2.6077    2.9993    2.7023    2.9491    2.2470    2.9422    1.5812    3.0470    1.4176    3.0419    1.5040    1.5870    1.9110    0.0512
    350000    2.0739    2.5208    2.8119    3.0113    2.6033    0.9465    3.0972    0.5295    1.3441    2.8756    2.7237    0.9293    2.7043    1.4108    2.3386    2.1445    3.0145    1.1558    1.4322    0.9163    2.8286    1.2247    2.8228    1.1865    2.3989    0.9504    0.3996    0.5980    2.0869    1.3328    1.2125    0.0847    2.7683    1.5879    3.0704    1.3575    2.2837    0.5526    3.0832    0.3734    3.1368    0.5033    3.0211    1.3914    2.2727    3.0557    2.5623
    360000    2.1501    0.6221    2.1963    0.5821    2.9199    0.7698    1.5394    2.3896    2.3064    0.4357    2.6048    0.1789    3.1320    2.0558    1.9751    0.6337    1.7133    1.4480    2.8255    0.8535    1.7634    0.5489    2.7998    2.3189    2.5734    3.1252    2.9603    2.7464    2.4735    1.6530    2.2192    0.6820    1.9788    2.1389    2.9825    3.0882    2.3384    2.2254    2.0757    1.8822    2.7691    1.2155    2.0847    0.7988    1.3004    0.6946    0.0487
    370000    2.0201    0.6304    1.9546    0.6091    2.6257    0.2082    1.5964    1.1584    1.2950    0.2016    2.0313    1.0121    2.2262    2.7799    2.4311    0.1885    2.2992    1.2528    2.9449    0.9748    2.7898    2.3935    2.3883    2.5608    0.9377    0.9942    2.4526    1.9441    2.9496    2.3303    2.3847    1.8997    2.3998    2.9998    2.3571    2.4887    2.8783    2.1300    1.2362    1.4733    0.7554    0.0489    1.5826    2.0337    1.5230    1.2532    1.7764
    380000    2.2245    0.7367    1.9891    1.1519    3.0329    1.1789    1.7122    2.4288    2.2903    0.2576    2.7992    0.2455    2.4457    1.7424    2.1522    0.3358    1.9398    1.3744    3.0761    0.8136    1.8879    1.4900    3.1323    2.8561    2.4395    3.0739    2.9903    2.8749    2.6686    1.5011    1.9113    0.1715    1.9663    1.2457    2.5891    1.0833    2.8622    1.7436    2.9401    0.9890    2.9371    0.7106    2.9677    0.6109    2.7008    2.0823    1.5825
    390000    2.1317    0.5834    1.5547    0.7877    2.8265    0.1814    2.2510    0.0378    1.2082    0.9863    2.6026    0.4720    2.7245    2.4818    2.7025    0.6013    2.7560    1.6110    1.2466    3.0758    2.8298    0.8955    2.9604    1.6029    3.0548    2.1841    2.5083    2.2873    2.5731    1.8399    1.9187    3.1095    3.0524    2.1338    3.1013    2.7028    2.9799    1.7775    3.0311    0.9570    2.7696    1.0012    2.3464    2.4368    2.3969    0.4721    1.0966
    400000    2.4195    2.6841    1.9216    0.8282    2.4359    1.4959    1.1960    2.6603    0.4907    2.2585    2.8585    0.4738    2.1456    1.9458    2.3987    1.8101    3.0689    1.5404    2.4120    1.1163    3.0238    0.0701    2.6945    1.2878    0.7210    1.2678    2.5842    1.9473    1.0687    0.8459    0.4001    0.6776    0.7165    0.3152    0.0256    2.9587    0.8640    0.1589    1.5812    0.5379    0.9993    2.5503    1.6991    0.4211    1.1458    0.8105    3.0153
    410000    2.3346    1.5255    2.0037    0.6140    3.0545    0.7242    2.6627    1.3398    2.2335    2.8568    2.6335    0.1245    2.4700    2.2049    2.6467    1.7454    3.0493    1.6984    0.3084    1.2654    1.8421    0.6335    2.4924    0.3717    0.7892    1.9027    2.9995    2.2176    1.6661    1.4606    0.1910    2.6180    2.6614    2.4866    1.3187    2.8147    1.9424    0.5565    1.3188    1.0577    0.7668    0.3678    1.3026    2.7906    1.1192    0.1048    2.7036
    420000    2.2754    1.0710    2.7001    0.8254    3.0483    0.8215    1.5692    1.6323    1.0169    1.9358    2.8524    0.0093    2.4472    1.8345    2.9460    1.0293    3.0234    1.8391    2.6358    1.0945    2.9687    0.3099    2.8066    0.7649    0.2860    2.9057    2.7176    1.3777    2.3137    0.2629    1.4367    1.1606    2.9529    1.7065    2.4103    1.9579    2.8169    0.9724    2.2700    1.2154    1.2859    0.1655    2.3747    2.6907    2.4667    2.8390    1.9818
    430000    2.3638    2.7207    1.2903    2.8871    1.4729    0.4766    0.9446    2.7478    0.4529    2.2921    3.0625    1.3113    0.7135    1.0704    2.3003    1.2342    2.6881    1.0179    3.0419    1.4350    1.8197    0.5179    2.8734    0.9481    1.2668    0.8934    2.6425    1.8986    1.4046    0.1316    1.1166    0.3353    1.4239    0.0073    1.3512    0.2107    3.1095    0.2078    2.9657    0.2820    1.1588    0.1522    2.4663    0.8423    3.1327    1.0009    2.7062
    440000    1.5748    1.3583    3.1403    0.7801    2.5343    1.0930    2.8659    0.3537    2.7769    2.1033    1.9882    0.7759    2.5051    1.6044    2.9412    2.9238    2.8034    2.6600    3.0236    1.1916    2.9919    2.0620    2.9909    2.0151    3.0871    2.0587    2.2778    1.4501    1.7163    2.8693    1.8243    2.5566    2.5972    2.7739    1.4776    2.2215    2.9988    2.0020    0.3366    2.6540    0.7415    0.4494    1.8906    1.2066    0.4118    2.0264    2.3822
    450000    1.6722    2.1957    1.7414    2.0535    0.1424    1.5056    0.1685    0.2018    0.0885    2.0939    2.8795    1.3785    0.3370    1.1125    1.7832    1.8922    2.4288    2.8530    2.3474    1.8673    3.0804    0.8023    2.6089    0.1840    1.9742    0.6211    2.7081    2.9245    1.9213    0.2665    1.4573    1.1843    2.8740    0.7501    3.1113    1.5693    3.1210    0.3182    2.1025    0.5452    0.2951    0.4291    1.0842    0.1503    3.0569    0.1249    2.9919
    460000    1.3252    2.4721    2.5320    2.6325    3.0236    1.4665    2.7366    0.0025    1.2538    2.0879    1.8370    1.4589    1.2501    0.5021    1.8332    1.2819    2.2197    2.7980    2.5610    2.8888    3.0704    2.5926    3.1266    2.6730    2.7389    2.2641    2.8134    0.9490    1.7525    0.9105    2.6511    0.5635    2.9912    0.0409    2.6255    0.7010    2.0123    0.8928    2.4438    1.0769    1.9237    0.2747    0.8264    1.8464    2.7913    1.9701    2.8357
    470000    2.4294    2.7074    1.6170    2.8908    1.6303    1.9627    1.3180    2.0806    0.9844    2.0423    2.9380    0.2032    1.9871    0.7640    1.8802    1.4444    2.6537    2.1056    2.7877    1.6539    1.3340    1.1238    3.0595    0.2559    0.4797    2.6228    2.4453    2.4716    1.3610    1.6247    0.2368    2.5223    2.0996    1.0693    3.0704    2.4187    1.3603    1.5427    1.7278    0.8103    2.2073    0.2354    0.9984    0.4697    1.1215    2.3871    2.4159
    480000    2.4769    3.0140    2.5239    1.6744    2.3032    1.6350    1.5549    2.8629    1.2852    2.1569    2.8010    0.6659    1.1948    1.6213    2.7045    1.4872    2.3352    2.4725    1.1833    2.0850    2.2466    0.3257    2.5768    1.2558    0.0453    1.6256    2.2574    2.0779    1.2550    0.5648    0.2110    1.1322    0.4414    0.0084    2.7025    2.5782    0.5885    2.6667    0.9794    1.3350    2.0759    0.6799    0.2055    1.6076    0.6169    1.3866    3.0660
    490000    1.9563    0.9985    2.6449    0.0662    3.0845    0.0564    2.8851    0.3316    2.7942    2.4838    1.7136    1.1876    2.7776    0.4327    1.9681    1.6763    3.1068    0.8303    2.9190    1.1125    2.4194    2.1507    3.0204    1.4968    2.5376    1.6634    2.5812    1.5050    2.3725    1.5627    1.9960    1.4032    3.0176    1.6426    1.3609    0.2160    2.6246    1.5853    2.2009    2.0417    2.0358    0.0261    2.0956    1.1083    2.6866    3.1282    2.9218
    500000    2.2694    1.1004    2.4400    0.9894    2.8975    1.0002    2.7892    0.5143    2.5983    1.6785    2.6156    0.8889    2.9425    2.6018    2.9753    1.5876    2.7033    3.1267    2.2584    2.7189    3.1277    0.9132    3.0194    0.6734    2.2812    2.6917    2.8616    2.5061    2.8493    3.0299    2.9357    2.8602    2.3968    2.0483    1.9772    2.5874    2.1485    2.2707    2.5089    1.4701    2.8923    0.2094    2.0391    2.9614    1.2392    0.4920    1.5345
    510000    1.5281    0.6310    1.6525    0.7349    3.0818    1.0664    2.2172    0.5659    2.6061    1.3343    3.1133    1.3316    2.9608    0.2389    3.0978    1.8761    2.3342    2.7050    2.7817    2.8793    2.0834    0.7479    3.0690    1.1413    2.7261    2.3253    2.0388    2.6455    3.0855    2.3017    2.8620    2.5074    2.7546    1.8687    2.6915    2.0588    1.9399    1.9693    2.8502    0.6707    2.9057    0.0705    1.9612    0.0889    1.0170    0.0558    1.4388
    520000    1.9375    3.1276    2.7992    2.6960    1.8755    2.5750    2.6268    1.7383    2.0878    2.6834    2.3522    0.5070    2.3991    0.2838    2.0336    0.7262    2.9677    0.7677    2.8323    0.4193    1.0756    1.5080    2.8427    1.4347    2.9525    1.6873    2.1473    1.5490    1.4014    1.2600    2.1969    1.0045    2.9556    1.2908    1.6264    1.2183    2.4687    1.1878    2.0905    2.8788    2.2715    0.2070    3.1266    1.6818    1.8695    1.7293    2.8869
    530000    2.3748    1.3880    2.1379    0.7821    3.1265    1.9516    2.0032    2.0209    2.2085    1.9552    2.8279    0.3841    2.8634    1.0748    2.9712    1.4393    0.9853    1.8619    1.9127    2.7011    0.2302    0.1531    0.1688    2.5350    2.8251    2.5159    0.8689    1.3564    1.6007    2.0631    1.6682    2.9090    1.7294    1.1890    1.6911    2.5743    2.7516    0.6493    0.2916    2.0650    1.8166    0.2864    2.1235    2.9335    1.2051    3.0675    2.6179
    540000    1.8294    0.9717    2.9255    0.3106    2.9527    0.5135    2.7458    0.6724    2.5923    2.3371    1.7462    0.7628    2.8811    0.0624    3.0269    3.0198    2.9595    0.3389    1.9750    0.3473    2.9999    2.7729    2.8309    2.0134    2.7288    2.1938    2.9434    1.3002    2.2463    1.8682    2.1116    1.0614    2.9257    1.0647    2.9572    1.0035    2.4398    2.0728    0.0315    2.0648    1.7005    3.1295    2.2802    1.5487    1.4719    2.9432    2.2028
    550000    1.4383    2.8082    1.4655    1.6993    2.5627    1.9353    2.8280    1.8727    1.1749    2.9292    2.6416    0.4443    2.5823    1.4077    1.2294    1.5248    2.1827    0.1076    2.4115    0.6471    1.7088    1.1396    2.3640    0.1091    2.5418    1.9612    2.6979    2.9757    1.7979    0.7273    2.3908    1.0305    2.7394    0.5994    3.1160    0.8754    3.0795    0.5339    2.2483    0.4726    2.8230    0.1744    3.0422    0.0160    3.0656    1.0295    1.7706
    560000    0.6636    2.9746    2.7874    0.5493    0.1548    2.0898    1.3075    2.6761    1.1429    2.4593    3.0496    1.0337    1.8259    2.2672    1.9936    2.0652    2.5309    1.4574    2.0429    2.5936    1.6314    0.4566    0.1658    0.6041    1.4764    1.0949    1.0692    1.1062    0.6094    0.9849    1.9667    0.5896    2.6974    0.9130    2.0996    1.6134    2.2645    1.3430    0.5076    0.3085    1.3752    2.7281    1.1246    0.4086    1.0021    2.9473    2.6881
    570000    2.0401    2.2160    0.2350    1.4765    1.7728    1.0662    1.2814    2.4140    0.3129    2.9577    2.4968    0.3828    1.9740    1.9309    2.6548    1.9499    2.6318    1.7207    2.9466    1.7956    2.3805    0.2485    2.7522    1.5168    1.9438    1.8151    0.8832    0.8381    0.9850    0.4364    0.0428    0.3266    1.5052    1.3791    2.7072    2.5390    2.0987    2.1153    1.5993    2.3076    0.8814    0.2070    0.7269    0.6541    0.5654    1.1278    0.2848
    580000    2.2224    0.6694    2.0769    0.9650    3.0028    0.4563    1.6166    0.8462    0.7115    0.5183    2.5445    0.6775    2.1213    2.2158    2.8457    1.0971    2.9706    1.4897    0.4438    1.2350    0.2082    0.6213    1.6226    0.6258    2.2852    1.7979    0.5745    0.2976    2.7549    0.1812    1.2362    1.4823    2.1940    3.0502    2.6230    2.7507    2.6167    3.0361    2.5603    2.4858    1.5709    1.4462    2.9543    0.5425    3.0716    1.5228    2.0989
    590000    2.0174    0.8212    2.2526    0.7629    3.0724    0.5889    1.7521    0.6845    0.8885    0.1703    1.9260    0.5217    2.2833    1.5320    2.3892    1.7993    3.0268    0.1057    2.2945    0.3639    2.8106    2.0572    3.0682    1.4521    2.9528    2.1489    3.0465    1.4471    1.9644    2.3687    2.4070    1.5959    2.9028    1.8328    2.6943    1.7872    2.6718    1.5139    0.7866    1.5404    2.1046    0.8028    3.1144    0.3819    2.1456    1.8660    0.7869
    600000    1.1836    2.4381    2.4327    2.3875    2.3909    0.0490    1.5368    0.4212    0.1207    1.9125    1.8400    0.6500    2.2549    1.4648    2.1118    1.6867    2.9559    2.6596    2.8064    0.6627    2.0523    2.0318    2.8669    1.7300    3.0677    2.0490    3.1100    1.8616    2.0790    2.3323    2.6292    2.4781    2.6341    2.3269    2.3970    2.5633    2.3532    1.0728    1.3845    1.7143    0.0773    0.8505    1.2193    1.0883    2.6150    2.8589    3.0714
    610000    1.7667    1.8968    2.5868    0.8797    2.9750    1.2557    1.6296    0.8061    0.9569    2.9984    2.0605    0.9555    2.2839    0.4553    0.8287    0.6663    2.9303    0.2462    2.6656    0.0110    2.1515    1.3375    3.0378    0.5396    2.6354    1.3586    2.8961    2.9108    0.9038    0.2241    2.5882    0.2736    3.1132    1.0231    2.7489    0.1527    1.9859    0.8164    2.1382    0.9961    1.1195    0.2498    2.4642    0.3098    2.8813    2.2900    2.3740
    620000    1.2509    1.0910    2.1640    0.6380    1.8971    0.3719    1.0659    0.4237    1.6248    2.1379    2.2990    1.0599    2.7565    1.2918    3.1250    2.2417    2.4560    1.5984    2.6622    2.6435    3.1346    2.9392    3.0951    1.8957    2.8034    2.0357    3.0011    0.7938    2.5827    3.0741    2.6664    2.7100    2.9542    2.5880    2.7574    2.1967    2.5707    2.6313    1.2704    2.5260    2.1098    2.2107    1.8544    3.0140    1.7555    2.2972    2.1952
    630000    1.7164    0.5922    2.5625    0.1932    0.1115    1.3403    0.8219    1.2608    0.0841    1.0118    2.9849    0.3894    1.8643    0.2056    1.6047    1.9483    3.0093    3.0724    0.3429    0.4015    3.0898    0.6370    3.0035    0.1584    2.1146    2.0872    1.3728    1.9341    2.4083    0.2465    1.3882    0.7469    0.2287    0.8540    2.5099    1.8624    1.0538    1.1622    2.5669    2.9884    0.3774    0.1581    1.2055    0.3070    0.0281    0.7997    0.7855
    640000    2.0260    0.6176    3.0051    0.5148    2.0443    1.1755    2.2442    0.8158    2.4451    1.6930    1.8140    0.8225    2.7429    0.4189    2.7622    0.5651    2.3023    1.3965    2.6935    1.9824    2.3497    2.6581    2.8616    1.5014    2.8732    1.2350    1.4482    0.9813    2.6410    1.8166    2.9260    1.7762    2.4284    2.9680    2.6944    2.5180    3.0893    0.7751    1.6289    1.0888    2.3233    0.8220    2.3583    0.1120    2.7835    0.3705    2.9221
    650000    2.2704    0.8057    2.5854    0.5874    3.0185    0.7279    2.6986    0.6056    1.4082    0.7305    2.6859    1.8033    2.9715    1.2297    3.0335    0.3414    2.4811    1.6352    1.0743    2.4299    2.1665    0.0036    3.0367    1.1808    2.9151    1.9468    2.1900    2.8835    3.1153    0.9271    1.4788    1.2411    2.2307    0.7676    3.0109    0.1508    2.4393    1.0904    3.1356    0.5783    1.2425    1.2231    2.5830    2.0764    0.5014    2.9838    1.8032
    660000    1.8301    0.8620    1.8484    0.6834    1.9703    0.2087    0.6162    1.4558    2.8485    1.3182    2.3840    1.0296    2.2794    0.1665    1.9012    0.9682    1.7017    1.1612    3.0291    0.3938    1.4289    0.0805    2.9923    3.0808    3.0523    0.4803    1.8505    0.6240    2.7784    2.3617    2.8548    2.8091    2.9960    2.8172    2.6293    1.4839    2.0316    0.0339    2.1515    1.4161    2.2371    1.6968    2.0675    1.4131    2.5191    1.8309    1.3827
    670000    0.6952    3.0436    2.0836    2.2888    2.0389    1.9676    1.1019    1.8854    0.5615    0.6599    3.1012    0.4812    0.2898    1.0196    2.0534    1.0557    2.1069    0.4720    2.6501    1.9617    0.1486    0.0293    1.5178    0.1605    1.3831    1.9337    1.1955    0.5188    0.1504    0.3599    0.5797    0.9964    2.2128    0.9576    2.1674    0.2122    2.8634    0.1408    2.6461    0.2056    1.1928    1.3289    1.7736    1.9951    0.3661    2.9440    2.2612
    680000    0.9734    3.0944    1.5332    2.7413    2.2315    0.7298    0.6263    0.0739    0.5786    1.4486    2.6276    0.2904    0.3861    2.3795    0.5550    2.9687    2.0512    0.3409    0.8015    2.4029    2.7123    0.3931    2.9136    0.3075    2.6057    1.7232    1.9663    0.4877    0.0691    0.8300    1.7491    1.2065    2.4526    2.5546    2.5426    3.0066    2.6876    2.7973    2.1915    2.3813    2.3621    1.2955    0.6637    2.3170    2.8440    2.8891    1.4959
    690000    2.1548    1.4057    2.9611    1.9929    2.8854    1.2386    0.8417    1.8317    0.7628    1.3063    3.0633    0.0552    2.0022    1.6195    0.6281    2.5055    1.5676    0.2094    1.7470    0.4898    2.6755    0.7973    2.9046    0.3109    2.6868    3.0773    2.5373    1.2259    1.0553    1.6892    1.3765    1.7590    1.6912    1.5760    2.1166    2.0234    2.0876    2.4735    1.2574    2.8713    2.7926    1.2305    0.3082    1.5743    2.9467    0.5516    2.3340
    700000    2.2399    2.3607    2.7221    2.8409    2.6523    0.2217    2.3445    1.8539    1.0526    2.1246    2.9847    0.3797    2.8663    0.8703    2.2431    1.5230    2.6230    2.2267    3.0404    1.0763    2.1073    0.2960    2.4792    1.5594    2.6553    2.3647    2.6445    1.8448    0.5330    0.7228    2.4668    1.8704    2.2327    2.8644    2.9500    1.4233    0.7542    2.8020    3.0323    1.5166    2.9924    0.7161    2.4031    0.8222    0.9202    2.1176    1.2550
    710000    1.6809    2.8102    2.8122    2.6878    3.0252    1.7414    0.4362    0.2594    0.8895    2.1356    2.9694    0.1154    2.7465    0.6156    1.7087    1.9973    3.0137    1.3308    2.9102    1.3802    3.1025    2.2312    2.9375    1.6588    2.6157    2.4685    2.5334    1.6323    0.0058    1.3863    2.1704    3.0811    2.5577    2.3049    2.5227    2.5238    2.5401    2.5875    0.1815    1.0804    3.1063    1.0981    1.3137    1.4535    1.6853    0.3459    3.0096
    720000    1.8242    1.6179    2.8212    1.5653    2.7722    0.8017    0.6674    0.5657    0.8978    1.9137    2.8674    0.1562    3.0512    1.1397    1.9442    2.4555    3.0498    1.7006    2.3690    0.7975    3.1174    2.7054    1.2954    1.4551    2.4958    2.5544    2.6398    1.0475    1.1522    2.5601    2.6019    2.2721    2.0875    2.0797    2.3099    2.8819    2.5868    2.2249    2.1101    1.0554    2.6349    0.2275    3.0467    0.3900    3.0701    2.1904    3.0637
    730000    2.1831    0.8390    2.8410    1.0775    2.8993    1.0404    0.8366    1.0110    0.4184    1.4967    2.9387    0.3078    2.1743    0.4147    1.4291    0.1640    3.0357    1.1065    2.0658    0.7159    2.4646    1.3801    2.5484    0.5566    1.8666    1.7688    2.0595    0.6344    0.5048    1.3508    2.6615    1.8504    1.5509    2.1556    1.9935    1.6143    2.9187    0.1298    3.1143    1.0255    2.2894    1.9277    2.9674    2.3426    2.8917    3.0356    2.1253
    740000    2.1163    0.6182    2.3291    0.8895    3.0813    1.0751    0.1507    0.3568    0.6918    1.4614    2.4355    0.2255    3.0474    1.4571    3.1184    0.4762    2.7570    0.9647    2.2312    0.7745    2.1185    1.3262    2.6850    0.6016    3.1056    2.3694    2.8583    0.5613    2.5206    1.9243    2.6418    3.1327    3.0697    2.3252    2.3487    2.3969    2.5951    2.6116    2.4505    0.9389    2.3510    1.6860    2.0925    0.6767    2.0600    1.2027    2.3934
    750000    2.0423    2.1519    0.3258    1.1177    1.3196    0.6374    0.6643    2.1543    0.9156    0.1071    2.7976    0.5575    2.8157    0.7523    2.0990    0.5150    2.8554    1.3034    2.8791    2.3090    2.6514    0.2249    2.0734    2.5107    2.8463    2.4616    2.3455    0.4344    1.8149    0.1631    0.2985    1.6965    2.3518    1.5957    2.6738    0.6389    2.5721    1.4448    3.0254    2.5853    2.4383    0.9104    1.5366    0.6642    1.7109    2.1571    3.0696
    760000    2.3874    1.4920    2.1471    0.8265    2.9311    1.8827    1.8469    2.7477    1.9798    2.5588    3.1169    1.5355    2.6085    0.5546    3.0393    1.3212    2.7957    1.7129    2.8194    1.8731    3.0181    0.1483    3.1383    1.5097    2.6508    2.4017    2.4438    3.0900    3.0331    0.0691    0.5756    0.8359    2.4553    0.5091    2.6429    0.6449    1.6508    1.2322    2.3017    2.3059    0.1481    0.3361    0.8831    1.6236    1.9176    3.1301    2.8498
    770000    2.2233    1.1531    2.3734    0.9303    3.0293    1.1241    2.7320    1.4152    0.8895    0.5876    3.0801    1.5792    1.8067    0.1994    0.1118    0.5530    3.0487    1.4106    2.1343    0.4554    3.0916    1.3104    3.0648    0.0980    2.6560    1.2979    2.5442    1.7618    1.8367    0.4779    0.2564    0.0281    1.5678    2.5521    1.7426    1.9901    2.7957    2.3378    2.6020    0.1233    3.0112    2.1294    2.9569    2.2807    3.0606    3.1215    2.6901
    780000    2.3221    2.2511    1.7620    2.1823    2.3379    0.8568    0.8136    2.4409    0.7727    1.0177    2.9654    1.3797    2.8166    0.2440    1.1714    1.3616    3.1176    0.5693    3.1152    1.5189    2.8024    1.2262    3.0855    0.6223    2.5128    2.0477    1.9120    1.3003    2.1990    0.3184    0.8721    0.5840    0.2540    1.2015    2.9364    0.5948    2.9438    1.9165    3.1073    0.1051    2.3887    2.5286    1.8871    2.6659    2.5549    2.7028    2.8146
    790000    2.2700    0.7600    2.5461    0.3310    2.3442    1.2152    2.7578    1.5662    2.1131    0.0863    1.6321    0.2594    0.9186    0.3055    0.7687    1.7825    1.9375    0.0045    2.1031    0.7711    2.2151    1.1137    2.8654    0.8502    2.3100    2.9673    1.5501    1.3841    2.9765    1.2500    0.4243    0.9525    2.0596    1.1019    2.7708    1.6370    2.5450    2.5764    2.7349    1.2159    2.9536    2.1409    2.9227    2.7327    1.4645    2.5150    0.3711
    800000    2.4772    2.7574    2.5086    2.5294    1.8664    2.2896    2.6976    0.0550    1.9589    2.7215    1.0909    1.3146    0.0830    0.1836    0.7235    1.5723    2.9001    2.0049    3.0857    1.7102    1.3677    0.8835    2.1639    1.4480    2.4051    2.8416    0.2549    0.8981    2.3990    1.9684    1.2998    2.4201    1.8821    1.8454    2.7067    0.8354    1.8832    0.5693    1.7161    1.1379    1.3755    0.1259    1.7874    0.3258    0.0038    0.4147    3.1244
    810000    2.2031    2.0872    2.0446    0.6852    2.9157    0.1204    2.8732    2.1739    1.1489    2.8916    2.7281    2.7757    1.6091    2.3224    1.8781    2.3142    2.6118    0.1023    0.9504    0.9758    1.3370    1.7129    2.9509    0.4497    2.9222    0.3880    3.1366    0.0937    1.7711    0.0736    0.4479    1.3462    1.9683    2.9904    1.8264    3.1108    2.6364    2.9023    1.7612    1.4929    2.3073    0.5565    2.2639    0.5835    3.1045    2.9009    3.0056
    820000    2.2650    2.6703    2.2324    2.7595    2.1759    1.9817    1.7139    2.9729    1.2087    2.4069    3.0690    2.5274    1.7879    2.1878    2.4299    2.5637    2.4236    0.0988    1.3989    0.4977    1.9912    1.8749    2.8782    0.2196    3.1275    0.7069    2.0185    0.4109    2.3653    1.4380    1.9433    2.6987    2.7287    2.8037    2.2326    2.1561    3.0397    2.4827    2.0499    1.3601    2.6733    0.0458    1.8838    0.5990    3.0239    2.0424    2.8739
    830000    1.5484    0.6597    2.8266    1.7070    1.8522    1.7751    2.1315    2.4772    2.2482    1.7892    2.3086    1.1235    1.3383    1.4703    1.7885    2.6076    1.5374    1.3012    2.6874    0.4395    1.3828    0.2975    3.0643    1.9876    2.3519    2.8199    1.7889    2.9359    2.3729    1.1874    0.7343    1.6950    3.1279    1.3008    2.8359    0.1881    2.7476    0.3265    2.4042    1.8807    2.8370    0.0568    0.2306    0.0500    2.0106    0.1576    1.6040
    840000    0.9278    2.9351    3.0968    0.0487    0.6131    0.4607    0.4024    1.7335    1.4793    2.4912    3.0148    1.8066    1.1494    0.2732    3.0712    2.2767    2.6186    0.8536    2.2559    1.7043    2.3863    1.2012    3.0475    0.0887    2.9570    1.6941    2.1052    2.9283    2.2910    1.1970    1.9048    1.1090    1.7517    2.9521    2.7902    3.0618    2.4425    2.1269    3.0879    0.9562    3.0680    1.3139    2.4746    1.5331    3.0607    2.9260    0.5275
    850000    2.0319    0.8092    2.8685    0.8516    3.0604    0.5201    2.4462    0.3836    1.5121    3.1399    2.3456    1.8840    2.9011    1.4576    0.6442    3.0397    2.3645    0.2006    2.8725    0.2430    2.4704    1.4920    1.8476    0.2157    1.7649    1.6376    2.5272    0.3117    0.9095    0.3580    2.5115    1.9007    2.1961    2.3951    2.4846    2.2890    2.2369    2.8259    1.7590    0.0133    2.7530    2.9150    2.0775    2.0064    1.7274    2.4113    2.5564
    860000    2.3852    1.6611    2.0557    1.1176    3.1133    2.1958    2.2296    2.4232    2.0173    2.5727    3.1026    2.7345    1.2384    1.6040    1.4577    1.2598    1.5358    0.4129    2.7893    2.2975    1.2422    0.6977    2.2818    1.5225    2.2527    2.8703    0.2024    2.8545    2.9395    2.7997    1.5078    2.4459    1.6146    1.4850    3.1224    0.8578    2.0147    0.6965    2.2687    1.3344    0.8559    0.4872    2.5879    0.6648    0.1267    2.7403    1.5760
    870000    2.0833    0.7060    2.7954    0.4328    2.1875    0.6875    2.2843    0.8929    2.8579    2.2673    1.7210    0.0948    1.8331    0.7909    0.1958    1.1315    2.9850    0.3358    2.2348    0.5305    3.0518    2.4134    1.7313    0.2257    2.0274    1.8720    2.3195    0.1669    1.7322    0.5697    3.1057    1.3258    1.8563    2.5542    2.5252    2.3721    2.5592    2.9310    1.6880    0.1346    2.7307    2.5560    2.6922    1.8326    2.1563    2.7686    2.6668
    880000    0.9897    1.3376    0.1182    0.8491    2.0453    0.1962    2.4413    1.7575    0.3793    3.0543    1.1854    1.3295    2.6654    0.7319    3.0248    2.4870    2.8211    0.8112    2.8059    1.3070    1.9623    1.0250    2.3381    2.1532    2.8789    2.3050    1.4616    0.6573    2.2750    1.5114    2.0688    2.4617    1.1282    2.4546    2.6737    0.9485    2.6194    2.1913    2.9594    1.0517    0.0284    1.3571    2.7004    2.5764    0.5097    1.9805    2.8594
    890000    2.1545    0.9668    2.9387    0.8354    3.0114    0.1622    2.5182    2.1319    3.0708    2.3215    2.2351    1.0241    1.6015    1.4956    2.3598    2.2423    0.7518    2.9829    3.0949    1.3339    1.4563    2.2150    2.7358    1.5121    2.9953    2.2992    2.5512    2.8949    2.1665    1.1407    1.6898    0.9234    2.1133    0.7980    3.1072    0.1630    2.4316    2.9277    2.3982    1.6246    1.7547    0.2986    2.3132    0.0183    3.0760    2.2875    1.3653
    900000    0.9763    2.7023    3.0716    2.8833    2.4723    0.0847    1.1216    2.7442    0.6084    2.7292    2.9090    2.9866    0.9476    2.6463    0.3806    2.3588    1.8120    0.7867    0.7146    0.9128    2.2439    0.4962    3.0638    0.2889    3.0386    2.5019    3.0683    0.1600    0.3020    1.0071    1.6982    0.4242    2.7258    2.7780    2.6952    2.4742    2.3104    1.9412    2.6879    0.0579    1.7962    1.7008    2.5278    1.4283    3.0729    1.6539    1.0833
    910000    1.3990    0.9176    2.7778    0.8381    2.9440    0.4428    2.5812    0.4350    2.9001    0.2938    2.2224    0.6719    0.6167    1.3225    2.9261    0.7471    2.5884    2.1404    3.0064    1.5154    2.8829    2.9535    1.7626    1.4795    2.1543    2.1822    1.6792    2.4713    2.8685    3.0377    2.2155    2.0941    2.5359    3.0544    3.1023    0.1046    3.1271    2.8105    1.5012    1.6626    2.6312    3.0491    1.9977    0.6744    2.7699    2.2283    3.0276
    920000    1.8548    1.0068    2.6147    1.2469    2.6403    0.4575    2.7956    0.7264    2.8051    1.5889    2.4725    0.7771    0.3942    0.2083    2.5306    2.4052    1.7740    1.5654    3.0180    0.7027    0.7194    1.2358    1.2618    0.6975    2.5520    2.9274    0.2577    1.7272    2.9246    2.2377    3.0761    1.6599    2.8223    2.0858    3.0018    0.4049    2.9798    2.4696    1.1431    1.5108    1.0952    0.5543    2.1610    2.3239    2.5395    1.9213    2.4517
    930000    2.4476    2.7423    2.2968    1.9062    2.6776    0.7937    2.0341    1.4222    2.1090    1.9395    2.0978    1.0704    0.8499    0.1283    2.6965    3.0397    2.9499    2.2875    3.0178    2.5741    3.0601    0.4879    3.0718    2.9557    2.8659    2.7257    2.8235    0.9050    2.0761    2.7209    2.3569    1.5160    2.6258    0.6590    2.5934    1.1056    2.9115    0.2686    2.4452    2.6898    2.6820    0.2832    2.3678    0.2091    0.8095    0.3897    0.7209
    940000    1.8272    2.2349    1.6656    2.1608    0.3686    1.2066    0.0435    1.2817    1.2056    1.0189    3.0037    0.9511    0.4958    3.1127    1.0127    0.7089    2.7116    0.5552    3.1139    1.4793    2.0860    0.4230    2.2992    0.7178    1.2413    2.8541    2.5022    1.3575    1.5894    0.3616    1.6133    2.6788    2.9079    0.1223    2.9580    0.2307    2.5602    1.8408    1.9549    0.6418    2.1930    2.7906    2.2041    0.0133    2.3683    2.1732    2.7863
    950000    2.2077    0.7167    2.5978    0.3828    2.5765    0.5050    2.3316    0.3316    2.5541    0.1608    2.8864    2.3099    0.4045    2.4584    3.0063    1.2336    2.6960    1.3818    2.7825    1.2407    2.7453    0.2919    2.4207    0.0122    1.9244    3.0727    0.4866    1.7703    2.7412    0.9309    2.6531    1.7906    2.4169    2.3228    3.0622    1.3237    2.9457    1.6863    0.4745    1.7175    3.0839    2.2867    2.9654    0.5054    1.9641    0.4431    2.7114
    960000    1.2815    1.0183    1.2268    0.8518    2.7375    0.1091    2.4609    1.6026    1.5378    2.7435    2.2044    1.6076    1.9734    0.8241    2.4909    1.0737    1.2247    0.5966    2.6386    1.5007    2.2838    1.6582    1.3133    1.4551    1.5415    2.5722    2.8050    0.5257    0.1010    1.7920    2.4327    3.1323    1.4186    2.1335    2.1299    2.3703    2.8967    1.5657    2.3853    1.0024    2.2845    1.7620    2.6706    0.0441    2.1267    1.1665    0.3434
    970000    2.2948    2.2097    1.8909    2.3367    1.7103    1.7112    2.1105    0.7276    0.4614    0.6302    2.7993    0.2963    0.3248    1.5993    0.3081    0.1897    2.8296    0.3224    3.1293    1.6050    2.1389    0.0091    2.5292    0.4373    2.1055    2.0302    2.8410    1.4630    1.7725    0.2215    1.6785    3.1067    2.5923    0.8210    0.9060    2.1869    2.0991    2.9536    2.9833    2.0143    2.5534    2.5232    2.1792    0.6154    2.5013    2.4338    3.0366
    980000    2.1508    0.6940    2.7081    0.0794    3.0552    0.7017    2.7954    1.4523    3.0704    2.3605    2.2934    1.5557    2.5606    0.2656    2.4296    2.9503    2.0443    1.9375    2.9322    0.6215    2.8643    1.8208    2.9763    0.7057    2.8088    2.9159    1.3795    2.5974    2.2930    0.8360    2.3860    0.7572    2.8105    0.1504    2.9250    0.1259    3.0519    1.6665    1.0204    1.9157    2.9959    0.1333    2.3226    0.7328    1.6575    0.5875    2.0771
    990000    2.2387    2.5871    2.4104    1.6793    2.6610    0.0740    1.8512    1.8291    0.6867    2.1567    2.3342    1.1437    1.1604    0.1606    2.7647    2.2258    0.9969    2.3727    3.1025    2.0232    3.1376    1.3201    2.1900    2.5323    1.8988    2.7111    2.5317    0.2918    1.2079    2.7468    3.1064    3.0369    2.0920    2.4132    2.2506    2.6634    2.8147    2.0035    0.8612    1.4295    0.7384    2.2708    2.0859    2.0684    1.6075    0.5926    2.8638
   1000000    0.9573    2.1579    2.1371    1.3412    1.6128    0.6756    1.0582    1.5406    2.3110    2.0604    1.7636    1.8683    1.3036    0.8008    2.7706    0.7345    2.5003    0.7652    2.8973    0.0132    0.5602    0.2432    1.4810    2.0455    0.2592    2.2778    1.5984    0.2545    1.9800    3.0028    2.1825    2.6485    2.9308    2.9790    2.6480    1.4791    3.0664    1.5728    0.7987    0.4376    0.4172    2.9822    0.3105    2.1633    0.9627    2.7262    2.3637
