# Step Torsion_Angles(rad)...
         1    2.4326    2.1715    1.3355    1.0236    3.0337    3.1398    0.0117    0.0206    3.1280    3.1397    0.0076    0.0070    3.1400    3.1230    0.0996    0.1074    3.0807
     10000    1.6339    3.0149    2.7136    2.5056    3.0476    2.1354    1.6176    2.2824    1.6803    2.5754    2.7959    1.3332    2.9217    2.5492    3.1040    2.0028    2.3430
     20000    1.4947    3.0763    2.7338    2.3806    3.0093    1.9862    2.9064    2.3880    2.2339    0.7721    3.0379    1.8067    3.1207    2.7157    2.9966    2.7503    2.5759
     30000    1.7752    3.0523    2.2815    1.7111    2.9334    2.4421    0.8901    0.5434    1.6364    2.7791    0.4028    0.8770    2.3598    0.8444    2.3421    1.9659    2.3862
     40000    1.9162    3.1191    2.7141    2.9556    1.1413    0.4581    2.6043    0.9115    2.1222    1.4706    1.8609    0.8967    0.4496    0.1561    2.7926    0.9500    2.1969
     50000    1.9914    3.1146    2.9320    2.4977    2.9152    2.6257    2.8838    3.1202    2.7339    2.3165    2.3760    1.2786    3.0654    0.0240    2.9364    1.4855    3.1299
     60000    1.4748    3.0192    3.0695    2.6700    2.2689    3.0062    2.9175    0.1773    2.4423    0.2992    3.0144    0.3355    1.8816    0.6640    0.8221    2.1685    2.2359
     70000    1.8282    3.1291    2.9544    1.9999    3.0137    0.8836    3.0702    3.1172    2.7761    0.9457    2.9537    1.9416    2.1380    3.1386    2.7123    2.1890    2.8215
     80000    1.9218    3.1390    2.6240    2.6755    2.8564    0.2268    1.8453    2.0354    2.3572    1.1482    1.1183    2.2148    0.8646    0.6087    0.0295    0.7694    2.8330
     90000    1.5608    3.1402    2.9032    2.1252    1.9864    2.0561    2.9345    2.8697    2.8509    2.3363    1.7163    0.7505    2.0490    2.3158    2.9556    2.9269    1.8430
    100000    1.3880    2.9818    2.3255    0.0179    3.0500    2.7872    3.1110    2.8193    2.4899    2.5316    1.2995    0.6030    3.0771    1.2308    2.3597    0.1996    2.3926
    110000    1.2325    3.0839    2.7534    2.2057    3.1214    0.6699    2.7611    2.1261    2.2358    0.7464    1.4456    0.5030    1.6083    1.5187    2.1603    3.1186    2.8260
    120000    0.9798    3.1299    1.8151    1.7790    2.9759    1.0880    2.4231    2.6646    2.9046    1.5412    2.5703    2.8481    1.1147    1.6343    2.9732    0.4541    2.5890
    130000    1.0017    3.0901    3.1012    3.0211    2.9520    2.8218    3.1155    2.2836    2.2689    0.6525    2.9439    2.7725    2.7853    2.6970    2.6468    2.4173    2.0614
    140000    2.0580    3.1182    2.5106    2.2716    2.8762    2.7239    3.1060    0.3912    3.1274    1.5541    2.5588    2.6911    3.0624    0.1970    2.6123    2.7020    2.8287
    150000    1.3211    2.9693    1.3539    2.3362    1.5691    0.0813    1.8200    0.6394    2.1217    0.3553    2.5758    0.5594    1.4096    0.7507    1.9885    1.5967    2.9750
    160000    0.9309    3.1000    2.5094    2.0378    2.7971    0.7455    0.7461    0.0902    3.0729    0.6858    2.8216    1.9600    3.0610    1.7729    2.9015    1.7698    2.9523
    170000    2.0067    3.1261    2.8737    2.6680    2.9898    2.2305    3.0792    1.8440    2.5460    0.2362    2.7365    2.3263    2.8815    2.3015    2.6718    1.3124    3.0778
    180000    1.7276    3.0437    2.7103    2.6538    3.1128    0.8632    2.6355    1.9314    3.0410    0.3893    3.1288    0.3480    0.9595    0.5017    2.3822    1.5323    2.8073
    190000    1.9227    3.1041    2.9440    2.4516    3.0575    2.4118    3.0226    0.5490    2.7799    2.7678    2.2242    0.3272    3.0028    1.4188    2.8642    2.5142    2.6971
    200000    1.9020    3.1282    1.1539    1.0301    2.6885    0.6358    1.0561    0.7914    3.0621    0.0466    0.9922    0.9369    0.1309    2.4867    2.2031    2.7535    2.2794
    210000    1.9927    3.0664    2.8206    2.5695    2.8236    2.5676    2.6990    0.0623    2.9507    2.9169    3.0360    1.6412    2.7890    0.8315    3.0807    2.6968    2.4848
    220000    1.9757    3.0460    3.0059    2.7695    2.9412    2.8595    2.8662    0.0718    1.8424    2.5338    2.9682    1.8277    2.8416    0.5497    2.0019    3.1369    1.9892
    230000    1.3638    2.0855    3.0971    0.2958    1.7236    0.5503    3.0451    0.2316    2.1156    1.0426    3.1168    1.0458    3.0555    0.5053    1.4043    1.1986    2.3214
    240000    1.6543    3.1141    1.5585    0.2660    2.9468    1.0443    0.3198    1.4634    2.1963    2.5893    2.9089    1.2586    1.2864    0.6385    0.3579    2.8907    2.6118
    250000    2.0182    3.0936    2.7781    2.9661    2.9663    0.2719    3.0532    2.4824    2.3253    2.7304    2.9916    0.8491    2.3611    0.9416    3.0734    2.7774    2.6944
    260000    1.1346    2.9935    2.3851    1.9939    2.5612    1.2553    0.4906    1.3803    2.6075    0.0749    2.9113    0.7175    2.6881    0.7495    2.6553    2.3602    3.0613
    270000    1.0979    3.0141    3.0554    2.6064    2.9841    1.7754    2.0983    0.7101    1.1461    0.2918    2.5548    0.1710    1.7740    0.6989    2.5025    1.4032    2.9359
    280000    1.7759    3.0472    2.4037    1.5902    2.7570    2.4526    2.5977    0.9779    2.3269    0.1078    3.0478    1.1216    2.8522    2.0736    2.4873    2.3749    2.9470
    290000    1.6502    3.0520    2.9697    0.6163    0.1214    1.1611    2.3021    1.8309    1.5435    0.4720    2.9373    3.0619    2.5591    3.0443    2.8627    0.3507    3.1284
    300000    1.8574    3.0880    2.8038    2.4368    2.6737    1.7312    1.3472    1.9017    2.2185    2.9120    2.6470    2.2457    2.1617    2.7383    2.5119    2.2498    2.4436
    310000    1.4264    3.0339    2.4238    2.0638    3.0650    0.8928    3.0437    1.3106    1.6929    0.5231    0.4379    1.0896    2.7945    2.1233    1.8080    1.9667    2.2446
    320000    2.0867    3.0923    2.9922    2.6873    2.5485    1.3112    2.8892    2.2992    2.9491    1.9498    1.0084    3.0926    1.7721    0.1149    2.7193    2.3661    1.4131
    330000    1.6320    3.0238    1.8849    2.4541    2.0163    0.8390    2.8900    0.1822    1.4869    0.7161    2.8676    0.8145    2.9567    2.7835    2.8312    2.5897    2.0985
    340000    1.1065    3.0864    2.9042    2.3561    2.7901    2.6041    1.7638    2.6739    2.6266    0.3115    2.8165    1.6494    2.8196    2.8219    3.0340    3.1173    1.3491
    350000    1.8667    2.7165    3.1187    1.7077    3.0571    1.4737    2.7362    0.4287    2.6890    0.1740    2.9666    0.6435    2.9645    0.1793    2.5007    1.7786    1.6646
    360000    1.6681    3.1341    2.4735    2.8399    2.7852    2.0623    3.0629    2.6548    1.9118    0.3117    3.0850    0.1047    3.0821    0.4271    2.9728    0.7774    2.9457
    370000    1.9657    3.0930    2.8003    2.8320    2.5450    2.5294    2.9882    2.6659    2.4361    2.7936    2.7149    0.7974    1.9038    1.0921    2.4551    0.4762    2.5328
    380000    1.2253    2.9306    2.8296    2.6240    2.2322    2.4891    3.0784    2.0230    3.0425    2.6676    2.5641    0.2309    2.9679    2.8717    2.9607    2.7269    2.5939
    390000    2.0293    3.0132    2.7449    0.0163    3.1012    2.8135    0.0793    2.5134    2.5187    2.3243    2.8824    2.4164    3.0199    3.0452    3.0568    3.1343    2.4639
    400000    1.5323    2.8812    1.3250    2.4906    2.0548    0.2798    3.0362    0.3818    2.9408    0.9763    2.0166    2.9285    2.7827    1.6877    3.0611    1.6895    2.1580
    410000    1.4680    2.9375    2.2855    1.7337    2.5730    0.7590    1.9766    2.0384    2.8257    1.1724    2.8064    1.9038    0.8032    2.2383    2.9683    2.5876    2.8629
    420000    1.9422    3.0861    2.6700    2.7865    3.1245    1.3595    2.6979    1.0565    2.8449    1.0858    2.6173    2.6000    2.3807    1.9636    3.0921    2.0526    2.2178
    430000    1.6871    2.9894    2.7401    2.1389    1.9138    0.9603    3.1204    0.8557    3.0608    2.9685    2.8671    0.8030    2.6245    1.0191    2.0636    2.6349    0.9898
    440000    1.5809    2.9149    2.0753    3.0737    2.6766    1.5241    1.6291    1.3137    1.4999    0.2701    2.3442    0.4721    2.1496    0.6078    3.0695    2.7152    3.0965
    450000    2.0324    0.4777    2.0382    0.4570    2.8452    2.0973    3.1263    2.8582    0.0603    1.9599    2.9894    2.3402    2.7232    1.6006    2.6846    0.1584    1.6855
    460000    2.0838    3.0954    2.2729    0.6723    3.1407    1.8837    3.0058    0.1497    1.4965    0.4872    2.9224    0.0754    2.1891    0.8333    2.6205    2.6230    2.8420
    470000    1.8719    3.1190    0.1306    0.3301    2.8803    1.0666    2.9635    0.9752    2.6021    1.9244    2.7247    2.5116    2.6620    2.8875    2.5333    2.7467    0.5157
    480000    1.8887    3.1291    2.7222    2.1599    3.1383    0.6842    3.0746    0.2672    3.1092    1.5013    2.7745    2.4269    2.9933    0.0264    2.4637    2.8211    2.7897
    490000    1.7473    3.1002    1.4938    2.2884    2.5168    1.6434    0.6456    0.1620    1.1795    1.4655    2.7985    0.3358    1.1037    0.8490    2.5984    2.3148    1.6974
    500000    1.9772    3.0485    3.0735    3.0125    2.6893    2.3259    2.9539    0.9251    2.9627    2.9791    2.1140    2.4560    2.2384    2.3824    3.1311    0.6926    2.9953
    510000    2.0582    3.1393    3.0574    2.7639    3.0832    1.5021    2.9192    1.4068    2.9706    1.7883    2.6482    1.6181    2.7345    1.9245    2.8080    0.2539    2.5391
    520000    1.9457    3.1335    2.7993    2.0982    3.0513    0.9327    2.7361    1.8710    2.8745    1.8447    3.1214    1.2391    2.9654    1.1148    2.6344    2.8175    1.1449
    530000    1.4347    2.9803    2.8591    2.3886    1.0181    1.7304    2.0053    0.8118    0.9286    2.0802    1.1290    0.2868    1.7829    0.1894    0.1476    1.5356    0.4395
    540000    1.9512    3.0324    2.9926    1.6966    2.4061    0.2129    2.9461    0.7910    1.1153    1.8567    2.6543    1.5918    2.5592    1.3941    2.8367    1.9871    2.5518
    550000    1.5850    2.9661    1.6731    0.4153    2.9205    1.6946    1.5634    0.0254    2.1064    2.7147    2.0733    0.4157    3.0810    0.5371    2.4545    3.1131    2.2950
    560000    2.0260    3.1339    3.0369    1.8961    2.7584    0.3064    2.5558    1.3626    1.1547    2.1700    2.5873    0.0106    1.9658    1.0342    2.7053    1.4017    2.7903
    570000    1.6485    3.0022    2.8912    2.5561    0.7461    0.4617    2.4602    0.3761    2.2502    0.0894    2.8754    0.8396    1.9451    0.3284    1.8661    1.8790    2.7499
    580000    1.4856    3.0819    1.2136    2.2861    0.8996    3.1234    2.0421    1.3318    1.6491    0.6248    2.8764    0.8842    1.1680    1.5126    2.3787    0.6408    0.7123
    590000    1.2788    3.1106    2.7624    2.2562    2.6475    0.3770    2.9650    2.0670    2.4798    0.1314    2.8498    1.8813    1.9370    1.8498    2.8004    2.5346    2.4427
    600000    1.9991    3.1292    2.8620    2.7076    2.9391    2.2493    0.5231    0.9843    1.2874    0.0303    2.4544    1.3526    2.2313    1.6749    2.6021    1.4615    2.8416
    610000    1.6942    3.0542    0.3904    2.7300    3.0581    2.9597    3.0120    1.4776    2.2588    0.0716    2.3798    1.7555    2.3707    0.1894    2.8154    1.2068    2.3305
    620000    1.9439    3.1296    2.6802    3.0106    3.1290    2.3561    2.6968    1.9926    3.0439    1.4028    3.0123    1.8712    2.9252    0.2552    2.1676    1.5458    1.3816
    630000    2.0954    3.0744    3.1287    2.0405    2.9360    0.8550    2.7211    0.4147    2.8748    1.6777    3.1263    1.6618    0.7169    2.0886    2.9065    1.2364    2.7049
    640000    1.6679    3.0566    2.9632    1.9710    2.0202    0.1766    2.7430    2.6236    2.9529    0.7694    3.1083    1.5318    2.6165    0.3766    2.8071    1.5342    0.6834
    650000    1.9423    3.0900    0.8469    0.3290    3.0872    0.1554    0.5684    1.6425    2.3980    0.1546    0.5639    0.1712    1.4844    0.4369    3.0988    1.9678    2.5212
    660000    1.7131    3.0495    3.0200    2.3088    2.8661    1.3533    2.2521    0.6763    2.2582    0.7422    3.0343    0.3247    2.6746    0.0886    0.0109    1.8646    2.0340
    670000    1.7480    3.0081    3.0749    2.5836    3.0933    1.3938    3.0747    2.6143    1.4154    0.3511    2.9186    0.6521    2.9222    0.5343    0.9973    0.0382    0.1855
    680000    2.1018    3.1260    2.1198    2.6433    2.9857    0.4366    2.6528    2.0842    3.0441    2.2913    2.7562    1.3922    2.9553    1.4483    2.3345    1.8484    2.4881
    690000    1.9589    3.1329    2.7380    2.9893    3.0366    2.9100    2.0666    2.2468    3.0365    0.9279    2.9300    2.6751    2.8773    2.6097    2.7300    2.0701    2.9817
    700000    1.4895    2.9613    2.5115    2.4195    3.0394    3.0765    1.9931    2.1074    2.6656    2.6611    2.8273    0.1218    2.9483    2.2615    2.3715    2.3400    2.3003
    710000    1.9635    3.0822    2.2621    2.2755    3.1270    0.6931    2.8563    3.0974    3.1337    2.4111    1.8835    1.9587    1.7606    2.9026    1.9570    1.8489    3.0870
    720000    1.2870    3.0687    2.7894    3.0942    3.0950    2.4501    2.4454    1.6875    2.2397    0.0704    3.0364    0.8699    3.0557    0.4715    2.7042    1.0378    2.9494
    730000    1.4106    3.0466    2.5737    2.2657    2.8376    0.2976    1.3227    1.9692    2.1489    0.3876    0.6021    0.9084    1.3611    0.1666    2.6331    1.1489    2.3021
    740000    1.5439    2.9273    2.3287    2.6895    1.6507    0.4647    2.8168    0.4415    2.6801    1.6109    1.9009    0.5825    1.0653    0.9641    0.0598    1.5571    2.7305
    750000    1.2572    3.1006    2.1636    1.7085    2.2521    1.8941    3.1133    1.1548    2.5704    0.9819    2.9027    1.4608    2.6688    1.2178    2.4248    2.3089    2.8791
    760000    1.1663    2.9815    1.7970    2.5076    3.0075    1.6251    2.8255    1.3889    2.8286    1.3798    1.4793    0.6527    2.4348    0.0685    0.2062    0.6627    2.7338
    770000    2.0038    2.9158    1.5877    0.6150    1.5174    1.3363    1.4134    0.5302    2.2379    0.0282    2.0959    0.7176    1.4161    0.8244    2.5658    2.8601    2.8953
    780000    1.5234    3.0016    2.8785    2.0283    3.1013    0.4435    1.5851    2.8824    2.6673    0.8209    2.7454    0.9843    2.7832    1.2880    0.2193    2.7641    1.6076
    790000    1.0604    3.0888    3.0244    2.9432    2.8638    3.0912    2.7337    2.5971    2.7470    0.1258    0.4979    3.0239    0.9893    2.5150    2.8695    2.2256    2.0297
    800000    1.9930    3.1229    0.2132    0.4150    1.7255    1.8604    2.2256    1.8882    1.5511    1.5031    2.9639    1.7713    2.8872    0.0869    2.3889    3.0873    3.0652
    810000    1.3250    3.1233    3.1119    0.3572    3.1081    2.5390    1.8782    2.3294    2.3615    0.0833    2.8779    2.7431    2.4010    0.0930    2.8613    2.0098    3.0930
    820000    1.4347    2.9434    2.8532    2.0519    3.0075    0.5526    1.9532    1.1449    3.1352    1.3150    2.8494    1.5221    2.7525    1.8727    2.1484    2.1724    0.4222
    830000    1.1364    3.0483    2.4578    2.7681    2.5532    2.2351    2.8898    1.7314    1.7709    2.5413    2.6701    0.9251    2.5220    2.3938    0.3073    0.0731    2.1130
    840000    2.0506    3.0477    2.2011    3.0198    2.7315    2.1555    2.2246    1.1653    3.0579    0.2424    0.9485    0.0504    0.2602    1.0686    2.7352    2.9347    1.8433
    850000    1.7816    3.0392    3.1173    2.3121    3.0251    1.1649    2.5645    0.4912    2.9643    1.4010    1.6145    2.1739    2.5351    0.5137    1.3395    1.0677    2.9190
    860000    1.4508    3.0630    0.2779    2.7972    1.9592    1.9499    1.8910    2.6102    1.3804    1.6558    2.9854    3.1406    2.0520    0.2041    0.0013    1.1523    2.8016
    870000    1.1278    3.1132    2.6587    3.0743    2.7145    2.8688    2.7577    3.0492    2.4876    0.2008    2.5227    2.7614    3.1074    3.1230    2.2281    2.5006    1.5951
    880000    1.5739    3.0212    2.2490    2.2640    1.7518    0.4785    3.0960    0.5401    3.0206    0.6917    1.7868    0.3221    2.4959    0.0267    1.7896    0.7413    2.0929
    890000    1.9524    3.0961    1.8663    0.7130    2.4363    1.2728    2.8354    1.2268    2.8162    2.9835    3.1142    3.1323    2.7974    3.0364    3.0974    3.1124    3.0660
    900000    1.9634    3.1325    2.8892    2.7046    2.6474    2.0260    3.0215    2.0480    2.9762    2.6094    3.0763    2.3631    2.6613    2.6332    2.4897    2.2242    2.9456
    910000    2.0057    3.1414    2.7301    2.7801    3.0770    2.1747    2.9612    1.2873    2.9952    1.1007    2.3821    2.0624    3.0623    0.5564    2.2667    2.0646    2.0209
    920000    1.9985    3.1294    3.0470    2.4548    3.0373    2.4153    2.2350    2.4753    2.8888    2.3596    1.4070    1.8855    2.5570    1.4905    2.3241    2.4440    2.6946
    930000    1.1138    2.9968    3.0203    2.7620    1.6952    1.2285    3.0746    0.5844    3.0126    0.2039    2.7973    0.6891    3.0930    0.9194    1.6944    1.9171    2.5009
    940000    1.5270    3.0798    2.5105    0.4914    2.5945    2.9300    2.7797    1.2789    2.1534    0.7824    2.6346    0.9587    2.9026    2.6382    2.9816    2.8408    2.4431
    950000    1.9575    3.0315    2.6807    2.4225    1.9647    0.2013    2.4627    2.8410    2.3503    1.5484    1.5760    1.6920    1.0784    1.1051    2.9110    1.0747    1.6849
    960000    1.8366    3.0345    2.4808    2.7387    2.7874    0.2964    2.9888    0.5095    2.8526    0.6577    3.1032    0.0768    2.5627    0.7035    2.4722    1.9407    0.8101
    970000    0.9095    3.0724    3.1349    2.7190    3.0410    1.6402    2.6783    0.0578    2.9340    1.6142    2.9456    2.2578    2.7798    0.1762    3.0289    0.6946    2.9097
    980000    1.9467    3.0055    3.0089    2.7079    2.4958    2.2177    3.0148    0.5067    1.9505    2.6548    2.2257    0.7116    2.6033    0.1788    2.9781    2.2548    1.7881
    990000    2.0615    3.0967    2.4438    2.1652    0.1332    1.6907    2.3985    0.0036    2.1423    2.1818    1.9148    0.2195    2.4430    1.1763    2.5561    2.2260    2.8282
   1000000    1.7472    2.9846    2.6074    2.2854    3.1366    1.5060    2.5827    0.3113    2.9215    2.3349    3.1111    2.8953    2.9993    2.7804    2.6164    2.6253    0.8259
