# Step E_total E_lj E_tors
         1       202.7600       -26.1900       228.9500
     10000       156.9936       -45.5519       202.5455
     20000       150.6317       -47.8702       198.5020
     30000       134.4480       -65.5091       199.9571
     40000       141.2718       -67.5377       208.8095
     50000       132.1811       -70.3892       202.5702
     60000       142.8813       -67.1887       210.0700
     70000       135.5953       -69.6269       205.2222
     80000       138.8564       -67.4000       206.2565
     90000       137.0046       -66.8214       203.8260
    100000       138.2633       -73.1927       211.4561
    110000       138.4342       -70.6573       209.0916
    120000       129.0261       -74.5294       203.5555
    130000       135.8102       -71.2657       207.0759
    140000       131.7345       -74.8552       206.5898
    150000       128.1758       -77.0743       205.2501
    160000       132.4336       -75.1460       207.5796
    170000       137.5220       -81.9020       219.4240
    180000       124.4531       -73.3136       197.7667
    190000       136.6606       -74.3273       210.9879
    200000       130.2391       -76.7028       206.9419
    210000       124.7413       -79.2885       204.0298
    220000       127.6791       -74.9702       202.6493
    230000       124.8373       -76.1665       201.0038
    240000       126.7585       -76.1180       202.8765
    250000       134.7651       -74.7187       209.4837
    260000       128.1809       -77.2437       205.4246
    270000       130.9795       -78.0665       209.0460
    280000       135.0842       -75.2545       210.3387
    290000       131.4485       -74.4329       205.8813
    300000       132.8520       -74.3116       207.1636
    310000       130.2063       -80.1122       210.3185
    320000       131.4860       -80.8881       212.3741
    330000       132.4029       -75.2170       207.6199
    340000       126.6833       -80.8703       207.5535
    350000       124.3038       -83.4257       207.7295
    360000       130.5149       -82.2666       212.7815
    370000       128.4946       -83.4102       211.9048
    380000       123.4678       -82.2263       205.6941
    390000       123.6046       -84.3954       208.0000
    400000       133.0225       -77.8150       210.8376
    410000       132.2000       -80.2644       212.4645
    420000       130.9531       -77.6570       208.6101
    430000       129.0211       -79.7274       208.7485
    440000       124.8086       -81.4882       206.2968
    450000       128.4266       -77.3809       205.8075
    460000       124.5860       -80.6584       205.2445
    470000       128.8046       -81.2425       210.0471
    480000       125.2909       -82.1135       207.4045
    490000       125.3480       -83.2893       208.6373
    500000       123.6040       -83.6456       207.2496
    510000       122.3440       -82.6314       204.9754
    520000       127.7286       -81.8192       209.5478
    530000       127.4335       -83.2244       210.6579
    540000       129.3074       -85.3600       214.6675
    550000       124.2773       -84.6751       208.9524
    560000       125.1915       -78.5635       203.7549
    570000       120.8791       -82.8349       203.7140
    580000       117.0081       -84.8598       201.8678
    590000       119.7945       -82.7036       202.4981
    600000       119.4265       -86.0449       205.4714
    610000       121.9997       -83.4057       205.4054
    620000       124.3305       -82.7349       207.0654
    630000       123.3528       -83.8203       207.1730
    640000       124.3702       -80.1952       204.5654
    650000       119.4869       -87.3443       206.8312
    660000       120.0333       -86.9371       206.9703
    670000       122.0915       -85.9850       208.0764
    680000       129.3141       -80.6709       209.9850
    690000       125.9432       -80.3194       206.2626
    700000       121.2681       -83.2438       204.5119
    710000       128.5393       -80.5062       209.0455
    720000       128.9359       -81.1689       210.1048
    730000       123.9141       -83.8769       207.7910
    740000       129.7115       -81.8088       211.5203
    750000       131.0657       -81.5568       212.6225
    760000       120.9853       -85.3912       206.3765
    770000       125.6093       -79.7313       205.3405
    780000       133.5728       -75.8726       209.4454
    790000       133.8011       -80.1669       213.9680
    800000       134.6881       -78.8872       213.5753
    810000       130.9961       -82.7659       213.7619
    820000       128.4586       -80.7816       209.2403
    830000       125.2506       -83.2457       208.4963
    840000       128.4672       -78.5329       207.0002
    850000       128.3485       -78.9778       207.3263
    860000       127.5780       -77.3202       204.8982
    870000       130.1331       -74.6296       204.7627
    880000       131.4248       -79.7119       211.1368
    890000       134.3289       -75.0558       209.3847
    900000       132.1847       -79.5099       211.6946
    910000       130.7943       -79.4506       210.2449
    920000       133.9547       -77.6114       211.5661
    930000       127.6028       -81.3189       208.9217
    940000       126.8740       -83.2028       210.0767
    950000       126.9627       -84.7172       211.6799
    960000       130.2770       -79.2448       209.5218
    970000       132.6819       -81.9180       214.5999
    980000       131.2538       -79.1963       210.4501
    990000       131.7692       -80.9579       212.7271
   1000000       134.6537       -80.7877       215.4414
   1010000       127.2509       -84.0314       211.2823
   1020000       126.6590       -89.1066       215.7656
   1030000       127.6855       -85.4477       213.1332
   1040000       130.0848       -84.0642       214.1490
   1050000       123.2992       -85.6724       208.9716
   1060000       129.1609       -84.0247       213.1856
   1070000       135.4757       -80.6552       216.1310
   1080000       136.1219       -81.4770       217.5989
   1090000       126.7734       -80.5951       207.3684
   1100000       124.4793       -85.7264       210.2058
   1110000       129.2905       -79.6288       208.9192
   1120000       124.5173       -82.2286       206.7459
   1130000       125.0533       -84.0772       209.1305
   1140000       127.8749       -79.1925       207.0674
   1150000       126.4526       -79.6686       206.1211
   1160000       122.5055       -83.9546       206.4601
   1170000       132.7722       -75.7797       208.5519
   1180000       126.8582       -86.7556       213.6138
   1190000       136.1486       -81.4037       217.5523
   1200000       135.1615       -79.0992       214.2607
   1210000       129.7678       -82.0499       211.8177
   1220000       126.6532       -85.8563       212.5095
   1230000       127.6236       -83.2294       210.8530
   1240000       124.7480       -83.4298       208.1777
   1250000       127.3309       -83.8947       211.2255
   1260000       123.6207       -84.1780       207.7987
   1270000       123.9329       -82.4472       206.3800
   1280000       124.2097       -82.4192       206.6289
   1290000       126.6917       -85.3155       212.0072
   1300000       123.5540       -87.1140       210.6680
   1310000       125.6422       -85.5002       211.1424
   1320000       129.2021       -76.9265       206.1286
   1330000       123.8616       -88.5483       212.4098
   1340000       127.5208       -84.0321       211.5530
   1350000       132.2171       -86.2052       218.4223
   1360000       129.2388       -87.4221       216.6609
   1370000       134.3804       -82.4728       216.8532
   1380000       131.5195       -78.8226       210.3421
   1390000       126.8018       -84.8997       211.7015
   1400000       128.9530       -84.4396       213.3925
   1410000       127.8333       -80.4419       208.2751
   1420000       132.6890       -80.8995       213.5885
   1430000       121.5612       -82.2926       203.8538
   1440000       126.0914       -79.8354       205.9267
   1450000       118.3883       -81.5863       199.9746
   1460000       122.5432       -83.9717       206.5149
   1470000       126.4463       -79.9612       206.4074
   1480000       136.0542       -73.0903       209.1445
   1490000       122.2051       -83.3416       205.5466
   1500000       122.8080       -86.2366       209.0446
   1510000       125.0149       -80.5504       205.5653
   1520000       121.9151       -84.1691       206.0842
   1530000       122.1678       -82.1899       204.3576
   1540000       122.2218       -82.9820       205.2037
   1550000       124.4422       -82.8491       207.2913
   1560000       129.4561       -77.9278       207.3839
   1570000       120.6633       -85.9135       206.5768
   1580000       119.4403       -85.8955       205.3358
   1590000       115.7812       -86.0485       201.8296
   1600000       118.3185       -87.6743       205.9928
   1610000       117.3576       -86.3285       203.6861
   1620000       110.2414       -88.6111       198.8525
   1630000       118.3214       -83.0865       201.4079
   1640000       120.1578       -86.4616       206.6193
   1650000       121.5077       -87.7996       209.3073
   1660000       121.1717       -86.5547       207.7264
   1670000       119.8941       -82.4105       202.3046
   1680000       116.2319       -82.8600       199.0919
   1690000       115.2015       -87.2591       202.4605
   1700000       115.3122       -86.3229       201.6351
   1710000       114.0345       -87.0645       201.0990
   1720000       110.6761       -87.5223       198.1984
   1730000       110.7252       -86.5877       197.3129
   1740000       113.1312       -87.6829       200.8141
   1750000       119.4942       -83.1138       202.6080
   1760000       113.5482       -86.9773       200.5255
   1770000       118.2746       -85.0881       203.3626
   1780000       117.9215       -84.7236       202.6451
   1790000       114.2843       -85.4531       199.7374
   1800000       115.3005       -83.1642       198.4647
   1810000       122.2917       -83.6662       205.9579
   1820000       122.0468       -81.5317       203.5786
   1830000       116.2610       -82.5955       198.8564
   1840000       119.3514       -83.8407       203.1921
   1850000       117.7548       -84.6137       202.3685
   1860000       115.0514       -85.9390       200.9903
   1870000       115.4777       -87.5715       203.0492
   1880000       117.0350       -82.9085       199.9435
   1890000       115.9950       -85.4471       201.4421
   1900000       121.4776       -90.1325       211.6102
   1910000       116.6263       -85.1161       201.7424
   1920000       120.2582       -80.8282       201.0864
   1930000       116.4203       -88.5584       204.9787
   1940000       118.6933       -90.8330       209.5263
   1950000       119.0015       -88.1358       207.1373
   1960000       122.6496       -87.8802       210.5298
   1970000       118.9678       -87.2428       206.2107
   1980000       116.1569       -88.7416       204.8986
   1990000       120.2105       -86.5739       206.7844
   2000000       128.0834       -81.3238       209.4071
   2010000       121.7101       -86.7196       208.4297
   2020000       119.6127       -88.9287       208.5414
   2030000       109.8777       -91.8936       201.7713
   2040000       113.2748       -89.4173       202.6922
   2050000       117.8843       -87.2173       205.1016
   2060000       120.2458       -88.3924       208.6381
   2070000       113.9047       -93.7606       207.6653
   2080000       118.2081       -90.7570       208.9651
   2090000       110.2799       -93.1153       203.3952
   2100000       117.3504       -86.1576       203.5079
   2110000       125.5601       -83.8459       209.4060
   2120000       109.2197       -91.0340       200.2536
   2130000       113.1450       -88.0646       201.2096
   2140000       117.3328       -88.1066       205.4394
   2150000       122.5961       -87.3584       209.9545
   2160000       117.8381       -90.0306       207.8687
   2170000       116.0778       -89.3152       205.3931
   2180000       122.7409       -88.0155       210.7564
   2190000       121.1794       -87.0386       208.2180
   2200000       121.8009       -86.4597       208.2606
   2210000       118.3399       -82.6158       200.9558
   2220000       117.2390       -85.2011       202.4401
   2230000       118.7896       -84.2775       203.0671
   2240000       118.2404       -85.4419       203.6823
   2250000       119.6088       -83.1864       202.7952
   2260000       117.2927       -85.1146       202.4072
   2270000       117.2943       -86.2053       203.4997
   2280000       118.0158       -87.4541       205.4699
   2290000       123.5704       -81.3295       204.8999
   2300000       121.1612       -80.8734       202.0347
   2310000       117.6406       -81.2475       198.8881
   2320000       119.8285       -82.3717       202.2002
   2330000       116.0064       -83.2348       199.2412
   2340000       118.0616       -84.0073       202.0690
   2350000       119.5446       -87.3234       206.8681
   2360000       116.8883       -85.9859       202.8742
   2370000       119.5175       -87.1394       206.6570
   2380000       118.0672       -79.1891       197.2563
   2390000       128.9593       -77.2563       206.2156
   2400000       120.7288       -80.6597       201.3884
   2410000       114.1631       -83.0005       197.1636
   2420000       123.5680       -83.2043       206.7723
   2430000       122.0692       -84.9405       207.0096
   2440000       122.4178       -82.6212       205.0389
   2450000       119.0412       -82.8287       201.8699
   2460000       119.5983       -83.3503       202.9486
   2470000       119.4645       -80.3744       199.8389
   2480000       118.8205       -83.6488       202.4693
   2490000       114.2714       -87.5525       201.8239
   2500000       118.2865       -84.2548       202.5413
   2510000       122.1339       -78.1645       200.2984
   2520000       120.5605       -82.7522       203.3127
   2530000       117.0551       -86.3376       203.3927
   2540000       118.2523       -85.4136       203.6660
   2550000       124.1187       -80.3137       204.4323
   2560000       127.9746       -79.4428       207.4173
   2570000       117.8667       -91.3453       209.2119
   2580000       117.3473       -84.7703       202.1177
   2590000       123.6392       -84.1508       207.7901
   2600000       127.7688       -75.8313       203.6001
   2610000       116.9229       -83.8308       200.7538
   2620000       111.3382       -84.9720       196.3102
   2630000       108.2188       -88.7425       196.9613
   2640000       114.0947       -84.5341       198.6288
   2650000       112.7466       -83.0861       195.8327
   2660000       120.3558       -81.9401       202.2959
   2670000       115.7380       -84.7923       200.5303
   2680000       111.8574       -83.6787       195.5360
   2690000       116.4251       -82.2329       198.6580
   2700000       113.9722       -86.9017       200.8738
   2710000       112.5568       -85.5854       198.1422
   2720000       112.0729       -84.5719       196.6448
   2730000       112.2056       -84.7607       196.9664
   2740000       114.1747       -86.1556       200.3302
   2750000       114.9718       -88.5352       203.5070
   2760000       109.4894       -91.6718       201.1613
   2770000       110.1516       -88.4094       198.5609
   2780000       105.9080       -92.2019       198.1098
   2790000       113.3631       -88.2271       201.5901
   2800000       114.0542       -85.6529       199.7072
   2810000       113.0319       -89.3290       202.3608
   2820000       117.2092       -85.3887       202.5979
   2830000       118.8152       -85.3820       204.1973
   2840000       113.9758       -89.0735       203.0493
   2850000       120.0433       -87.6045       207.6478
   2860000       119.3561       -87.3079       206.6641
   2870000       118.5319       -79.2392       197.7711
   2880000       118.2464       -80.4830       198.7294
   2890000       123.9087       -82.3079       206.2166
   2900000       117.9159       -85.8123       203.7282
   2910000       118.9719       -89.0158       207.9877
   2920000       123.3177       -83.4024       206.7201
   2930000       121.5968       -83.8212       205.4180
   2940000       121.6986       -87.8066       209.5052
   2950000       125.1874       -80.0059       205.1932
   2960000       113.8243       -88.7242       202.5485
   2970000       109.4515       -88.8449       198.2964
   2980000       114.0777       -86.1629       200.2406
   2990000       117.9454       -83.1005       201.0459
   3000000       118.0204       -80.3208       198.3412
   3010000       127.8733       -78.7954       206.6687
   3020000       121.9488       -78.1541       200.1029
   3030000       117.1823       -81.2695       198.4518
   3040000       117.5952       -85.2589       202.8540
   3050000       117.0899       -83.7038       200.7937
   3060000       112.4771       -86.9478       199.4249
   3070000       111.8465       -86.9301       198.7766
   3080000       114.6827       -83.3350       198.0177
   3090000       113.2155       -88.6177       201.8332
   3100000       112.8201       -92.5422       205.3623
   3110000       113.7378       -91.3076       205.0454
   3120000       116.5416       -90.6884       207.2300
   3130000       115.0757       -91.8861       206.9619
   3140000       117.9308       -83.1755       201.1063
   3150000       114.6163       -85.8569       200.4731
   3160000       111.2295       -89.9255       201.1551
   3170000       112.2024       -87.1234       199.3259
   3180000       113.0855       -87.2523       200.3378
   3190000       114.8337       -86.2941       201.1278
   3200000       105.3483       -89.4666       194.8149
   3210000       102.2025       -88.2089       190.4114
   3220000       104.0157       -88.8295       192.8451
   3230000       104.6930       -85.8517       190.5446
   3240000       108.0958       -85.2140       193.3099
   3250000       110.8893       -85.5527       196.4420
   3260000       109.5421       -88.9615       198.5036
   3270000       107.1880       -87.2859       194.4739
   3280000       110.0375       -84.7101       194.7476
   3290000       107.7132       -88.5699       196.2832
   3300000       105.5016       -88.8323       194.3339
   3310000       112.8372       -85.7943       198.6314
   3320000       113.8727       -86.0641       199.9368
   3330000       108.8539       -86.7865       195.6405
   3340000       103.9790       -89.6953       193.6743
   3350000       105.9207       -87.4494       193.3701
   3360000       107.2730       -89.4604       196.7335
   3370000       108.2305       -85.4688       193.6993
   3380000       107.6769       -93.2982       200.9752
   3390000       103.9960       -92.8842       196.8802
   3400000       106.2534       -93.0254       199.2789
   3410000       104.7885       -92.4033       197.1917
   3420000        99.9775       -92.6431       192.6205
   3430000       104.5323       -91.4485       195.9808
   3440000       107.6143       -90.8695       198.4837
   3450000       105.9436       -89.1965       195.1401
   3460000       110.2312       -89.9589       200.1901
   3470000       112.3683       -89.1216       201.4899
   3480000       102.2133       -92.2996       194.5129
   3490000       102.9099       -91.9538       194.8636
   3500000       108.8024       -89.3449       198.1473
   3510000       114.1892       -89.1724       203.3616
   3520000       105.4321       -92.9906       198.4227
   3530000       105.2798       -91.4168       196.6967
   3540000       105.3730       -90.4476       195.8206
   3550000       110.2267       -86.3861       196.6128
   3560000       106.1201       -90.1728       196.2929
   3570000       105.3920       -90.9764       196.3684
   3580000       100.7732       -91.3674       192.1406
   3590000       103.6202       -86.1004       189.7206
   3600000       110.2665       -86.0556       196.3221
   3610000       107.3296       -86.8509       194.1805
   3620000       113.0310       -85.7425       198.7735
   3630000       112.3189       -89.1845       201.5034
   3640000       112.8940       -84.7383       197.6323
   3650000       113.1980       -87.5047       200.7027
   3660000       113.2104       -83.4398       196.6502
   3670000       113.4573       -84.6520       198.1093
   3680000       114.4097       -85.3468       199.7564
   3690000       118.1613       -76.2616       194.4229
   3700000       115.6683       -86.2336       201.9019
   3710000       116.0628       -82.5180       198.5808
   3720000       112.3444       -86.7715       199.1159
   3730000       113.5967       -88.9827       202.5793
   3740000       118.3720       -81.7856       200.1576
   3750000       110.4398       -86.7655       197.2053
   3760000       111.7328       -84.4442       196.1770
   3770000       115.0133       -86.6372       201.6505
   3780000       115.1847       -82.5772       197.7620
   3790000       111.4508       -81.3004       192.7512
   3800000       110.6526       -80.9912       191.6438
   3810000       111.5255       -81.1610       192.6866
   3820000       110.6028       -80.3936       190.9964
   3830000       110.2143       -84.3311       194.5454
   3840000       113.5624       -79.7430       193.3054
   3850000       111.5297       -82.5089       194.0386
   3860000       111.6515       -81.4384       193.0898
   3870000       116.3086       -76.1624       192.4711
   3880000       118.2435       -79.9063       198.1498
   3890000       120.8226       -75.5703       196.3929
   3900000       115.0758       -79.8177       194.8935
   3910000       115.6252       -80.5593       196.1845
   3920000       117.7107       -80.2562       197.9669
   3930000       115.5835       -82.0947       197.6782
   3940000       119.7544       -77.9423       197.6968
   3950000       120.7548       -77.3956       198.1504
   3960000       114.3947       -79.7613       194.1560
   3970000       114.3436       -81.5030       195.8466
   3980000       114.6249       -80.3221       194.9470
   3990000       114.5770       -79.7853       194.3623
   4000000       111.2938       -81.3973       192.6912
   4010000       118.4060       -81.9521       200.3581
   4020000       106.8110       -85.4379       192.2489
   4030000       113.2708       -83.4830       196.7538
   4040000       114.5806       -84.4522       199.0328
   4050000       113.4728       -81.9731       195.4459
   4060000       109.8262       -85.3993       195.2255
   4070000       125.7471       -79.5408       205.2879
   4080000       119.1033       -77.9922       197.0955
   4090000       118.7923       -79.6915       198.4839
   4100000       111.5835       -81.7445       193.3281
   4110000       115.0043       -83.5617       198.5660
   4120000       120.1210       -76.6339       196.7549
   4130000       114.5993       -82.4804       197.0797
   4140000       119.3768       -83.0723       202.4491
   4150000       115.1445       -83.4947       198.6392
   4160000       112.1493       -83.2225       195.3718
   4170000       115.6379       -84.1690       199.8068
   4180000       105.9583       -85.2474       191.2057
   4190000       113.0464       -84.4572       197.5036
   4200000       110.6411       -87.8793       198.5205
   4210000       107.6834       -86.9241       194.6075
   4220000       117.5697       -79.3752       196.9449
   4230000       107.9833       -85.0932       193.0764
   4240000       112.7380       -80.7870       193.5250
   4250000       110.7697       -87.2931       198.0628
   4260000       113.4485       -85.6090       199.0575
   4270000       111.2691       -85.8231       197.0922
   4280000       116.6150       -83.5006       200.1156
   4290000       112.1145       -88.8830       200.9974
   4300000       107.4562       -88.0668       195.5230
   4310000       109.9290       -85.6849       195.6138
   4320000       110.8008       -89.4954       200.2962
   4330000       108.2282       -89.4714       197.6995
   4340000       105.2967       -90.6623       195.9591
   4350000       110.6817       -85.0832       195.7649
   4360000       110.4294       -88.7424       199.1718
   4370000       114.9808       -86.3497       201.3305
   4380000       114.7590       -86.1725       200.9314
   4390000       125.6149       -83.0120       208.6269
   4400000       118.7316       -85.6983       204.4299
   4410000       119.9248       -83.1642       203.0890
   4420000       119.0272       -83.4644       202.4916
   4430000       122.7331       -83.0725       205.8055
   4440000       122.3752       -85.5117       207.8869
   4450000       118.3049       -86.0168       204.3216
   4460000       115.9595       -85.1656       201.1251
   4470000       117.7047       -89.7257       207.4304
   4480000       120.7964       -87.7263       208.5227
   4490000       110.1287       -93.7314       203.8601
   4500000       116.8428       -88.3748       205.2176
   4510000       110.6817       -92.5728       203.2544
   4520000       112.0766       -94.3215       206.3982
   4530000       112.9856       -91.1702       204.1558
   4540000       119.1769       -87.2211       206.3980
   4550000       116.5844       -95.3144       211.8987
   4560000       122.4585       -88.3059       210.7644
   4570000       121.6966       -84.6482       206.3447
   4580000       121.4176       -91.3609       212.7785
   4590000       113.7811       -88.9924       202.7735
   4600000       119.2662       -89.6289       208.8951
   4610000       115.2674       -97.5866       212.8539
   4620000       115.3685       -94.9029       210.2714
   4630000       113.0696       -99.0337       212.1033
   4640000       115.0309       -95.1913       210.2222
   4650000       110.4636      -101.2588       211.7224
   4660000       108.2955      -103.4317       211.7271
   4670000       105.3586      -100.2846       205.6432
   4680000       106.9251      -102.8187       209.7438
   4690000       107.5695      -101.5601       209.1295
   4700000       107.7193      -101.1326       208.8519
   4710000       108.6847       -97.8110       206.4957
   4720000       108.7525       -98.4023       207.1547
   4730000       109.6555       -99.5866       209.2422
   4740000       113.5544       -96.1085       209.6629
   4750000       112.7866       -96.2716       209.0582
   4760000       115.4903       -90.6233       206.1137
   4770000       112.3357       -99.4513       211.7870
   4780000       102.4636      -100.5574       203.0210
   4790000       112.6979       -96.3518       209.0497
   4800000       108.5327      -102.7400       211.2727
   4810000       109.7815      -103.5495       213.3310
   4820000       111.4514      -101.1059       212.5573
   4830000       108.3453      -104.4668       212.8121
   4840000       105.9907      -104.0630       210.0537
   4850000       114.6502       -94.4463       209.0966
   4860000       113.6085       -99.3626       212.9711
   4870000       116.9484       -94.1434       211.0917
   4880000       116.4316       -92.5794       209.0110
   4890000       112.1002       -97.0174       209.1175
   4900000       117.2922       -93.2105       210.5027
   4910000       117.2362       -93.9416       211.1778
   4920000       115.8858       -91.6170       207.5027
   4930000       115.2403       -93.3549       208.5952
   4940000       109.6102      -101.0859       210.6961
   4950000       111.6875       -99.1997       210.8873
   4960000       110.9582       -99.8057       210.7639
   4970000       114.7337      -101.0790       215.8126
   4980000       109.0014      -101.3004       210.3018
   4990000       110.8864       -99.0906       209.9770
   5000000       112.0741       -99.3164       211.3905
   5010000       107.3514      -102.8912       210.2425
   5020000       107.0148      -101.6986       208.7134
   5030000       104.5460      -102.4924       207.0384
   5040000       109.5352      -100.7065       210.2417
   5050000       108.0424       -99.5833       207.6257
   5060000       105.5673      -102.8675       208.4348
   5070000       121.2175       -92.4652       213.6827
   5080000       119.8290       -92.9285       212.7575
   5090000       113.2659       -96.8002       210.0661
   5100000       114.5232       -99.9634       214.4865
   5110000       116.8480       -93.7720       210.6200
   5120000       116.0322       -97.6350       213.6672
   5130000       117.3485       -95.1975       212.5460
   5140000       123.1062       -97.0688       220.1750
   5150000       117.6184       -95.7490       213.3674
   5160000       124.2892       -92.2451       216.5343
   5170000       121.9586       -92.2982       214.2568
   5180000       117.1308       -97.7772       214.9080
   5190000       116.0021       -95.8604       211.8625
   5200000       119.7853       -94.3532       214.1385
   5210000       123.8622       -93.0369       216.8991
   5220000       123.4607       -93.1549       216.6157
   5230000       126.3323       -92.1812       218.5135
   5240000       117.9818       -95.4969       213.4787
   5250000       131.6941       -87.1755       218.8696
   5260000       118.8058       -94.3609       213.1666
   5270000       122.3877       -91.3241       213.7118
   5280000       126.9652       -87.5429       214.5081
   5290000       123.6460       -90.3656       214.0116
   5300000       122.8394       -89.1751       212.0145
   5310000       124.3705       -93.0466       217.4171
   5320000       126.4838       -91.2911       217.7749
   5330000       128.3886       -87.0110       215.3996
   5340000       127.9617       -90.1653       218.1270
   5350000       121.5018       -92.0146       213.5164
   5360000       113.8513       -95.2071       209.0584
   5370000       114.4413       -94.7553       209.1966
   5380000       112.8422       -94.5658       207.4080
   5390000       116.1647       -93.2743       209.4390
   5400000       112.5023       -93.7793       206.2816
   5410000       114.1180       -98.6070       212.7251
   5420000       106.5183      -100.0693       206.5876
   5430000       101.9167      -104.3379       206.2546
   5440000       103.8446      -103.3635       207.2081
   5450000       110.2762       -97.5941       207.8704
   5460000       104.6841      -103.7948       208.4789
   5470000       102.2620      -104.2516       206.5136
   5480000       105.4183      -104.9765       210.3947
   5490000       107.0123      -101.4022       208.4145
   5500000       103.3737      -103.6020       206.9758
   5510000       110.2012       -99.6469       209.8480
   5520000       110.5830      -101.1889       211.7719
   5530000       108.5046       -99.2700       207.7746
   5540000       111.8096       -98.6603       210.4699
   5550000       103.4432      -104.6058       208.0490
   5560000       107.0947      -102.8919       209.9866
   5570000       106.0994      -102.3828       208.4822
   5580000       104.3326      -100.4837       204.8163
   5590000       105.7111      -101.4682       207.1793
   5600000       105.7943      -102.3185       208.1128
