# Step Rg End_to_End
         1       177.2301       587.1453
     10000        73.2844       112.5409
     20000        84.6790        18.8405
     30000        84.5072        26.1551
     40000        84.9072        24.0514
     50000        83.8421        22.2308
     60000        83.7818        12.3180
     70000        83.8118        16.2766
     80000        84.2845        18.8615
     90000        83.9529        22.4831
    100000        84.6598        12.6780
    110000        84.3511        18.2188
    120000        83.8494        22.9731
    130000        84.8718        13.8805
    140000        84.6739        15.5108
    150000        83.8389        30.3186
    160000        84.2080         7.4641
    170000        84.1443        32.7254
    180000        84.1905        10.9986
    190000        83.4084        15.5566
    200000        83.0376        22.5145
    210000        84.4639        12.0532
    220000        83.8100        12.8295
    230000        83.5938        13.2560
    240000        83.7325        13.1340
    250000        83.7904        12.7062
    260000        83.9513         7.6538
    270000        82.9440         3.7030
    280000        83.5199         7.4984
    290000        82.0507         4.7653
    300000        82.2843        11.8979
    310000        82.0587         9.8569
    320000        82.4339        18.2997
    330000        81.9225         5.7969
    340000        81.9358         8.3231
    350000        81.4198        12.5253
    360000        81.6868         8.5649
    370000        81.8000         7.0621
    380000        81.7416         6.6595
    390000        81.7576         6.3558
    400000        81.7203         5.4358
    410000        81.5394         6.7979
    420000        81.6049         7.0813
    430000        81.3782         7.9660
    440000        81.3175         6.2123
    450000        81.6180         8.7132
    460000        81.3051         7.5867
    470000        81.0855         8.7361
    480000        82.0948        10.3355
    490000        82.3995        12.6040
    500000        82.4150        17.2408
    510000        82.4359        12.3638
    520000        82.2403        12.8072
    530000        82.0271        12.2367
    540000        81.9886        17.4742
    550000        82.0388        16.3439
    560000        82.0842        17.4211
    570000        82.0492        17.7110
    580000        82.0236        19.2132
    590000        82.0551        24.1653
    600000        82.1126        10.3231
    610000        82.0805        14.5144
    620000        82.0480        15.7819
    630000        82.2535        10.8875
    640000        82.2244        14.9394
    650000        82.2234         9.1308
    660000        82.1442        12.7696
    670000        82.0749        13.3096
    680000        82.1187        12.2685
    690000        82.2511        11.7213
    700000        82.3179        11.9062
    710000        82.2409        12.1061
    720000        82.2472        11.8665
    730000        82.1763        15.6307
    740000        82.1943        14.6476
    750000        82.1742        14.1483
    760000        82.1684        15.2610
    770000        82.2503        14.9074
    780000        82.2442        13.4883
    790000        82.2128        15.7827
    800000        82.3712        16.3911
    810000        82.3753        18.5623
    820000        82.3080        17.2015
    830000        82.3106        18.9213
    840000        82.3299        19.7688
    850000        82.2404        19.3070
    860000        82.3066        19.6215
    870000        82.3522        19.7070
    880000        82.2606        17.6792
    890000        82.4578        19.5450
    900000        82.4820        19.2283
    910000        82.3183        16.8118
    920000        82.3306        17.1591
    930000        82.2444        14.1357
    940000        82.3878        14.1594
    950000        82.3855        18.5289
    960000        82.4303        18.5824
    970000        82.3092        17.9387
    980000        82.3375        21.2280
    990000        82.3597        18.7202
   1000000        82.3061        17.5733
   1010000        82.4102        16.5306
   1020000        82.3018        19.1004
   1030000        82.2703        17.2257
   1040000        82.3187        15.9910
   1050000        82.4621        12.7037
   1060000        82.3617        14.4087
   1070000        82.3237        10.7325
   1080000        82.3317        15.0454
   1090000        82.2960        11.2335
   1100000        82.2842        12.3853
   1110000        82.2795        13.6701
   1120000        82.2296        11.9874
   1130000        82.1836        11.6732
   1140000        82.2139        11.3795
   1150000        82.2689        10.9527
   1160000        82.1502        11.6355
   1170000        82.1169        12.8669
   1180000        82.1468        11.7491
   1190000        82.1170        10.2700
   1200000        82.0977        11.7976
   1210000        82.1374        12.6126
   1220000        82.2035         9.8226
   1230000        82.2204         9.3819
   1240000        82.1647        11.3423
   1250000        82.1649        11.2035
   1260000        82.1800        10.5885
   1270000        82.1090         8.9970
   1280000        82.0724         6.6270
   1290000        82.1401         6.6317
   1300000        82.0955         8.0814
   1310000        82.1832         8.8517
   1320000        82.1497         8.0655
   1330000        82.0726         8.9403
   1340000        82.1972         9.4325
   1350000        82.1469         9.2058
   1360000        82.2369        10.7226
   1370000        82.2428        10.8741
   1380000        82.2253         8.5575
   1390000        82.2812         9.2697
   1400000        82.2529         9.6945
   1410000        82.2611        11.2747
   1420000        82.2492        10.8401
   1430000        82.2879         8.7860
   1440000        82.2979        11.9091
   1450000        82.2791        11.9904
   1460000        82.3536        10.0772
   1470000        82.3033        10.3987
   1480000        82.3626        10.3654
   1490000        82.3483         9.5632
   1500000        82.4823         9.8785
   1510000        82.4612        10.0051
   1520000        82.4477        11.4266
   1530000        82.3794         8.0715
   1540000        82.3806         7.1500
   1550000        82.2731         7.0017
   1560000        82.1727         7.1913
   1570000        82.3357         3.9181
   1580000        82.4421         6.4850
   1590000        82.4600         6.8728
   1600000        82.5291         6.1456
   1610000        82.4073         4.9860
   1620000        82.2963        11.8366
   1630000        82.4400         9.8384
   1640000        82.4714         8.9891
   1650000        82.4737        10.5934
   1660000        82.3640        10.4823
   1670000        82.4890         8.1918
   1680000        82.5149        12.1211
   1690000        82.4941        10.0016
   1700000        82.4472        11.7515
   1710000        82.5231        10.0420
   1720000        82.5581         9.7732
   1730000        82.5870         8.3447
   1740000        82.5505         9.4556
   1750000        82.5724         9.5356
   1760000        82.4855         9.0185
   1770000        82.3481         9.8445
   1780000        82.4031        12.4720
   1790000        82.3851        12.5382
   1800000        82.3717        12.9103
   1810000        82.4058        12.9986
   1820000        82.3380        13.8318
   1830000        82.5094        13.7792
   1840000        82.4081        14.2267
   1850000        82.3986        12.9668
   1860000        82.4390        13.2127
   1870000        82.3906        11.2115
   1880000        82.4344        12.8066
   1890000        82.6194         6.3403
   1900000        82.5516         9.4164
   1910000        82.5578         7.9747
   1920000        82.5096         8.8529
   1930000        82.6118         8.2443
   1940000        82.6452         7.2341
   1950000        82.5766         4.4523
   1960000        82.6441         9.9505
   1970000        82.6544         6.5589
   1980000        82.4181         4.5728
   1990000        82.3645         6.0987
   2000000        82.3479         5.3424
   2010000        82.1498        12.7361
   2020000        82.1847        15.2917
   2030000        82.1438        13.7401
   2040000        82.1035        10.0720
   2050000        82.0702        13.9432
   2060000        82.2172         8.4430
   2070000        82.2469         9.0289
   2080000        82.3047         9.9388
   2090000        82.3115         9.1034
   2100000        82.2963         9.7915
   2110000        82.3333        10.4991
   2120000        82.2284         8.0355
   2130000        82.2082         8.2279
   2140000        82.1956         8.3252
   2150000        81.9267         5.7513
   2160000        81.8503         4.8296
   2170000        81.9033         7.2993
   2180000        81.8363         4.2900
   2190000        81.8374         6.7262
   2200000        82.2327         6.0690
   2210000        82.1329         7.3457
   2220000        82.0269        11.8156
   2230000        82.1078         8.7267
   2240000        82.1568         8.2069
   2250000        82.1769        10.9784
   2260000        82.1789        12.4258
   2270000        82.0404         7.2640
   2280000        82.1255         4.8818
   2290000        82.2063         7.4751
   2300000        82.2218         6.9886
   2310000        82.2686         7.8280
   2320000        82.2930        11.7871
   2330000        82.1544        12.4573
   2340000        82.2445        10.0543
   2350000        82.3434         7.4525
   2360000        82.1916         4.6470
   2370000        82.1599         4.5056
   2380000        82.1898         4.8264
   2390000        82.2285         4.9232
   2400000        82.3221         8.0085
   2410000        82.3431         4.6593
   2420000        82.1783         7.2870
   2430000        82.1631         5.9521
   2440000        82.2064         5.8471
   2450000        82.1875         5.1307
   2460000        82.3022         6.3789
   2470000        82.3793         4.8769
   2480000        82.3520         4.1942
   2490000        82.3859         6.5152
   2500000        82.2760         4.4546
   2510000        82.3046         3.8325
   2520000        82.1697         7.5654
   2530000        82.2146         8.7201
   2540000        81.9063         8.0467
   2550000        82.0672         6.6852
   2560000        81.9884         4.1877
   2570000        81.9710         9.5881
   2580000        82.0531         8.4557
   2590000        82.1679        11.4523
   2600000        81.8341         8.3028
   2610000        81.9428         9.4272
   2620000        81.9202        12.3050
   2630000        81.9342         8.2248
   2640000        81.9310         6.6002
   2650000        81.9848         8.4790
   2660000        81.9876         7.3602
   2670000        81.9697         6.9532
   2680000        82.0073         5.6400
   2690000        82.0454         4.0605
   2700000        81.9599         4.5989
   2710000        81.9267         5.6804
   2720000        81.9909         7.0354
   2730000        81.7405         7.7048
   2740000        81.7249         7.8809
   2750000        81.6165         6.7737
   2760000        81.6268         8.2742
   2770000        81.7554         7.9964
   2780000        81.6661         6.6896
   2790000        81.6453         9.0394
   2800000        81.7419        14.5469
   2810000        81.7426        10.2828
   2820000        81.8072         9.4516
   2830000        81.8656        11.3787
   2840000        81.7764        10.4690
   2850000        81.8297        10.9798
   2860000        81.8145        11.5003
   2870000        81.8628        11.8200
   2880000        81.7744        10.4854
   2890000        81.8923        13.8950
   2900000        81.8632        16.1466
   2910000        82.0487        16.1585
   2920000        82.0479        16.0416
   2930000        82.0257        14.9193
   2940000        82.0518        13.4976
   2950000        82.0150        16.5718
   2960000        82.1583        16.0448
   2970000        82.1763        15.8017
   2980000        82.1265        16.2101
   2990000        82.1825        16.5073
   3000000        82.3797        16.2395
   3010000        82.4157        14.9299
   3020000        82.3490        16.2084
   3030000        82.3986        14.3164
   3040000        82.3829        14.9992
   3050000        82.4977         7.8116
   3060000        82.4892        10.7883
   3070000        82.4749        13.0950
   3080000        82.4767        11.2463
   3090000        82.5210         8.7195
   3100000        82.3430        17.9232
   3110000        82.3441        17.5766
   3120000        82.3486        17.8528
   3130000        82.3846        17.1746
   3140000        82.3914        17.5068
   3150000        82.3832        17.8724
   3160000        82.4031        17.3021
   3170000        82.4283        17.5737
   3180000        82.4460        17.0066
   3190000        82.4725        18.3235
   3200000        82.5093        17.8266
   3210000        82.4775        17.5912
   3220000        82.4904        17.4251
   3230000        82.4581        16.8386
   3240000        82.4639        17.1652
   3250000        82.4203        16.4416
   3260000        82.4367        14.3791
   3270000        82.5673        16.6424
   3280000        82.5186        16.3843
   3290000        82.4836        16.7904
   3300000        82.4731        16.7984
   3310000        82.5178        16.8402
   3320000        82.4171        16.8347
   3330000        82.4761        16.6251
   3340000        82.5663        15.5341
   3350000        82.5730        11.0390
   3360000        82.5763        15.2155
   3370000        82.6188        14.9892
   3380000        82.5119        15.9315
   3390000        82.4014        16.5338
   3400000        82.3691        15.8475
   3410000        82.3675        16.9638
   3420000        82.3008        14.6189
   3430000        82.3817        13.9498
   3440000        82.4050        15.5312
   3450000        82.4192        16.6853
   3460000        82.4813        16.2135
   3470000        82.5077        15.1895
   3480000        82.4899        15.8856
   3490000        82.4994        16.1049
   3500000        82.4709        14.4814
   3510000        82.4692        16.8057
   3520000        82.4402        15.8879
   3530000        82.4012        17.0184
   3540000        82.3358        16.8972
   3550000        82.3732        17.7467
   3560000        82.3754        18.0003
   3570000        82.3434        18.1611
   3580000        82.3308        16.7430
   3590000        82.2633        16.6676
   3600000        82.3556        17.8080
   3610000        82.2041        15.4168
   3620000        82.3894        13.1378
   3630000        82.4113        15.5082
   3640000        82.4032        16.4287
   3650000        82.4019        17.4707
   3660000        82.3339        16.1650
   3670000        82.3335        18.5698
   3680000        82.3982        10.2894
   3690000        82.4237        15.1595
   3700000        82.4032        16.7156
   3710000        82.4396        15.9840
   3720000        82.5519        15.9289
   3730000        82.4742        13.8189
   3740000        82.2963        15.5586
   3750000        82.4225        15.3088
   3760000        82.4290        14.8580
   3770000        82.5070        15.4735
   3780000        82.4407        15.6633
   3790000        82.6438        15.6596
   3800000        82.3523        15.8213
