# Step CPU_Time_s
           1   1.2000000000000000E-002
       10000   44.923999999999999     
       20000   89.564000000000007     
       30000   134.58400000000000     
       40000   179.62799999999999     
       50000   224.72399999999999     
       60000   269.42400000000004     
       70000   314.30400000000003     
       80000   359.41200000000003     
       90000   404.39200000000000     
      100000   449.84800000000001     
      110000   495.19600000000003     
      120000   540.30000000000007     
      130000   585.72000000000003     
      140000   630.88400000000001     
      150000   676.15999999999997     
      160000   721.72400000000005     
      170000   767.09199999999998     
      180000   812.55200000000002     
      190000   858.07200000000000     
      200000   903.31600000000003     
      210000   948.69200000000001     
      220000   994.03600000000006     
      230000   1039.6120000000001     
      240000   1084.7480000000000     
      250000   1130.2320000000000     
      260000   1175.8600000000001     
      270000   1221.1079999999999     
      280000   1266.7160000000001     
      290000   1312.1479999999999     
      300000   1357.6800000000001     
      310000   1403.1880000000001     
      320000   1448.6840000000000     
      330000   1494.0840000000001     
      340000   1539.5240000000001     
      350000   1585.0599999999999     
      360000   1630.3879999999999     
      370000   1675.4720000000000     
      380000   1720.8840000000000     
      390000   1766.5599999999999     
      400000   1812.1520000000000     
      410000   1857.5000000000000     
      420000   1902.5119999999999     
      430000   1947.5920000000001     
      440000   1992.9480000000001     
      450000   2038.3520000000001     
      460000   2083.4560000000001     
      470000   2128.7480000000000     
      480000   2173.6840000000002     
      490000   2218.5760000000000     
      500000   2263.8719999999998     
      510000   2309.4119999999998     
      520000   2354.7680000000000     
      530000   2400.1599999999999     
      540000   2445.2959999999998     
      550000   2490.6399999999999     
      560000   2535.8919999999998     
      570000   2580.8600000000001     
      580000   2626.3240000000001     
      590000   2671.4560000000001     
      600000   2716.8240000000001     
      610000   2762.1599999999999     
      620000   2807.1320000000001     
      630000   2852.4760000000001     
      640000   2898.0599999999999     
      650000   2943.5279999999998     
      660000   2988.4440000000000     
      670000   3033.4800000000000     
      680000   3078.6840000000002     
      690000   3123.9800000000000     
      700000   3169.3040000000001     
      710000   3214.7240000000002     
      720000   3260.1360000000000     
      730000   3305.6920000000000     
      740000   3351.1599999999999     
      750000   3396.9679999999998     
      760000   3442.4560000000001     
      770000   3487.6759999999999     
      780000   3532.9600000000000     
      790000   3577.8600000000001     
      800000   3623.0520000000001     
      810000   3668.3280000000000     
      820000   3713.6959999999999     
      830000   3758.8319999999999     
      840000   3804.3240000000001     
      850000   3849.6520000000000     
      860000   3894.7359999999999     
      870000   3939.8679999999999     
      880000   3985.2719999999999     
      890000   4030.6959999999999     
      900000   4076.1480000000001     
      910000   4121.3159999999998     
      920000   4166.2359999999999     
      930000   4211.3639999999996     
      940000   4256.6439999999993     
      950000   4301.6039999999994     
      960000   4346.6999999999998     
      970000   4391.7799999999997     
      980000   4437.1039999999994     
      990000   4482.3039999999992     
     1000000   4527.5359999999991     
     1010000   4572.6839999999993     
     1020000   4617.6239999999998     
     1030000   4662.9519999999993     
     1040000   4707.9639999999999     
     1050000   4753.0999999999995     
     1060000   4797.9679999999998     
     1070000   4843.3039999999992     
     1080000   4888.6079999999993     
     1090000   4933.8480000000000     
     1100000   4979.1119999999992     
     1110000   5024.1399999999994     
     1120000   5069.3799999999992     
     1130000   5114.7199999999993     
     1140000   5160.2239999999993     
     1150000   5205.1999999999998     
     1160000   5250.4119999999994     
     1170000   5295.8639999999996     
     1180000   5340.9240000000000     
     1190000   5386.1999999999998     
     1200000   5431.2799999999997     
     1210000   5476.4559999999992     
     1220000   5521.8719999999994     
     1230000   5567.2439999999997     
     1240000   5612.2639999999992     
     1250000   5657.5519999999997     
     1260000   5702.7279999999992     
     1270000   5748.2079999999996     
     1280000   5793.3119999999999     
     1290000   5838.6199999999999     
     1300000   5884.0479999999998     
     1310000   5929.1719999999996     
     1320000   5974.5759999999991     
     1330000   6019.5839999999998     
     1340000   6064.5199999999995     
     1350000   6109.9240000000000     
     1360000   6155.0759999999991     
     1370000   6200.2999999999993     
     1380000   6245.9199999999992     
     1390000   6290.7519999999995     
     1400000   6335.8359999999993     
     1410000   6381.0319999999992     
     1420000   6426.3879999999999     
     1430000   6471.4199999999992     
     1440000   6516.5679999999993     
     1450000   6561.8799999999992     
     1460000   6607.1160000000000     
     1470000   6652.4039999999995     
     1480000   6698.0239999999994     
     1490000   6743.1879999999992     
     1500000   6788.3559999999998     
     1510000   6833.4839999999995     
     1520000   6878.7359999999999     
     1530000   6923.5599999999995     
     1540000   6968.7999999999993     
     1550000   7014.0479999999998     
     1560000   7059.3239999999996     
     1570000   7104.6039999999994     
     1580000   7149.6879999999992     
     1590000   7194.6039999999994     
     1600000   7239.7999999999993     
     1610000   7284.6599999999999     
     1620000   7329.8919999999998     
     1630000   7375.0799999999999     
     1640000   7420.3999999999996     
     1650000   7465.6679999999997     
     1660000   7510.9240000000000     
     1670000   7556.2999999999993     
     1680000   7601.6519999999991     
     1690000   7647.0719999999992     
     1700000   7692.4479999999994     
     1710000   7737.4319999999998     
     1720000   7782.4799999999996     
     1730000   7827.3119999999999     
     1740000   7872.5759999999991     
     1750000   7917.8279999999995     
     1760000   7962.9199999999992     
     1770000   8008.0079999999998     
     1780000   8053.1199999999999     
     1790000   8098.1639999999998     
     1800000   8143.5039999999999     
     1810000   8188.9240000000000     
     1820000   8234.4040000000005     
     1830000   8279.6759999999995     
     1840000   8324.8639999999996     
     1850000   8370.1279999999988     
     1860000   8415.3359999999993     
     1870000   8460.8119999999999     
     1880000   8506.0479999999989     
     1890000   8551.6279999999988     
     1900000   8596.9959999999992     
     1910000   8642.5519999999997     
     1920000   8687.4679999999989     
     1930000   8732.5839999999989     
     1940000   8777.7119999999995     
     1950000   8823.1399999999994     
     1960000   8868.7039999999997     
     1970000   8914.2600000000002     
     1980000   8959.6959999999999     
     1990000   9005.1080000000002     
     2000000   9050.3719999999994     
     2010000   9095.7719999999990     
     2020000   9141.0879999999997     
     2030000   9186.4200000000001     
     2040000   9232.1559999999990     
     2050000   9277.4920000000002     
     2060000   9322.4719999999998     
     2070000   9367.7520000000004     
     2080000   9413.0280000000002     
     2090000   9458.3840000000000     
     2100000   9503.6160000000000     
     2110000   9548.9200000000001     
     2120000   9594.5200000000004     
     2130000   9639.9120000000003     
     2140000   9684.7999999999993     
     2150000   9730.0839999999989     
     2160000   9775.2399999999998     
     2170000   9820.2520000000004     
     2180000   9865.3199999999997     
     2190000   9910.6239999999998     
     2200000   9956.1119999999992     
     2210000   10001.196000000000     
     2220000   10046.588000000000     
     2230000   10092.000000000000     
     2240000   10137.552000000000     
     2250000   10183.052000000000     
     2260000   10228.312000000000     
     2270000   10273.696000000000     
     2280000   10319.008000000000     
     2290000   10364.312000000000     
     2300000   10409.732000000000     
     2310000   10455.039999999999     
     2320000   10500.436000000000     
     2330000   10545.639999999999     
     2340000   10591.075999999999     
     2350000   10636.523999999999     
     2360000   10682.023999999999     
     2370000   10727.404000000000     
     2380000   10772.675999999999     
     2390000   10817.799999999999     
     2400000   10863.431999999999     
     2410000   10909.064000000000     
     2420000   10954.588000000000     
     2430000   10999.796000000000     
     2440000   11045.111999999999     
     2450000   11090.444000000000     
     2460000   11135.840000000000     
     2470000   11181.415999999999     
     2480000   11226.531999999999     
     2490000   11272.008000000000     
     2500000   11317.448000000000     
     2510000   11362.920000000000     
     2520000   11408.387999999999     
     2530000   11454.075999999999     
     2540000   11499.376000000000     
     2550000   11544.776000000000     
     2560000   11590.224000000000     
     2570000   11635.472000000000     
     2580000   11680.992000000000     
     2590000   11726.379999999999     
     2600000   11771.459999999999     
     2610000   11816.735999999999     
     2620000   11861.975999999999     
     2630000   11907.288000000000     
     2640000   11952.668000000000     
     2650000   11997.948000000000     
     2660000   12043.088000000000     
     2670000   12088.356000000000     
     2680000   12133.555999999999     
     2690000   12179.103999999999     
     2700000   12224.508000000000     
     2710000   12269.760000000000     
     2720000   12315.075999999999     
     2730000   12360.364000000000     
     2740000   12405.776000000000     
     2750000   12451.132000000000     
     2760000   12496.484000000000     
     2770000   12541.815999999999     
     2780000   12587.023999999999     
     2790000   12631.964000000000     
     2800000   12677.539999999999     
     2810000   12723.023999999999     
     2820000   12768.307999999999     
     2830000   12813.675999999999     
     2840000   12859.028000000000     
     2850000   12904.699999999999     
     2860000   12950.484000000000     
     2870000   12996.111999999999     
     2880000   13041.219999999999     
     2890000   13086.555999999999     
     2900000   13132.276000000000     
     2910000   13177.928000000000     
     2920000   13223.784000000000     
     2930000   13269.467999999999     
     2940000   13314.995999999999     
     2950000   13360.680000000000     
     2960000   13405.959999999999     
     2970000   13451.603999999999     
     2980000   13497.100000000000     
     2990000   13542.719999999999     
     3000000   13587.936000000000     
     3010000   13633.376000000000     
     3020000   13678.820000000000     
     3030000   13724.080000000000     
     3040000   13769.791999999999     
     3050000   13815.407999999999     
     3060000   13861.011999999999     
     3070000   13906.415999999999     
     3080000   13952.000000000000     
     3090000   13997.552000000000     
     3100000   14043.080000000000     
     3110000   14088.528000000000     
     3120000   14134.000000000000     
     3130000   14179.448000000000     
     3140000   14225.328000000000     
     3150000   14270.923999999999     
     3160000   14316.268000000000     
     3170000   14361.600000000000     
     3180000   14407.404000000000     
     3190000   14452.984000000000     
     3200000   14498.704000000000     
     3210000   14544.248000000000     
     3220000   14589.900000000000     
     3230000   14635.456000000000     
     3240000   14681.023999999999     
     3250000   14726.680000000000     
     3260000   14772.371999999999     
     3270000   14818.255999999999     
     3280000   14863.939999999999     
     3290000   14909.804000000000     
     3300000   14955.415999999999     
     3310000   15001.132000000000     
     3320000   15046.503999999999     
     3330000   15091.879999999999     
     3340000   15137.828000000000     
     3350000   15183.760000000000     
     3360000   15229.248000000000     
     3370000   15274.832000000000     
     3380000   15320.511999999999     
     3390000   15365.928000000000     
     3400000   15411.320000000000     
     3410000   15457.067999999999     
     3420000   15502.688000000000     
     3430000   15547.876000000000     
     3440000   15593.444000000000     
     3450000   15638.900000000000     
     3460000   15684.704000000000     
     3470000   15730.351999999999     
     3480000   15776.207999999999     
     3490000   15822.224000000000     
     3500000   15867.900000000000     
     3510000   15913.647999999999     
     3520000   15959.371999999999     
     3530000   16004.608000000000     
     3540000   16050.248000000000     
     3550000   16095.639999999999     
     3560000   16141.119999999999     
     3570000   16186.356000000000     
     3580000   16231.624000000000     
     3590000   16277.072000000000     
     3600000   16322.511999999999     
     3610000   16367.832000000000     
     3620000   16413.200000000001     
     3630000   16458.883999999998     
     3640000   16504.299999999999     
     3650000   16549.648000000001     
     3660000   16594.919999999998     
     3670000   16640.880000000001     
     3680000   16686.687999999998     
     3690000   16732.756000000001     
     3700000   16778.295999999998     
     3710000   16824.184000000001     
     3720000   16870.000000000000     
     3730000   16915.351999999999     
     3740000   16961.047999999999     
     3750000   17006.835999999999     
     3760000   17052.256000000001     
     3770000   17098.016000000000     
     3780000   17143.952000000001     
     3790000   17189.788000000000     
     3800000   17235.448000000000     
     3810000   17281.256000000001     
     3820000   17326.899999999998     
     3830000   17372.380000000001     
     3840000   17418.056000000000     
     3850000   17463.851999999999     
     3860000   17509.543999999998     
     3870000   17555.043999999998     
     3880000   17600.279999999999     
     3890000   17645.655999999999     
     3900000   17691.392000000000     
     3910000   17737.135999999999     
     3920000   17782.887999999999     
     3930000   17828.475999999999     
     3940000   17874.148000000001     
     3950000   17919.847999999998     
     3960000   17965.540000000001     
     3970000   18011.524000000001     
     3980000   18056.964000000000     
     3990000   18102.396000000001     
     4000000   18148.063999999998     
     4010000   18193.635999999999     
     4020000   18239.232000000000     
     4030000   18284.964000000000     
     4040000   18330.452000000001     
     4050000   18376.344000000001     
     4060000   18422.067999999999     
     4070000   18467.847999999998     
     4080000   18513.775999999998     
     4090000   18559.720000000001     
     4100000   18605.164000000001     
     4110000   18650.768000000000     
     4120000   18696.263999999999     
     4130000   18741.860000000001     
     4140000   18786.988000000001     
     4150000   18832.612000000001     
     4160000   18878.416000000001     
     4170000   18923.768000000000     
     4180000   18969.220000000001     
     4190000   19014.988000000001     
     4200000   19060.488000000001     
     4210000   19106.160000000000     
     4220000   19151.752000000000     
     4230000   19197.644000000000     
     4240000   19243.304000000000     
     4250000   19288.579999999998     
     4260000   19334.324000000001     
     4270000   19380.027999999998     
     4280000   19425.720000000001     
     4290000   19471.799999999999     
     4300000   19517.351999999999     
     4310000   19562.860000000001     
     4320000   19608.660000000000     
     4330000   19654.340000000000     
     4340000   19699.844000000001     
     4350000   19745.435999999998     
     4360000   19790.896000000001     
     4370000   19836.407999999999     
     4380000   19882.232000000000     
     4390000   19927.919999999998     
     4400000   19973.527999999998     
     4410000   20019.236000000001     
     4420000   20065.043999999998     
     4430000   20110.383999999998     
     4440000   20156.083999999999     
     4450000   20201.876000000000     
     4460000   20247.599999999999     
     4470000   20293.419999999998     
     4480000   20339.036000000000     
     4490000   20384.720000000001     
     4500000   20430.971999999998     
     4510000   20476.279999999999     
     4520000   20522.180000000000     
     4530000   20567.700000000001     
     4540000   20613.423999999999     
     4550000   20659.128000000001     
     4560000   20705.060000000001     
     4570000   20750.696000000000     
     4580000   20796.272000000001     
     4590000   20842.288000000000     
     4600000   20887.700000000001     
     4610000   20933.452000000001     
     4620000   20978.851999999999     
     4630000   21024.268000000000     
     4640000   21069.988000000001     
     4650000   21115.684000000001     
     4660000   21161.511999999999     
     4670000   21207.207999999999     
     4680000   21253.088000000000     
     4690000   21298.871999999999     
     4700000   21344.572000000000     
     4710000   21389.876000000000     
     4720000   21435.488000000001     
     4730000   21480.980000000000     
     4740000   21526.423999999999     
     4750000   21571.720000000001     
     4760000   21617.588000000000     
     4770000   21663.288000000000     
     4780000   21709.024000000001     
     4790000   21754.444000000000     
     4800000   21800.160000000000     
     4810000   21845.935999999998     
     4820000   21891.423999999999     
     4830000   21936.752000000000     
     4840000   21982.108000000000     
     4850000   22027.847999999998     
     4860000   22073.560000000001     
     4870000   22119.279999999999     
     4880000   22164.907999999999     
     4890000   22210.712000000000     
     4900000   22256.452000000001     
     4910000   22301.840000000000     
     4920000   22347.675999999999     
     4930000   22393.471999999998     
     4940000   22439.144000000000     
     4950000   22485.020000000000     
     4960000   22530.840000000000     
     4970000   22576.484000000000     
     4980000   22622.131999999998     
     4990000   22667.687999999998     
     5000000   22713.088000000000     
     5010000   22759.060000000001     
     5020000   22804.552000000000     
     5030000   22850.220000000001     
     5040000   22895.748000000000     
     5050000   22941.432000000001     
     5060000   22986.820000000000     
     5070000   23032.759999999998     
     5080000   23078.392000000000     
     5090000   23124.331999999999     
     5100000   23170.099999999999     
     5110000   23215.847999999998     
     5120000   23261.347999999998     
     5130000   23306.975999999999     
     5140000   23352.423999999999     
     5150000   23398.004000000001     
     5160000   23443.563999999998     
     5170000   23488.860000000001     
     5180000   23534.799999999999     
     5190000   23580.700000000001     
     5200000   23626.459999999999     
     5210000   23671.944000000000     
     5220000   23717.828000000001     
     5230000   23763.723999999998     
     5240000   23809.504000000001     
     5250000   23855.164000000001     
     5260000   23900.916000000001     
     5270000   23946.383999999998     
     5280000   23991.912000000000     
     5290000   24037.887999999999     
     5300000   24083.531999999999     
     5310000   24128.840000000000     
     5320000   24174.239999999998     
     5330000   24219.491999999998     
     5340000   24264.955999999998     
     5350000   24310.056000000000     
     5360000   24355.599999999999     
     5370000   24401.027999999998     
     5380000   24446.268000000000     
     5390000   24491.540000000001     
     5400000   24537.047999999999     
     5410000   24582.720000000001     
     5420000   24628.056000000000     
     5430000   24672.964000000000     
     5440000   24718.396000000001     
     5450000   24763.644000000000     
     5460000   24808.948000000000     
     5470000   24854.180000000000     
     5480000   24899.507999999998     
     5490000   24945.252000000000     
     5500000   24990.576000000001     
