# Step CPU_Time_s
         1       0.009478
     10000      48.671692
     20000      96.935484
     30000     146.032634
     40000     195.222591
     50000     244.224431
     60000     293.165792
     70000     342.107907
     80000     390.721916
     90000     439.664036
    100000     488.689800
    110000     537.119016
    120000     586.372778
    130000     635.286594
    140000     684.430872
    150000     733.464013
    160000     782.368246
    170000     831.564576
    180000     880.234862
    190000     929.915386
    200000     978.708525
    210000    1028.299872
    220000    1076.927220
    230000    1126.213710
    240000    1174.955632
    250000    1224.121973
    260000    1272.582652
    270000    1321.696079
    280000    1371.328972
    290000    1420.097693
    300000    1469.325849
    310000    1518.288611
    320000    1567.162684
    330000    1616.272215
    340000    1665.310167
    350000    1714.424045
    360000    1763.167412
    370000    1811.894615
    380000    1860.768481
    390000    1911.132239
    400000    1961.475398
    410000    2011.519605
    420000    2061.865102
    430000    2112.571499
    440000    2162.892834
    450000    2213.099363
    460000    2263.495289
    470000    2313.738930
    480000    2363.954031
    490000    2414.558434
    500000    2464.729545
    510000    2515.541993
    520000    2565.682741
    530000    2615.623800
    540000    2666.102916
    550000    2716.347672
    560000    2766.658227
    570000    2817.310078
    580000    2867.463495
    590000    2917.896363
    600000    2968.793657
    610000    3019.465256
    620000    3069.643811
    630000    3119.876642
    640000    3170.345680
    650000    3220.604760
    660000    3271.060607
    670000    3321.871208
    680000    3372.161851
    690000    3422.663843
    700000    3473.258372
    710000    3523.550790
    720000    3574.052169
    730000    3624.694135
    740000    3675.102580
    750000    3725.745767
    760000    3775.814104
    770000    3826.250161
    780000    3876.303348
    790000    3926.748409
    800000    3976.963496
    810000    4027.380751
    820000    4077.920628
    830000    4128.367714
    840000    4178.815782
    850000    4229.141642
    860000    4279.373351
    870000    4329.671518
    880000    4380.206046
    890000    4430.673198
    900000    4480.603970
    910000    4531.409555
    920000    4582.114253
    930000    4632.083551
    940000    4682.825790
    950000    4733.567597
    960000    4783.668335
    970000    4834.167732
    980000    4884.562149
    990000    4934.972443
   1000000    4985.327086
   1010000    5035.781131
   1020000    5085.745889
   1030000    5136.547444
   1040000    5186.596254
   1050000    5236.964843
   1060000    5287.397589
   1070000    5337.540382
   1080000    5387.035765
   1090000    5437.997362
   1100000    5488.378437
   1110000    5538.950021
   1120000    5589.417459
   1130000    5639.672933
   1140000    5689.546620
   1150000    5740.299621
   1160000    5790.362445
   1170000    5841.015742
   1180000    5891.361191
   1190000    5941.778927
   1200000    5992.525088
   1210000    6042.889331
   1220000    6093.541879
   1230000    6143.832303
   1240000    6194.509014
   1250000    6245.387441
   1260000    6295.228371
   1270000    6345.582082
   1280000    6395.595425
   1290000    6446.222541
   1300000    6495.970202
   1310000    6546.396385
   1320000    6597.162585
   1330000    6648.036270
   1340000    6698.414802
   1350000    6748.439469
   1360000    6798.976836
   1370000    6849.718652
   1380000    6900.386935
   1390000    6950.449609
   1400000    7000.951543
   1410000    7051.176978
   1420000    7101.345266
   1430000    7151.703834
   1440000    7202.646301
   1450000    7252.715031
   1460000    7303.350728
   1470000    7352.889822
   1480000    7403.388906
   1490000    7453.795424
   1500000    7503.761640
   1510000    7554.805307
   1520000    7604.886311
   1530000    7655.775779
   1540000    7706.152236
   1550000    7756.531174
   1560000    7807.564511
   1570000    7858.610581
   1580000    7908.647612
   1590000    7959.778503
   1600000    8009.900080
   1610000    8060.388240
   1620000    8110.795036
   1630000    8161.276682
   1640000    8212.126784
   1650000    8261.999451
   1660000    8312.140908
   1670000    8362.672691
   1680000    8413.174232
   1690000    8463.748925
   1700000    8514.274972
   1710000    8565.145425
   1720000    8615.368280
   1730000    8665.645707
   1740000    8715.845347
   1750000    8766.497099
   1760000    8816.861284
   1770000    8867.299084
   1780000    8917.753273
   1790000    8967.693437
   1800000    9018.083872
   1810000    9068.421065
   1820000    9118.398617
   1830000    9168.602539
   1840000    9219.629108
   1850000    9270.241354
   1860000    9320.271816
   1870000    9370.791842
   1880000    9421.860494
   1890000    9472.381916
   1900000    9522.413394
   1910000    9572.194317
   1920000    9622.765911
   1930000    9672.723185
   1940000    9723.291020
   1950000    9773.903980
   1960000    9823.937743
   1970000    9874.097228
   1980000    9924.280436
   1990000    9974.412829
   2000000   10024.367413
   2010000   10075.168049
   2020000   10125.592001
   2030000   10176.122108
   2040000   10226.342652
   2050000   10277.338047
   2060000   10327.326096
   2070000   10377.793179
   2080000   10428.388760
   2090000   10478.323446
   2100000   10528.983203
   2110000   10579.249028
   2120000   10629.309810
   2130000   10679.608097
   2140000   10730.254014
   2150000   10780.763114
   2160000   10831.687288
   2170000   10882.262570
   2180000   10932.944255
   2190000   10983.565195
   2200000   11033.685711
   2210000   11083.580754
   2220000   11133.745230
   2230000   11184.088099
   2240000   11234.880862
   2250000   11285.726833
   2260000   11336.045086
   2270000   11386.777250
   2280000   11437.066005
   2290000   11487.647053
   2300000   11537.854448
   2310000   11587.875816
   2320000   11638.427933
   2330000   11689.237163
   2340000   11739.471258
   2350000   11789.436289
   2360000   11839.340821
   2370000   11889.963473
   2380000   11940.021763
   2390000   11990.784747
   2400000   12040.913795
   2410000   12091.282276
   2420000   12141.332830
   2430000   12192.223631
   2440000   12242.549782
   2450000   12293.229852
   2460000   12343.153963
   2470000   12393.935114
   2480000   12444.199442
   2490000   12494.415226
   2500000   12545.015648
   2510000   12595.178095
   2520000   12645.464033
   2530000   12695.313555
   2540000   12746.020359
   2550000   12795.812582
   2560000   12846.537138
   2570000   12896.862964
   2580000   12947.744685
   2590000   12998.279041
   2600000   13049.069280
   2610000   13099.554802
   2620000   13150.046401
   2630000   13200.612785
   2640000   13250.747804
   2650000   13301.515012
   2660000   13352.309973
   2670000   13402.634883
   2680000   13452.995001
   2690000   13504.019454
   2700000   13553.895456
   2710000   13603.857906
   2720000   13654.515340
   2730000   13705.076151
   2740000   13755.702758
   2750000   13806.179981
   2760000   13856.503579
   2770000   13906.971556
   2780000   13957.459230
   2790000   14007.857928
   2800000   14058.750837
   2810000   14108.418590
   2820000   14159.218601
   2830000   14209.910722
   2840000   14260.449709
   2850000   14310.836296
   2860000   14361.269834
   2870000   14412.334059
   2880000   14461.994538
   2890000   14511.877423
   2900000   14562.409299
   2910000   14612.313784
   2920000   14663.041466
   2930000   14713.596603
   2940000   14763.526157
   2950000   14814.367104
   2960000   14865.265039
   2970000   14915.954493
   2980000   14966.464516
   2990000   15016.491994
   3000000   15067.224263
   3010000   15117.519352
   3020000   15168.367782
   3030000   15218.776940
   3040000   15268.885099
   3050000   15319.371525
   3060000   15369.853524
   3070000   15419.828460
   3080000   15470.273807
   3090000   15520.960358
   3100000   15571.388160
   3110000   15621.479551
   3120000   15671.922677
   3130000   15722.430892
   3140000   15772.388659
   3150000   15822.747593
   3160000   15873.000359
   3170000   15923.951248
   3180000   15973.932037
   3190000   16024.578049
   3200000   16074.378982
   3210000   16124.873121
   3220000   16175.551408
   3230000   16225.899258
   3240000   16274.410322
   3250000   16323.420246
   3260000   16372.963749
   3270000   16421.964086
   3280000   16470.956335
   3290000   16520.140679
   3300000   16569.200708
   3310000   16618.397513
   3320000   16667.528891
   3330000   16716.445125
   3340000   16765.684887
   3350000   16815.182300
   3360000   16863.926692
   3370000   16913.113871
   3380000   16962.476512
   3390000   17011.353223
   3400000   17060.749090
   3410000   17109.578422
   3420000   17159.210670
   3430000   17208.372748
   3440000   17256.986018
   3450000   17306.274350
   3460000   17355.091339
   3470000   17404.027556
   3480000   17453.460456
   3490000   17503.065728
   3500000   17551.985937
   3510000   17601.199721
   3520000   17650.378189
   3530000   17699.325462
   3540000   17748.814814
   3550000   17797.884047
   3560000   17847.154307
   3570000   17896.014772
   3580000   17945.389445
   3590000   17994.633455
   3600000   18044.140329
   3610000   18093.064142
   3620000   18142.431675
   3630000   18191.313249
   3640000   18241.026265
   3650000   18290.230972
   3660000   18339.245837
   3670000   18388.399895
   3680000   18437.449690
   3690000   18486.617590
   3700000   18535.290955
   3710000   18584.611227
   3720000   18633.737973
   3730000   18682.753506
   3740000   18731.939456
   3750000   18781.028347
   3760000   18830.141037
   3770000   18879.443900
   3780000   18928.626860
   3790000   18977.740116
   3800000   19026.801228
   3810000   19076.004351
   3820000   19124.905848
   3830000   19173.992363
   3840000   19223.242193
   3850000   19272.059014
   3860000   19321.415794
   3870000   19370.602173
   3880000   19419.423053
   3890000   19468.854291
   3900000   19517.727316
   3910000   19567.047548
   3920000   19616.249507
   3930000   19665.203625
   3940000   19714.659222
   3950000   19763.888736
   3960000   19812.614820
   3970000   19862.118990
   3980000   19911.232579
   3990000   19960.354352
   4000000   20009.270780
   4010000   20058.514457
   4020000   20107.458886
   4030000   20156.624727
   4040000   20205.916447
   4050000   20255.007954
   4060000   20304.414830
   4070000   20353.199939
   4080000   20403.046392
   4090000   20452.280816
   4100000   20501.110986
   4110000   20550.381952
   4120000   20599.283280
   4130000   20648.080206
   4140000   20697.117196
   4150000   20746.106784
   4160000   20795.012022
   4170000   20844.478583
   4180000   20893.603509
   4190000   20942.405095
   4200000   20991.639579
   4210000   21041.033736
   4220000   21090.199640
   4230000   21138.795673
   4240000   21188.348033
   4250000   26125.250612
   4260000   31036.350553
   4270000   31085.489958
   4280000   31134.266034
   4290000   31183.338152
   4300000   31232.530473
   4310000   31281.497586
   4320000   31330.257248
   4330000   31379.603229
   4340000   31428.534175
   4350000   31477.407610
   4360000   31527.172313
   4370000   31576.428673
   4380000   31625.119893
   4390000   31674.774978
   4400000   31724.139669
   4410000   31773.247131
   4420000   31822.397505
   4430000   31871.189798
   4440000   31920.711844
   4450000   31970.397238
   4460000   32018.984225
   4470000   32068.149369
   4480000   32117.050949
   4490000   32165.707472
   4500000   32214.783296
   4510000   32264.358926
   4520000   32313.273688
   4530000   32362.221492
   4540000   32411.595776
   4550000   32460.477931
   4560000   32509.984209
   4570000   32558.834800
   4580000   32608.329992
   4590000   32657.615432
   4600000   32706.756892
