# Step CPU_Time_s
         1       0.008578
     10000      48.036649
     20000      97.191139
     30000     145.606599
     40000     194.311909
     50000     243.554747
     60000     292.813345
     70000     341.563520
     80000     390.284125
     90000     439.209575
    100000     487.862382
    110000     536.942214
    120000     586.034183
    130000     634.549237
    140000     683.615336
    150000     732.944453
    160000     781.754663
    170000     831.000590
    180000     880.454763
    190000     929.294414
    200000     978.254395
    210000    1027.782955
    220000    1077.010453
    230000    1125.850942
    240000    1174.304577
    250000    1223.358049
    260000    1272.258056
    270000    1321.536910
    280000    1370.806248
    290000    1419.640266
    300000    1468.514728
    310000    1517.589963
    320000    1566.385526
    330000    1615.766308
    340000    1664.708592
    350000    1713.728828
    360000    1762.938408
    370000    1811.564208
    380000    1860.311373
    390000    1910.688196
    400000    1961.210713
    410000    2011.350575
    420000    2061.256828
    430000    2111.732190
    440000    2162.387817
    450000    2212.737055
    460000    2263.013813
    470000    2313.424846
    480000    2363.486500
    490000    2414.180916
    500000    2464.205882
    510000    2514.711734
    520000    2565.634981
    530000    2615.679965
    540000    2665.494562
    550000    2715.940064
    560000    2766.410203
    570000    2816.411845
    580000    2867.194393
    590000    2917.345693
    600000    2967.790642
    610000    3018.827287
    620000    3069.180175
    630000    3119.528446
    640000    3170.266205
    650000    3220.819205
    660000    3270.941639
    670000    3320.933932
    680000    3371.362624
    690000    3422.129887
    700000    3472.582573
    710000    3522.555297
    720000    3573.559457
    730000    3624.441252
    740000    3674.472879
    750000    3725.033043
    760000    3775.395069
    770000    3825.665815
    780000    3875.956790
    790000    3926.046768
    800000    3976.573280
    810000    4027.021741
    820000    4077.523758
    830000    4127.820540
    840000    4178.357162
    850000    4228.448625
    860000    4279.211926
    870000    4329.082249
    880000    4379.779833
    890000    4429.769690
    900000    4480.236436
    910000    4530.539818
    920000    4581.219896
    930000    4631.529832
    940000    4682.600068
    950000    4732.961280
    960000    4783.496158
    970000    4833.533974
    980000    4884.362613
    990000    4934.614676
   1000000    4984.234578
   1010000    5035.270316
   1020000    5085.847423
   1030000    5135.265438
   1040000    5186.055991
   1050000    5236.388256
   1060000    5286.698523
   1070000    5337.037275
   1080000    5387.019912
   1090000    5437.660877
   1100000    5488.112610
   1110000    5538.856448
   1120000    5589.195257
   1130000    5639.073074
   1140000    5689.642227
   1150000    5739.148126
   1160000    5790.034624
   1170000    5840.456476
   1180000    5890.791366
   1190000    5940.989464
   1200000    5991.869498
   1210000    6042.162011
   1220000    6092.673129
   1230000    6143.558221
   1240000    6194.011039
   1250000    6244.405048
   1260000    6294.865319
   1270000    6345.331764
   1280000    6395.590150
   1290000    6445.474137
   1300000    6495.704641
   1310000    6546.196823
   1320000    6596.850341
   1330000    6647.150403
   1340000    6698.153565
   1350000    6748.359904
   1360000    6798.646370
   1370000    6848.766838
   1380000    6899.830588
   1390000    6950.239250
   1400000    7000.267426
   1410000    7050.609703
   1420000    7101.371052
   1430000    7151.255097
   1440000    7202.029492
   1450000    7252.222111
   1460000    7302.711454
   1470000    7352.895458
   1480000    7403.233993
   1490000    7453.792152
   1500000    7504.049325
   1510000    7554.059176
   1520000    7604.913603
   1530000    7654.962154
   1540000    7705.619365
   1550000    7756.417830
   1560000    7807.078269
   1570000    7857.711126
   1580000    7908.426928
   1590000    7959.101751
   1600000    8009.288973
   1610000    8059.741253
   1620000    8110.272990
   1630000    8161.255968
   1640000    8211.818520
   1650000    8261.485748
   1660000    8311.821482
   1670000    8362.438653
   1680000    8413.021833
   1690000    8463.324955
   1700000    8513.907358
   1710000    8564.795656
   1720000    8614.844448
   1730000    8665.162624
   1740000    8715.562870
   1750000    8766.543001
   1760000    8816.650945
   1770000    8866.597548
   1780000    8916.998681
   1790000    8966.994881
   1800000    9017.614547
   1810000    9067.353412
   1820000    9118.221560
   1830000    9168.132403
   1840000    9219.334102
   1850000    9269.505868
   1860000    9320.568424
   1870000    9371.115250
   1880000    9420.868083
   1890000    9471.388278
   1900000    9521.602480
   1910000    9571.680854
   1920000    9622.004080
   1930000    9672.453585
   1940000    9722.824029
   1950000    9773.081831
   1960000    9823.778888
   1970000    9873.367353
   1980000    9923.557666
   1990000    9973.897967
   2000000   10024.030550
   2010000   10074.337118
   2020000   10125.158835
   2030000   10175.574337
   2040000   10226.077395
   2050000   10276.167291
   2060000   10327.190012
   2070000   10377.468398
   2080000   10427.346815
   2090000   10478.222480
   2100000   10528.409200
   2110000   10578.898957
   2120000   10628.584416
   2130000   10679.305566
   2140000   10729.955395
   2150000   10780.349460
   2160000   10831.226101
   2170000   10881.649015
   2180000   10932.380740
   2190000   10982.414950
   2200000   11033.397757
   2210000   11083.145054
   2220000   11133.656760
   2230000   11184.031439
   2240000   11234.500176
   2250000   11285.370191
   2260000   11335.532195
   2270000   11386.041584
   2280000   11436.650857
   2290000   11486.970729
   2300000   11537.310239
   2310000   11587.348237
   2320000   11638.017718
   2330000   11688.946161
   2340000   11739.286439
   2350000   11788.779734
   2360000   11839.227313
   2370000   11889.534899
   2380000   11939.743257
   2390000   11990.683125
   2400000   12040.058650
   2410000   12090.894901
   2420000   12140.846120
   2430000   12191.324019
   2440000   12241.997617
   2450000   12292.898689
   2460000   12343.352258
   2470000   12393.273306
   2480000   12443.598245
   2490000   12493.878839
   2500000   12544.329142
   2510000   12594.280631
   2520000   12644.553144
   2530000   12694.977028
   2540000   12745.370496
   2550000   12795.738297
   2560000   12845.738930
   2570000   12896.345245
   2580000   12947.382878
   2590000   12998.185855
   2600000   13048.366555
   2610000   13098.928345
   2620000   13149.695549
   2630000   13199.961585
   2640000   13250.082457
   2650000   13300.964191
   2660000   13351.895702
   2670000   13402.162107
   2680000   13453.047987
   2690000   13503.300185
   2700000   13553.500865
   2710000   13603.694358
   2720000   13653.537667
   2730000   13704.314676
   2740000   13755.003195
   2750000   13805.341593
   2760000   13856.011230
   2770000   13906.733894
   2780000   13956.763073
   2790000   14007.357350
   2800000   14057.739168
   2810000   14108.523915
   2820000   14158.516721
   2830000   14209.639322
   2840000   14259.792701
   2850000   14310.150090
   2860000   14360.691026
   2870000   14410.957614
   2880000   14461.523827
   2890000   14511.411944
   2900000   14561.754140
   2910000   14611.878436
   2920000   14662.327983
   2930000   14712.888767
   2940000   14763.387487
   2950000   14813.713381
   2960000   14864.616713
   2970000   14915.522103
   2980000   14965.931311
   2990000   15016.039044
   3000000   15066.547346
   3010000   15116.852578
   3020000   15167.962211
   3030000   15217.573335
   3040000   15268.222305
   3050000   15318.699566
   3060000   15368.951146
   3070000   15419.090844
   3080000   15469.938432
   3090000   15520.368321
   3100000   15570.857536
   3110000   15620.703578
   3120000   15671.057748
   3130000   15721.475497
   3140000   15771.505293
   3150000   15822.425678
   3160000   15872.931961
   3170000   15923.658160
   3180000   15973.628779
   3190000   16023.921015
   3200000   16073.751149
   3210000   16124.484139
   3220000   16175.231397
   3230000   16225.357051
   3240000   16274.350819
   3250000   16323.321479
   3260000   16372.113075
   3270000   16421.338969
   3280000   16470.448442
   3290000   16519.743559
   3300000   16568.883078
   3310000   16617.451719
   3320000   16666.914543
   3330000   16716.187742
   3340000   16765.120160
   3350000   16814.435032
   3360000   16863.927257
   3370000   16912.893981
   3380000   16962.139661
   3390000   17010.723884
   3400000   17059.901337
   3410000   17109.334410
   3420000   17158.113302
   3430000   17207.445591
   3440000   17256.998202
   3450000   17305.397806
   3460000   17355.130847
   3470000   17403.644997
   3480000   17453.087051
   3490000   17502.586575
   3500000   17551.423579
   3510000   17600.421898
   3520000   17649.775156
   3530000   17698.627314
   3540000   17747.741060
   3550000   17797.029738
   3560000   17846.509848
   3570000   17895.442784
   3580000   17944.711895
   3590000   17993.940408
   3600000   18043.224624
   3610000   18092.728223
   3620000   18142.043990
   3630000   18190.616223
   3640000   18240.368688
   3650000   18289.312082
   3660000   18338.986357
   3670000   18387.798855
   3680000   18437.267892
   3690000   18485.622795
   3700000   18535.262344
   3710000   18584.257235
   3720000   18633.018800
   3730000   18682.474446
   3740000   18731.403166
   3750000   18780.425022
   3760000   18829.651137
   3770000   18878.821996
   3780000   18928.025964
   3790000   18977.324650
   3800000   19026.175039
   3810000   19075.514169
   3820000   19124.540150
   3830000   19173.353375
   3840000   19222.329424
   3850000   19271.611698
   3860000   19321.083421
   3870000   19370.108780
   3880000   19419.129757
   3890000   19468.070325
   3900000   19517.351391
   3910000   19566.378706
   3920000   19615.047611
   3930000   19664.825809
   3940000   19713.907637
   3950000   19763.000829
   3960000   19812.568569
   3970000   19861.844492
   3980000   19910.813008
   3990000   19959.682969
   4000000   20008.681765
   4010000   20057.919346
   4020000   20107.020963
   4030000   20156.059490
   4040000   20205.587872
   4050000   20254.885060
   4060000   20303.853859
   4070000   20353.136718
   4080000   20401.711302
   4090000   20451.388535
   4100000   20500.756658
   4110000   20549.545522
   4120000   20598.947926
   4130000   20647.675609
   4140000   20696.781890
   4150000   20745.818427
   4160000   20794.960859
   4170000   20844.077240
   4180000   20892.977855
   4190000   20942.022912
   4200000   20991.015131
   4210000   21040.170102
   4220000   21089.614294
   4230000   21138.667374
   4240000   21187.751525
   4250000   26124.713833
   4260000   31036.113267
   4270000   31084.799202
   4280000   31133.959403
   4290000   31183.177959
   4300000   31232.037770
   4310000   31280.988086
   4320000   31329.815580
   4330000   31379.049347
   4340000   31427.921330
   4350000   31477.106855
   4360000   31526.543947
   4370000   31575.823209
   4380000   31624.948727
   4390000   31674.164049
   4400000   31723.248427
   4410000   31773.071149
   4420000   31821.590200
   4430000   31870.906477
   4440000   31919.991772
   4450000   31969.565235
   4460000   32019.089055
   4470000   32067.763689
   4480000   32116.403205
   4490000   32165.302331
   4500000   32214.292685
   4510000   32263.882498
   4520000   32312.485662
   4530000   32361.559977
   4540000   32411.240272
   4550000   32460.180904
   4560000   32509.735446
   4570000   32558.593398
   4580000   32607.964266
   4590000   32657.020887
   4600000   32705.976941
