# Step E_total E_lj E_tors
         1       -26.1361       -26.1361         0.0000
     10000       147.1274       -27.6338       174.7612
     20000       136.9770       -37.9709       174.9479
     30000       143.0522       -39.7027       182.7549
     40000       140.6600       -39.9895       180.6495
     50000       132.5820       -44.9847       177.5667
     60000       133.5665       -39.2722       172.8387
     70000       140.6711       -38.2363       178.9075
     80000       131.1537       -43.0941       174.2478
     90000       135.3532       -43.1385       178.4917
    100000       134.0423       -42.4524       176.4947
    110000       141.2762       -42.5156       183.7918
    120000       140.7223       -38.4458       179.1681
    130000       138.6743       -42.9693       181.6436
    140000       136.4785       -48.2111       184.6896
    150000       132.8025       -49.1265       181.9290
    160000       133.7456       -48.0460       181.7916
    170000       128.3820       -51.4015       179.7835
    180000       128.4662       -54.7485       183.2146
    190000       121.6920       -59.1123       180.8043
    200000       127.8582       -55.2439       183.1021
    210000       120.5771       -60.4081       180.9852
    220000       119.3552       -57.2702       176.6254
    230000       117.9919       -60.4410       178.4330
    240000       113.1325       -62.5344       175.6669
    250000       112.7337       -60.9115       173.6453
    260000       112.8768       -60.4467       173.3235
    270000       111.6264       -64.6766       176.3030
    280000       114.9822       -64.9313       179.9135
    290000       114.1885       -63.8337       178.0222
    300000       110.0028       -65.6149       175.6177
    310000       113.1372       -63.0975       176.2347
    320000       113.9566       -62.4460       176.4026
    330000       114.4844       -65.0435       179.5279
    340000       110.7186       -63.9414       174.6601
    350000       113.5444       -63.2590       176.8034
    360000       115.7909       -62.9892       178.7801
    370000       114.9952       -61.5786       176.5738
    380000       119.9869       -58.4675       178.4544
    390000       113.2731       -65.3249       178.5979
    400000       119.4477       -60.3710       179.8187
    410000       120.4225       -60.7993       181.2219
    420000       115.5919       -63.1540       178.7458
    430000       112.6007       -64.6216       177.2223
    440000       109.6964       -68.2282       177.9246
    450000       111.6310       -62.3786       174.0096
    460000       110.4707       -66.2442       176.7149
    470000       110.4826       -66.0080       176.4906
    480000       114.6805       -66.4443       181.1247
    490000       114.4322       -62.7861       177.2183
    500000       114.8846       -69.0184       183.9030
    510000       118.7817       -63.2123       181.9940
    520000       112.9925       -68.2339       181.2263
    530000       113.8388       -65.6220       179.4609
    540000       110.5054       -69.8301       180.3355
    550000       106.2752       -69.0261       175.3013
    560000       108.6503       -65.5088       174.1591
    570000       111.0095       -65.9181       176.9276
    580000       106.6006       -65.0125       171.6131
    590000       106.3276       -66.6911       173.0187
    600000       109.3376       -65.4652       174.8028
    610000       107.7251       -64.4253       172.1504
    620000       109.8198       -61.9067       171.7265
    630000       103.3941       -66.5505       169.9447
    640000       112.9022       -63.4750       176.3771
    650000       113.0782       -61.9880       175.0662
    660000       111.0623       -65.3722       176.4346
    670000       112.0139       -66.1886       178.2025
    680000       109.8335       -66.1462       175.9797
    690000       114.8602       -62.8296       177.6898
    700000       111.6291       -64.1219       175.7509
    710000       108.5319       -67.0395       175.5714
    720000       110.5305       -63.0507       173.5812
    730000       112.0709       -63.4845       175.5554
    740000       106.1263       -63.8760       170.0023
    750000       101.4376       -68.8166       170.2542
    760000       105.0327       -67.1785       172.2112
    770000       106.6390       -65.7278       172.3668
    780000       104.5742       -69.1628       173.7370
    790000       107.4406       -65.1386       172.5792
    800000       109.5796       -67.2157       176.7953
    810000       111.8227       -64.7190       176.5417
    820000       108.5950       -66.9235       175.5185
    830000       107.2061       -66.9215       174.1276
    840000       108.5443       -67.3278       175.8721
    850000       100.0772       -71.6746       171.7518
    860000       102.9982       -70.6663       173.6644
    870000       100.3954       -70.8772       171.2726
    880000       102.5541       -69.9774       172.5315
    890000        99.6827       -69.3470       169.0297
    900000       108.3058       -66.8893       175.1951
    910000       103.8446       -67.5014       171.3459
    920000       102.7280       -67.9909       170.7189
    930000       100.7267       -69.9591       170.6858
    940000       102.1655       -67.9901       170.1557
    950000       104.2053       -67.5039       171.7092
    960000       105.0539       -66.5370       171.5910
    970000       108.3882       -63.6088       171.9970
    980000       106.1867       -66.4365       172.6233
    990000       106.6684       -66.4054       173.0738
   1000000       101.2135       -68.6333       169.8468
   1010000       102.6677       -66.7002       169.3679
   1020000        96.2625       -74.1748       170.4373
   1030000        97.1316       -74.9796       172.1112
   1040000       103.3542       -72.1041       175.4582
   1050000        99.0443       -72.3953       171.4396
   1060000       101.6638       -75.7070       177.3708
   1070000       103.7654       -71.1311       174.8965
   1080000       102.5486       -67.3298       169.8784
   1090000       104.9679       -68.8331       173.8010
   1100000       103.2289       -71.1988       174.4277
   1110000       105.5566       -68.5836       174.1402
   1120000       104.6462       -69.0798       173.7260
   1130000       112.0474       -64.0564       176.1038
   1140000       105.7968       -69.7358       175.5326
   1150000       102.5332       -71.5984       174.1316
   1160000       104.8344       -70.1649       174.9992
   1170000       108.6348       -66.3642       174.9990
   1180000       108.0776       -67.7353       175.8129
   1190000       114.1845       -66.3094       180.4939
   1200000       103.1885       -71.1488       174.3372
   1210000       103.6181       -69.8399       173.4579
   1220000       106.2894       -68.9983       175.2877
   1230000       111.8009       -60.8302       172.6311
   1240000       106.3267       -70.1823       176.5091
   1250000       104.6321       -69.7405       174.3726
   1260000       103.6589       -71.0184       174.6773
   1270000       102.3397       -68.0918       170.4315
   1280000       108.5546       -67.2913       175.8459
   1290000        99.5896       -70.0472       169.6368
   1300000       100.0405       -70.5579       170.5983
   1310000        99.6062       -73.4865       173.0928
   1320000       103.7866       -70.7866       174.5732
   1330000       102.7942       -69.5134       172.3076
   1340000       105.7238       -70.3883       176.1121
   1350000       101.3202       -72.2168       173.5370
   1360000       105.6021       -72.3940       177.9961
   1370000       104.6761       -71.9873       176.6634
   1380000       105.6903       -69.1542       174.8445
   1390000       106.9454       -69.5293       176.4747
   1400000       101.7363       -66.9754       168.7116
   1410000       101.9170       -70.7144       172.6314
   1420000       102.4149       -69.5880       172.0029
   1430000       100.5244       -69.1597       169.6841
   1440000       101.3502       -70.9641       172.3143
   1450000       104.4661       -68.0268       172.4929
   1460000       104.8224       -68.8435       173.6659
   1470000       104.7168       -72.0028       176.7196
   1480000       105.3501       -67.6274       172.9776
   1490000       106.0115       -69.4613       175.4728
   1500000       104.5680       -69.3574       173.9254
   1510000       104.5080       -71.6796       176.1876
   1520000       104.5862       -72.0408       176.6270
   1530000       103.4789       -72.7212       176.2000
   1540000       102.1392       -72.6803       174.8195
   1550000       104.3318       -70.8760       175.2078
   1560000       104.0749       -70.0812       174.1561
   1570000       102.1093       -72.9228       175.0321
   1580000       109.4734       -68.9153       178.3887
   1590000       105.1807       -71.8736       177.0543
   1600000       103.1408       -71.3305       174.4713
   1610000       106.1689       -74.1952       180.3641
   1620000       105.8185       -70.6559       176.4744
   1630000       108.7552       -68.5999       177.3552
   1640000       106.8059       -68.7370       175.5428
   1650000       107.1477       -68.4820       175.6297
   1660000       101.5750       -71.8934       173.4685
   1670000       102.6756       -70.7259       173.4015
   1680000       103.2006       -72.2971       175.4977
   1690000       112.0075       -63.6254       175.6329
   1700000       105.5968       -70.1429       175.7397
   1710000       108.8332       -70.9103       179.7435
   1720000       109.0032       -70.5530       179.5562
   1730000       106.7789       -72.4423       179.2212
   1740000       110.0019       -73.4021       183.4040
   1750000       112.3702       -70.6739       183.0440
   1760000       104.1279       -72.6366       176.7646
   1770000       105.6080       -73.1613       178.7693
   1780000       104.8153       -72.6188       177.4341
   1790000        98.2139       -75.9363       174.1503
   1800000        99.3232       -73.8269       173.1500
   1810000        99.8597       -72.7133       172.5729
   1820000       106.4522       -68.9849       175.4371
   1830000       102.4718       -73.2751       175.7468
   1840000       107.2010       -68.3764       175.5773
   1850000       104.7868       -72.3518       177.1387
   1860000       105.1223       -70.8795       176.0018
   1870000       103.3086       -71.9107       175.2192
   1880000       101.3861       -72.3218       173.7080
   1890000       100.4253       -73.4458       173.8711
   1900000       103.8126       -70.8252       174.6379
   1910000       103.0881       -72.0430       175.1310
   1920000       107.0652       -70.1576       177.2227
   1930000       103.1627       -73.0563       176.2191
   1940000       109.3768       -68.8255       178.2023
   1950000       105.2761       -74.6640       179.9401
   1960000       113.6942       -69.8932       183.5874
   1970000       106.8128       -72.3863       179.1991
   1980000       111.1913       -69.0186       180.2100
   1990000       105.4209       -71.9873       177.4083
   2000000       108.8160       -71.4073       180.2233
   2010000       110.9456       -68.6394       179.5850
   2020000       114.7515       -66.0574       180.8089
   2030000       105.8876       -70.8514       176.7389
   2040000       108.0434       -69.5980       177.6415
   2050000       104.0509       -72.3861       176.4370
   2060000       103.0727       -72.6131       175.6857
   2070000       106.9255       -70.0733       176.9988
   2080000       114.7279       -62.1676       176.8955
   2090000       107.5559       -69.3811       176.9370
   2100000       110.3379       -68.4204       178.7583
   2110000       103.0312       -71.9353       174.9664
   2120000       114.4364       -68.2228       182.6592
   2130000       116.5333       -67.5170       184.0503
   2140000       107.0779       -68.9599       176.0378
   2150000       108.2977       -72.7315       181.0292
   2160000       105.5052       -70.7792       176.2843
   2170000       111.9876       -66.1093       178.0969
   2180000       110.2616       -67.2849       177.5465
   2190000       109.1447       -68.4853       177.6300
   2200000       108.1708       -69.9722       178.1429
   2210000       105.9321       -70.3300       176.2621
   2220000       107.4985       -71.3063       178.8048
   2230000       111.2387       -69.1951       180.4337
   2240000       106.5638       -71.0651       177.6289
   2250000       109.3497       -67.4499       176.7996
   2260000       108.9611       -67.0628       176.0239
   2270000       108.1859       -65.0421       173.2280
   2280000       110.6368       -66.2176       176.8544
   2290000       108.7307       -68.0356       176.7663
   2300000       108.5114       -68.2273       176.7387
   2310000       109.3190       -69.6644       178.9834
   2320000       105.2735       -68.6987       173.9722
   2330000       106.7785       -66.0792       172.8577
   2340000       101.9428       -73.3911       175.3339
   2350000       103.6021       -69.4569       173.0590
   2360000       104.4484       -71.1149       175.5633
   2370000       107.9196       -68.6099       176.5295
   2380000       109.2115       -64.7741       173.9856
   2390000       103.8530       -71.2664       175.1193
   2400000       107.5811       -68.1389       175.7200
   2410000       108.1676       -68.7270       176.8945
   2420000       100.2297       -70.8296       171.0593
   2430000       107.0292       -69.6965       176.7257
   2440000       104.4474       -69.5149       173.9623
   2450000       102.7521       -68.0337       170.7858
   2460000       103.1057       -69.6600       172.7657
   2470000       107.6862       -70.0681       177.7543
   2480000       106.0250       -70.4090       176.4340
   2490000       105.2910       -68.5141       173.8051
   2500000       101.5959       -68.0190       169.6150
   2510000       106.5625       -68.8502       175.4127
   2520000       104.4573       -68.9408       173.3981
   2530000       102.8102       -70.0593       172.8695
   2540000       107.3475       -68.7076       176.0551
   2550000       107.5861       -63.1937       170.7798
   2560000       106.0493       -69.2496       175.2989
   2570000       103.9240       -69.1404       173.0645
   2580000       100.5244       -70.7109       171.2353
   2590000       103.0063       -71.3472       174.3535
   2600000       109.3015       -66.3675       175.6690
   2610000       107.4477       -68.2261       175.6738
   2620000       108.3374       -71.2307       179.5680
   2630000       109.7014       -65.4937       175.1951
   2640000       107.0441       -70.9380       177.9822
   2650000       111.5257       -66.4661       177.9917
   2660000       102.1337       -71.2936       173.4273
   2670000       102.3170       -71.3843       173.7013
   2680000       104.0535       -70.8185       174.8720
   2690000       104.0615       -69.2136       173.2751
   2700000       107.3165       -71.1270       178.4435
   2710000       105.5540       -67.2396       172.7935
   2720000       109.0584       -68.4434       177.5019
   2730000       114.1509       -67.0632       181.2141
   2740000       105.8203       -69.0385       174.8588
   2750000       111.6486       -65.9582       177.6068
   2760000       110.1382       -66.3871       176.5253
   2770000       114.4422       -67.1894       181.6316
   2780000       111.5884       -68.1137       179.7021
   2790000       115.5638       -67.5019       183.0657
   2800000       108.9372       -67.0819       176.0191
   2810000       108.8857       -69.0523       177.9380
   2820000       111.7265       -64.5165       176.2430
   2830000       113.5010       -65.0914       178.5923
   2840000       118.5061       -61.7355       180.2416
   2850000       105.9781       -67.7428       173.7209
   2860000       107.4520       -67.8848       175.3368
   2870000       107.3904       -69.3767       176.7671
   2880000       103.4510       -70.5121       173.9631
   2890000       104.4242       -69.2872       173.7114
   2900000       108.0204       -65.8257       173.8461
   2910000       103.8371       -68.4729       172.3100
   2920000       103.4125       -68.1156       171.5281
   2930000       104.9086       -69.2093       174.1179
   2940000       104.8934       -69.2501       174.1434
   2950000       106.9392       -66.7068       173.6460
   2960000       104.3448       -67.4045       171.7494
   2970000       108.5235       -63.8457       172.3692
   2980000       107.2868       -66.6062       173.8930
   2990000       114.3496       -63.1540       177.5036
   3000000       107.3096       -67.9320       175.2416
   3010000       105.0284       -67.2649       172.2933
   3020000       107.1602       -63.7944       170.9547
   3030000       105.3389       -65.3937       170.7326
   3040000       110.5096       -62.0122       172.5218
   3050000       101.3912       -67.0735       168.4647
   3060000       107.1846       -66.8391       174.0237
   3070000       113.9854       -61.2525       175.2379
   3080000       108.2482       -63.4067       171.6548
   3090000       108.3958       -65.2603       173.6561
   3100000       106.4567       -67.3858       173.8426
   3110000       111.7533       -64.7571       176.5104
   3120000       105.7999       -68.6175       174.4174
   3130000       104.2970       -66.9386       171.2355
   3140000       107.0183       -66.8082       173.8266
   3150000       109.8841       -63.3598       173.2439
   3160000       110.0881       -66.2035       176.2917
   3170000       108.7368       -67.3135       176.0503
   3180000       118.7124       -62.9208       181.6332
   3190000       116.3513       -62.4154       178.7667
   3200000       114.2924       -63.5432       177.8356
   3210000       111.4575       -66.2928       177.7503
   3220000       112.4278       -64.9859       177.4136
   3230000       114.6838       -63.6933       178.3771
   3240000       111.6840       -65.7524       177.4364
   3250000       113.2203       -67.3539       180.5742
   3260000       115.8969       -62.3294       178.2263
   3270000       113.9087       -66.7586       180.6673
   3280000       109.2491       -70.2805       179.5296
   3290000       111.1043       -65.4467       176.5510
   3300000       116.3378       -64.0781       180.4159
   3310000       113.1770       -65.9545       179.1314
   3320000       107.4169       -68.9019       176.3189
   3330000       108.1896       -67.0173       175.2069
   3340000       111.8090       -63.5458       175.3548
   3350000       111.3028       -64.9392       176.2420
   3360000       112.7456       -65.7142       178.4599
   3370000       113.7000       -64.5202       178.2202
   3380000       110.1302       -62.8017       172.9318
   3390000       108.1423       -64.9503       173.0926
   3400000       111.1571       -65.7649       176.9220
   3410000       113.2804       -62.9998       176.2801
   3420000       112.3017       -64.7551       177.0568
   3430000       107.4905       -66.0404       173.5309
   3440000       106.0784       -67.8930       173.9714
   3450000       105.8860       -67.0741       172.9601
   3460000       111.3687       -64.0864       175.4551
   3470000       105.7399       -67.9497       173.6896
   3480000       112.7725       -65.4429       178.2154
   3490000       110.4481       -66.1231       176.5712
   3500000       116.6419       -62.2635       178.9054
   3510000       109.2315       -65.2248       174.4563
   3520000       105.0368       -69.2421       174.2788
   3530000       108.0204       -67.4840       175.5044
   3540000       108.7503       -70.6728       179.4231
   3550000       105.5307       -68.9620       174.4927
   3560000       102.1089       -70.4879       172.5968
   3570000       108.5146       -67.7063       176.2208
   3580000       105.5533       -67.2179       172.7712
   3590000       104.3311       -69.3279       173.6590
   3600000       106.9360       -66.6443       173.5803
   3610000       109.2380       -67.9321       177.1701
   3620000       106.6093       -67.4343       174.0437
   3630000       112.2258       -63.4957       175.7215
   3640000       104.2025       -66.8414       171.0439
   3650000       106.3126       -69.5646       175.8772
   3660000       101.5124       -70.5152       172.0275
   3670000       100.5524       -72.5131       173.0655
   3680000       101.5664       -72.5114       174.0778
   3690000        99.9108       -74.7615       174.6723
   3700000       102.6511       -69.5380       172.1891
   3710000       105.0788       -70.8980       175.9767
   3720000        99.0861       -71.4699       170.5560
   3730000       100.4608       -72.4962       172.9570
   3740000       110.4641       -66.7893       177.2534
   3750000       107.7832       -67.8018       175.5850
   3760000       105.5331       -71.7578       177.2909
   3770000       101.2394       -74.2745       175.5139
   3780000       108.5288       -69.3110       177.8398
   3790000       107.5703       -72.8741       180.4444
   3800000       105.3858       -70.4954       175.8813
   3810000       109.5848       -69.1335       178.7184
   3820000       114.2292       -69.0609       183.2901
   3830000       114.6237       -66.6916       181.3154
   3840000       112.1657       -68.8684       181.0342
   3850000       104.1233       -72.4560       176.5794
   3860000       105.6938       -70.6984       176.3922
   3870000       105.2486       -73.7396       178.9882
   3880000       108.2048       -72.2408       180.4456
   3890000       107.7776       -69.3066       177.0843
   3900000       107.1813       -70.1743       177.3556
   3910000       109.7529       -68.5461       178.2990
   3920000       108.9699       -70.3508       179.3207
   3930000       106.5382       -70.3571       176.8953
   3940000       103.5046       -74.7377       178.2423
   3950000       108.6593       -71.1155       179.7749
   3960000       104.6658       -72.0858       176.7516
   3970000       105.2559       -70.0716       175.3275
   3980000       107.9618       -69.4372       177.3990
   3990000       104.7490       -69.1604       173.9094
   4000000       106.2389       -72.0678       178.3067
   4010000       106.8044       -72.4870       179.2914
   4020000       103.0410       -74.2279       177.2689
   4030000       109.6836       -68.5817       178.2653
   4040000       110.7269       -68.0977       178.8246
   4050000       108.3996       -67.9365       176.3361
   4060000       106.3067       -68.3672       174.6739
   4070000       109.4749       -70.5142       179.9892
   4080000       114.2528       -64.0803       178.3331
   4090000       102.5796       -70.3209       172.9005
   4100000       108.6424       -67.5393       176.1817
   4110000       105.8917       -69.1190       175.0107
   4120000       102.3253       -71.5431       173.8684
   4130000       107.1520       -68.7186       175.8706
   4140000       108.9333       -66.6256       175.5589
   4150000       103.1171       -71.2926       174.4097
   4160000       104.7945       -69.5853       174.3798
   4170000       102.4366       -73.8564       176.2930
   4180000       100.8851       -71.3075       172.1927
   4190000       107.3694       -67.2592       174.6286
   4200000       105.6946       -67.2483       172.9429
   4210000       103.8176       -73.1454       176.9630
   4220000       108.8062       -69.2119       178.0181
   4230000       105.1172       -71.1570       176.2742
   4240000       107.0001       -73.2221       180.2222
   4250000       103.0412       -69.9777       173.0190
   4260000       105.8500       -67.1522       173.0022
   4270000       103.2563       -69.7443       173.0006
   4280000        98.5797       -72.5450       171.1247
   4290000       108.0839       -63.6810       171.7649
   4300000       103.9099       -67.5787       171.4886
   4310000       102.0675       -70.9402       173.0077
   4320000       105.1676       -69.0647       174.2322
   4330000       110.9109       -67.4471       178.3581
   4340000       101.8838       -69.9241       171.8080
   4350000        99.6728       -71.4673       171.1401
   4360000       103.2241       -66.2715       169.4956
   4370000        98.6681       -71.2678       169.9359
   4380000       103.0992       -70.4727       173.5719
   4390000       104.3093       -72.3046       176.6139
   4400000       103.0478       -72.3530       175.4008
   4410000       103.9315       -69.8769       173.8084
   4420000       101.3744       -72.7170       174.0914
   4430000       106.0450       -70.3588       176.4037
   4440000        99.4521       -71.1939       170.6459
   4450000       104.1130       -69.0042       173.1172
   4460000       106.6926       -66.1707       172.8633
   4470000       109.7693       -65.4486       175.2179
   4480000        99.2936       -71.1040       170.3976
   4490000       101.7201       -70.7068       172.4269
   4500000       108.4900       -65.5933       174.0833
   4510000       106.0524       -68.3001       174.3525
   4520000       109.5313       -68.8574       178.3887
   4530000       100.8245       -72.2747       173.0992
   4540000        98.1457       -73.7487       171.8944
   4550000       100.7186       -72.4462       173.1648
   4560000       100.7120       -70.5064       171.2184
   4570000       106.1906       -69.2831       175.4737
   4580000       101.4389       -69.7428       171.1817
   4590000       100.9536       -71.2157       172.1693
   4600000       100.4301       -71.8666       172.2966
