# Step E_total E_lj E_tors
         1       202.6761       -26.1901       228.8662
     10000       142.4783       -27.5100       169.9884
     20000       154.2567       -27.9429       182.1996
     30000       153.1289       -36.6804       189.8093
     40000       128.0736       -59.3019       187.3755
     50000       145.2404       -57.8851       203.1255
     60000       117.0081       -63.9758       180.9839
     70000       140.6533       -63.6556       204.3089
     80000       120.1548       -60.2762       180.4310
     90000       115.6606       -65.0830       180.7437
    100000       104.6402       -78.1236       182.7638
    110000        90.4689       -86.4359       176.9048
    120000        89.6115       -93.3381       182.9497
    130000        92.3578       -94.3717       186.7296
    140000        80.4396       -95.3273       175.7669
    150000        77.2917      -104.5123       181.8040
    160000        84.4266      -101.0666       185.4932
    170000        81.9600      -101.5434       183.5034
    180000        95.2160      -107.4311       202.6471
    190000        91.1198      -104.1671       195.2870
    200000        94.2942      -105.2012       199.4955
    210000        93.3479      -104.2290       197.5769
    220000        95.3274      -100.2846       195.6119
    230000        88.5483      -110.8512       199.3994
    240000        73.9090      -123.1445       197.0534
    250000        76.0719      -124.6406       200.7125
    260000        74.2379      -126.6439       200.8818
    270000        74.9531      -124.6177       199.5709
    280000        67.3514      -131.9774       199.3289
    290000        76.2970      -125.2055       201.5025
    300000        71.4287      -128.1917       199.6204
    310000        71.7986      -125.9682       197.7668
    320000        73.1942      -120.8436       194.0378
    330000        68.7169      -124.3600       193.0769
    340000        73.0495      -124.4277       197.4771
    350000        75.5535      -123.6615       199.2150
    360000        78.2948      -119.3334       197.6282
    370000        75.0256      -123.6027       198.6282
    380000        68.3223      -125.4719       193.7942
    390000        78.8414      -119.8005       198.6419
    400000        81.3059      -117.0199       198.3257
    410000        73.8820      -125.1415       199.0235
    420000        72.2163      -123.5428       195.7591
    430000        72.0961      -121.0276       193.1238
    440000        70.6236      -127.1782       197.8018
    450000        70.4680      -129.0519       199.5199
    460000        64.3231      -134.5555       198.8786
    470000        62.4011      -131.9275       194.3286
    480000        58.1840      -134.6844       192.8684
    490000        54.0421      -139.1716       193.2137
    500000        52.7702      -138.7125       191.4828
    510000        58.3272      -138.2791       196.6063
    520000        61.3636      -132.9522       194.3158
    530000        59.1231      -135.6886       194.8117
    540000        61.4103      -137.0991       198.5095
    550000        51.0883      -138.8540       189.9423
    560000        47.2582      -143.6498       190.9080
    570000        50.0843      -143.0581       193.1423
    580000        58.9104      -134.4712       193.3816
    590000        55.7150      -140.7072       196.4222
    600000        54.7711      -135.8994       190.6705
    610000        49.5980      -138.5128       188.1108
    620000        53.1822      -137.5205       190.7027
    630000        53.4544      -134.6538       188.1082
    640000        64.2780      -136.2543       200.5323
    650000        52.1091      -142.8285       194.9376
    660000        56.7904      -137.7704       194.5608
    670000        58.2295      -136.1557       194.3852
    680000        60.7417      -138.8037       199.5454
    690000        52.5923      -143.8762       196.4685
    700000        51.6078      -142.6518       194.2596
    710000        56.5165      -143.8929       200.4093
    720000        65.3881      -137.5561       202.9442
    730000        54.7608      -142.1150       196.8758
    740000        59.3935      -139.7003       199.0938
    750000        59.4819      -140.6230       200.1049
    760000        57.3249      -139.2406       196.5656
    770000        49.5730      -145.4077       194.9807
    780000        54.9557      -143.3285       198.2842
    790000        48.5277      -145.7687       194.2964
    800000        52.1745      -141.0301       193.2046
    810000        50.3026      -144.4311       194.7336
    820000        53.3900      -140.2768       193.6668
    830000        46.6456      -146.0357       192.6813
    840000        50.0077      -143.1141       193.1218
    850000        52.5672      -146.5421       199.1092
    860000        48.5018      -146.9184       195.4203
    870000        56.4515      -141.6929       198.1444
    880000        55.3523      -141.6105       196.9628
    890000        59.8847      -140.7790       200.6637
    900000        51.9795      -145.0370       197.0165
    910000        50.9349      -143.1603       194.0951
    920000        49.4754      -145.3607       194.8360
    930000        48.3546      -142.6813       191.0359
    940000        49.4301      -144.3108       193.7410
    950000        44.2911      -147.8746       192.1656
    960000        42.3693      -148.5315       190.9008
    970000        44.3599      -148.3805       192.7404
    980000        47.6345      -143.9342       191.5687
    990000        51.8187      -143.5368       195.3556
   1000000        49.4425      -143.0746       192.5170
   1010000        51.3648      -140.3953       191.7601
   1020000        48.9812      -143.9895       192.9707
   1030000        49.6909      -144.6009       194.2918
   1040000        53.1062      -143.4007       196.5069
   1050000        46.7996      -148.3866       195.1862
   1060000        41.9649      -149.1758       191.1407
   1070000        50.1934      -144.5232       194.7165
   1080000        51.6158      -141.2146       192.8303
   1090000        53.8771      -143.5247       197.4018
   1100000        51.6245      -142.2765       193.9009
   1110000        55.8205      -139.9714       195.7919
   1120000        51.6660      -142.2836       193.9496
   1130000        54.7446      -141.8074       196.5520
   1140000        58.4673      -138.8301       197.2974
   1150000        61.0143      -137.0671       198.0813
   1160000        63.2546      -137.5879       200.8425
   1170000        57.0571      -142.5524       199.6095
   1180000        54.7315      -144.7933       199.5248
   1190000        53.4613      -145.6917       199.1531
   1200000        54.3206      -142.1659       196.4865
   1210000        62.4241      -137.0764       199.5005
   1220000        61.7353      -142.1697       203.9051
   1230000        59.1843      -142.3824       201.5667
   1240000        60.1010      -138.4311       198.5321
   1250000        59.8761      -141.5809       201.4571
   1260000        65.5744      -137.8795       203.4540
   1270000        55.2176      -142.7013       197.9188
   1280000        51.9870      -144.0235       196.0105
   1290000        56.6730      -141.5364       198.2094
   1300000        56.0848      -141.9264       198.0112
   1310000        53.1073      -145.3501       198.4574
   1320000        58.8401      -142.5189       201.3590
   1330000        56.1277      -144.3211       200.4488
   1340000        59.7172      -143.0514       202.7686
   1350000        54.9261      -141.8121       196.7382
   1360000        48.5853      -145.5883       194.1736
   1370000        46.1886      -143.9782       190.1669
   1380000        43.3912      -147.2353       190.6265
   1390000        50.2369      -140.7936       191.0305
   1400000        49.4213      -144.4587       193.8801
   1410000        52.4956      -142.9829       195.4785
   1420000        50.1556      -143.2727       193.4283
   1430000        43.2407      -146.2628       189.5035
   1440000        45.1620      -146.3321       191.4941
   1450000        47.6191      -144.9584       192.5775
   1460000        50.0247      -144.4501       194.4748
   1470000        57.2172      -138.8544       196.0716
   1480000        52.4798      -139.3992       191.8790
   1490000        55.5087      -141.0403       196.5489
   1500000        53.8836      -142.4293       196.3129
   1510000        50.6544      -145.3193       195.9736
   1520000        58.3724      -137.3278       195.7002
   1530000        56.9005      -137.4750       194.3755
   1540000        55.5906      -142.2365       197.8271
   1550000        53.9332      -138.1098       192.0431
   1560000        47.1672      -145.3553       192.5225
   1570000        53.1203      -140.5692       193.6895
   1580000        47.8135      -145.0779       192.8915
   1590000        43.9427      -144.0271       187.9697
   1600000        50.8348      -140.4573       191.2921
   1610000        45.4519      -144.9042       190.3561
   1620000        43.4756      -146.3841       189.8597
   1630000        44.9260      -145.1935       190.1195
   1640000        49.5665      -143.4347       193.0013
   1650000        53.0067      -139.6484       192.6551
   1660000        45.1912      -145.0964       190.2876
   1670000        50.0327      -141.5201       191.5528
   1680000        54.3000      -137.9713       192.2713
   1690000        48.8048      -142.8610       191.6658
   1700000        48.5838      -142.7970       191.3807
   1710000        48.0053      -141.4868       189.4921
   1720000        47.6093      -144.7746       192.3838
   1730000        52.9072      -136.7447       189.6518
   1740000        44.5866      -142.7692       187.3559
   1750000        50.3599      -137.8274       188.1873
   1760000        47.9964      -139.4476       187.4440
   1770000        44.0912      -140.5338       184.6251
   1780000        48.1535      -139.8551       188.0086
   1790000        53.1496      -137.4025       190.5521
   1800000        42.9215      -146.7453       189.6668
   1810000        46.3002      -145.0998       191.4000
   1820000        45.5355      -149.1516       194.6871
   1830000        48.7914      -144.1272       192.9186
   1840000        43.7795      -147.2955       191.0750
   1850000        44.8190      -143.7758       188.5948
   1860000        46.0178      -145.4916       191.5094
   1870000        49.9256      -147.3111       197.2368
   1880000        46.9132      -148.8012       195.7144
   1890000        52.6732      -140.8641       193.5373
   1900000        48.6403      -146.3500       194.9903
   1910000        46.0793      -145.9931       192.0724
   1920000        48.6154      -143.8711       192.4866
   1930000        48.0754      -146.9924       195.0678
   1940000        55.9605      -141.0934       197.0538
   1950000        57.8232      -142.7204       200.5436
   1960000        59.1869      -141.6215       200.8084
   1970000        56.9067      -143.2280       200.1347
   1980000        50.8574      -144.9597       195.8171
   1990000        51.6380      -144.1786       195.8166
   2000000        49.7218      -143.8516       193.5734
   2010000        51.8055      -141.0151       192.8206
   2020000        48.8332      -144.4984       193.3316
   2030000        48.7968      -140.7481       189.5449
   2040000        53.9666      -139.8598       193.8264
   2050000        53.4421      -140.1349       193.5771
   2060000        56.9674      -139.2650       196.2323
   2070000        55.0307      -142.6951       197.7258
   2080000        57.8876      -140.9065       198.7941
   2090000        52.0342      -140.6504       192.6847
   2100000        50.0993      -142.4778       192.5771
   2110000        48.2557      -145.4133       193.6690
   2120000        52.1724      -142.6577       194.8301
   2130000        48.2024      -147.5414       195.7438
   2140000        52.0027      -145.8552       197.8579
   2150000        51.8713      -143.0039       194.8752
   2160000        47.8699      -145.6126       193.4824
   2170000        54.1961      -147.3136       201.5097
   2180000        45.8907      -147.6589       193.5496
   2190000        52.8812      -141.8613       194.7425
   2200000        53.6532      -143.5765       197.2297
   2210000        41.2316      -149.6652       190.8969
   2220000        48.1073      -144.2192       192.3265
   2230000        44.8735      -145.5923       190.4658
   2240000        49.9260      -143.1083       193.0343
   2250000        48.8759      -143.2816       192.1575
   2260000        50.3288      -140.4501       190.7789
   2270000        51.0063      -139.8884       190.8947
   2280000        50.2754      -140.6701       190.9455
   2290000        51.9420      -141.5473       193.4894
   2300000        53.7803      -141.6031       195.3834
   2310000        52.3848      -142.3166       194.7013
   2320000        51.6176      -141.2523       192.8699
   2330000        56.6935      -142.5809       199.2744
   2340000        50.2072      -143.0849       193.2921
   2350000        57.4252      -135.7090       193.1342
   2360000        52.5193      -139.1238       191.6431
   2370000        47.3292      -144.0566       191.3858
   2380000        49.8719      -141.8273       191.6992
   2390000        55.6980      -140.2899       195.9879
   2400000        54.9982      -138.7189       193.7170
   2410000        54.4376      -140.4922       194.9298
   2420000        48.2180      -146.1385       194.3565
   2430000        45.9119      -146.1552       192.0672
   2440000        50.3668      -143.7650       194.1318
   2450000        51.3192      -143.6159       194.9351
   2460000        48.5837      -145.8603       194.4439
   2470000        56.7465      -139.3576       196.1041
   2480000        52.3415      -141.8978       194.2393
   2490000        54.3493      -138.9468       193.2962
   2500000        54.4126      -140.4286       194.8411
   2510000        49.9059      -143.2883       193.1943
   2520000        51.1727      -142.6745       193.8473
   2530000        46.9098      -142.5097       189.4195
   2540000        49.3294      -142.9529       192.2823
   2550000        47.8263      -144.8354       192.6617
   2560000        59.9953      -134.7204       194.7156
   2570000        54.6669      -139.6028       194.2697
   2580000        49.1796      -141.6656       190.8452
   2590000        50.3383      -140.5680       190.9063
   2600000        46.3126      -145.7063       192.0189
   2610000        47.9287      -142.6047       190.5334
   2620000        46.9788      -144.5211       191.4999
   2630000        52.8376      -139.9921       192.8297
   2640000        47.3753      -144.4263       191.8017
   2650000        49.9616      -140.4972       190.4588
   2660000        47.9859      -143.4013       191.3872
   2670000        52.5472      -140.4086       192.9557
   2680000        53.0064      -143.1212       196.1276
   2690000        46.8539      -147.4647       194.3186
   2700000        57.7185      -138.4176       196.1362
   2710000        52.8541      -144.2754       197.1295
   2720000        48.6089      -144.1516       192.7605
   2730000        51.0358      -140.7042       191.7400
   2740000        51.0033      -143.4383       194.4416
   2750000        53.1068      -142.9421       196.0489
   2760000        53.9348      -143.7596       197.6944
   2770000        50.2480      -144.3452       194.5932
   2780000        50.7788      -145.3332       196.1119
   2790000        63.0414      -139.8668       202.9083
   2800000        58.5216      -142.2318       200.7534
   2810000        51.5763      -144.8346       196.4110
   2820000        49.5602      -146.4772       196.0374
   2830000        49.2169      -146.7057       195.9227
   2840000        50.2461      -144.9955       195.2416
   2850000        54.3874      -141.9266       196.3140
   2860000        54.3200      -141.9094       196.2294
   2870000        48.8053      -145.7282       194.5335
   2880000        50.1704      -144.8518       195.0222
   2890000        49.6761      -145.1918       194.8679
   2900000        51.8831      -142.2069       194.0900
   2910000        53.8431      -145.4821       199.3252
   2920000        60.1165      -139.9211       200.0376
   2930000        55.0270      -137.6636       192.6906
   2940000        60.7779      -140.1446       200.9225
   2950000        56.4615      -136.2601       192.7217
   2960000        56.2978      -138.3882       194.6860
   2970000        59.9075      -136.6584       196.5659
   2980000        62.2941      -134.7707       197.0648
   2990000        59.5019      -135.6021       195.1040
   3000000        56.6178      -140.4909       197.1087
   3010000        57.7045      -138.6357       196.3402
   3020000        53.6855      -142.1016       195.7871
   3030000        53.2314      -144.9103       198.1417
   3040000        55.7407      -141.3867       197.1274
   3050000        48.7241      -145.0894       193.8135
   3060000        50.8635      -145.3358       196.1993
   3070000        52.8839      -142.3758       195.2597
   3080000        57.6380      -141.9595       199.5975
   3090000        55.2606      -143.0730       198.3336
   3100000        50.7451      -145.5442       196.2893
   3110000        51.2437      -140.7103       191.9539
   3120000        55.9192      -141.4981       197.4173
   3130000        55.2512      -142.6158       197.8670
   3140000        60.3115      -138.6618       198.9732
   3150000        49.5490      -145.2931       194.8421
   3160000        53.9224      -142.9870       196.9094
   3170000        49.3629      -148.2417       197.6046
   3180000        44.8653      -151.1523       196.0176
   3190000        47.4746      -148.8289       196.3035
   3200000        53.3395      -144.7499       198.0894
   3210000        58.0597      -142.2756       200.3353
   3220000        52.5653      -144.3007       196.8660
   3230000        46.8318      -147.3191       194.1509
   3240000        51.0332      -142.9166       193.9498
   3250000        52.2983      -146.6426       198.9409
   3260000        52.2196      -143.3679       195.5875
   3270000        52.8337      -147.9368       200.7705
   3280000        48.5718      -149.9839       198.5557
   3290000        51.6011      -143.6144       195.2155
   3300000        50.2191      -144.1548       194.3740
   3310000        51.9520      -142.2816       194.2335
   3320000        52.9157      -144.9967       197.9124
   3330000        43.9184      -151.1543       195.0727
   3340000        45.8522      -150.8810       196.7331
   3350000        50.1594      -147.3528       197.5122
   3360000        47.3430      -146.0585       193.4014
   3370000        42.0111      -150.6885       192.6997
   3380000        46.0130      -148.7562       194.7692
   3390000        43.4048      -149.6419       193.0467
   3400000        50.8002      -143.6065       194.4066
   3410000        38.7908      -149.3965       188.1873
   3420000        43.3636      -146.6531       190.0167
   3430000        40.2688      -150.7582       191.0269
   3440000        47.3786      -150.9103       198.2889
   3450000        44.7523      -151.5022       196.2545
   3460000        43.3883      -150.3374       193.7257
   3470000        39.8676      -150.8791       190.7468
   3480000        45.9104      -148.5983       194.5087
   3490000        44.3273      -148.0377       192.3650
   3500000        41.6681      -150.9474       192.6155
   3510000        47.9745      -150.9392       198.9137
   3520000        47.1670      -149.6715       196.8385
   3530000        48.0102      -148.5934       196.6036
   3540000        50.7507      -151.0533       201.8039
   3550000        48.9721      -151.0415       200.0136
   3560000        47.1161      -149.3073       196.4234
   3570000        44.8336      -148.8269       193.6605
   3580000        40.9060      -150.1266       191.0326
   3590000        43.1486      -148.1873       191.3359
   3600000        42.1914      -150.0089       192.2004
   3610000        41.4594      -152.6235       194.0830
   3620000        42.5938      -152.8829       195.4767
   3630000        46.6186      -150.5747       197.1933
   3640000        41.0184      -152.9508       193.9691
   3650000        44.0804      -150.7495       194.8299
   3660000        39.5256      -154.5301       194.0557
   3670000        38.1885      -153.4569       191.6454
   3680000        41.6740      -150.1616       191.8356
   3690000        41.6375      -149.4043       191.0418
   3700000        44.3083      -148.3004       192.6086
   3710000        45.6984      -147.9290       193.6274
   3720000        44.5455      -147.3536       191.8991
   3730000        48.8844      -147.4969       196.3813
   3740000        42.9416      -145.3224       188.2640
   3750000        41.2087      -149.2791       190.4878
   3760000        40.7385      -149.6466       190.3850
   3770000        38.6861      -151.8437       190.5298
   3780000        36.4677      -150.8042       187.2720
   3790000        42.1608      -151.3750       193.5358
   3800000        39.3091      -150.3960       189.7052
   3810000        48.0133      -145.3573       193.3706
   3820000        55.1806      -142.7475       197.9281
   3830000        45.3514      -147.2959       192.6473
   3840000        44.3845      -148.6959       193.0804
   3850000        48.1158      -147.6048       195.7206
   3860000        46.6139      -149.8959       196.5098
   3870000        46.8244      -147.9315       194.7559
   3880000        46.7129      -149.1913       195.9042
   3890000        43.5105      -149.5874       193.0978
