# Step CPU_Time_s
         1       0.013193
     10000      32.461083
     20000      63.059341
     30000      96.820431
     40000     128.021565
     50000     157.973641
     60000     187.890946
     70000     219.005999
     80000     256.004538
     90000     290.993010
    100000     325.260038
    110000     355.235457
    120000     388.621092
    130000     420.479479
    140000     452.888112
    150000     484.567762
    160000     516.084155
    170000     548.583032
    180000     580.245091
    190000     613.657070
    200000     647.650811
    210000     681.232529
    220000     725.258976
    230000     769.996556
    240000     815.128493
    250000     849.343551
    260000     882.716966
    270000     915.185817
    280000     950.173542
    290000     982.443796
    300000    1015.136905
    310000    1048.226183
    320000    1081.549074
    330000    1114.507443
    340000    1146.988857
    350000    1178.164988
    360000    1208.861023
    370000    1239.884931
    380000    1270.127915
    390000    1300.641866
    400000    1331.431300
    410000    1363.028662
    420000    1393.748876
    430000    1424.653307
    440000    1455.391650
    450000    1486.287857
    460000    1516.819269
    470000    1547.664468
    480000    1578.574319
    490000    1609.460155
    500000    1640.742658
    510000    1674.118614
    520000    1707.191785
    530000    1738.408857
    540000    1770.128535
    550000    1806.933029
    560000    1839.670873
    570000    1872.431395
    580000    1904.374443
    590000    1937.131538
    600000    1968.361327
    610000    1999.379023
    620000    2032.719326
    630000    2067.194376
    640000    2099.153841
    650000    2131.939707
    660000    2164.258316
    670000    2197.580463
    680000    2229.894834
    690000    2262.281633
    700000    2293.177514
    710000    2323.876235
    720000    2354.822650
    730000    2385.060644
    740000    2415.210324
    750000    2445.406396
    760000    2476.093297
    770000    2507.216796
    780000    2537.943562
    790000    2568.627594
    800000    2598.995793
    810000    2629.695281
    820000    2660.132506
    830000    2690.713266
    840000    2720.852254
    850000    2751.663310
    860000    2782.499213
    870000    2813.075205
    880000    2843.354058
    890000    2874.750608
    900000    2904.890021
    910000    2935.504191
    920000    2966.573326
    930000    2997.973326
    940000    3028.244153
    950000    3058.920253
    960000    3089.325834
    970000    3119.954351
    980000    3150.445044
    990000    3181.599011
   1000000    3212.120647
   1010000    3243.026708
   1020000    3273.200734
   1030000    3303.270723
   1040000    3333.709587
   1050000    3364.286503
   1060000    3394.970657
   1070000    3424.996620
   1080000    3455.561994
   1090000    3486.103806
   1100000    3516.460481
   1110000    3546.815934
   1120000    3577.699126
   1130000    3608.100134
   1140000    3638.518961
   1150000    3669.128052
   1160000    3699.768420
   1170000    3730.576782
   1180000    3760.616081
   1190000    3791.119102
   1200000    3821.397207
   1210000    3852.209334
   1220000    3882.588361
   1230000    3913.237152
   1240000    3944.044412
   1250000    3974.750303
   1260000    4005.093494
   1270000    4035.965321
   1280000    4066.728934
   1290000    4097.670373
   1300000    4128.225126
   1310000    4159.183079
   1320000    4189.348288
   1330000    4219.978803
   1340000    4250.253066
   1350000    4280.461962
   1360000    4310.881979
   1370000    4341.787768
   1380000    4372.225902
   1390000    4402.778874
   1400000    4433.475827
   1410000    4464.207249
   1420000    4494.440698
   1430000    4525.572892
   1440000    4556.489999
   1450000    4587.397298
   1460000    4618.385110
   1470000    4649.099721
   1480000    4680.031001
   1490000    4711.262402
   1500000    4742.145338
   1510000    4779.355263
   1520000    4818.710536
   1530000    4861.010856
   1540000    4902.256821
   1550000    4943.881098
   1560000    4987.940809
   1570000    5030.218253
   1580000    5072.157209
   1590000    5115.423176
   1600000    5158.529812
   1610000    5202.850970
   1620000    5247.025799
   1630000    5289.791773
   1640000    5334.456894
   1650000    5377.323726
   1660000    5420.373917
   1670000    5467.355763
   1680000    5506.105741
   1690000    5544.881184
   1700000    5585.631347
   1710000    5624.068003
   1720000    5664.095367
   1730000    5704.823036
   1740000    5740.473075
   1750000    5780.493588
   1760000    5823.552653
   1770000    5869.164523
   1780000    5912.057668
   1790000    5952.799904
   1800000    5992.642313
   1810000    6034.022286
   1820000    6074.084045
   1830000    6114.973361
   1840000    6155.613253
   1850000    6195.354716
   1860000    6225.709335
   1870000    6256.633706
   1880000    6286.815512
   1890000    6317.388230
   1900000    6347.903466
   1910000    6378.482572
   1920000    6408.751481
   1930000    6439.342458
   1940000    6470.021894
   1950000    6500.708203
   1960000    6530.862010
   1970000    6561.414838
   1980000    6591.599646
   1990000    6622.138865
   2000000    6652.450816
   2010000    6682.845966
   2020000    6713.110415
   2030000    6744.207652
   2040000    6777.384705
   2050000    6811.149521
   2060000    6843.505002
   2070000    6873.632517
   2080000    6903.636692
   2090000    6933.981004
   2100000    6964.400505
   2110000    6995.001346
   2120000    7025.160952
   2130000    7055.794440
   2140000    7086.507458
   2150000    7117.037090
   2160000    7149.546826
   2170000    7182.162175
   2180000    7214.818383
   2190000    7247.266554
   2200000    7280.352162
   2210000    7316.052672
   2220000    7346.523967
   2230000    7380.069328
   2240000    7411.616299
   2250000    7445.661766
   2260000    7475.865239
   2270000    7506.260733
   2280000    7537.527023
   2290000    7572.062740
   2300000    7605.470292
   2310000    7638.524981
   2320000    7669.588565
   2330000    7701.052779
   2340000    7732.857334
   2350000    7765.267590
   2360000    7796.655101
   2370000    7826.872034
   2380000    7856.705066
   2390000    7887.239053
   2400000    7917.600982
   2410000    7950.829501
   2420000    7984.743216
   2430000    8014.837369
   2440000    8051.886105
   2450000    8087.719961
   2460000    8120.593420
   2470000    8152.810866
   2480000    8186.921695
   2490000    8220.948476
   2500000    8257.213005
   2510000    8293.099486
   2520000    8330.458039
   2530000    8369.879729
   2540000    8405.577273
   2550000    8439.344720
   2560000    8472.652983
   2570000    8507.318912
   2580000    8541.511158
   2590000    8574.799180
   2600000    8609.088130
   2610000    8644.871253
   2620000    8679.145116
   2630000    8714.076719
   2640000    8747.882048
   2650000    8780.935990
   2660000    8814.878150
   2670000    8849.631836
   2680000    8885.771462
   2690000    8920.729644
   2700000    8956.328351
   2710000    8993.614255
   2720000    9029.882241
   2730000    9065.368758
   2740000    9099.850307
   2750000    9137.689560
   2760000    9174.123919
   2770000    9207.572494
   2780000    9241.158573
   2790000    9278.199496
   2800000    9314.231698
   2810000    9348.565700
   2820000    9381.576148
   2830000    9414.996153
   2840000    9448.715317
   2850000    9482.323011
   2860000    9516.214749
   2870000    9550.120566
   2880000    9585.287938
   2890000    9621.104001
   2900000    9655.805335
   2910000    9689.216670
   2920000    9722.421782
   2930000    9755.748047
   2940000    9788.375655
   2950000    9821.174712
   2960000    9854.375677
   2970000    9890.849559
   2980000    9933.725229
   2990000    9973.045757
   3000000   10008.808778
   3010000   10046.323926
   3020000   10080.649516
   3030000   10115.404788
   3040000   10150.040389
   3050000   10184.555113
   3060000   10218.516620
   3070000   10252.212206
   3080000   10286.121657
   3090000   10320.314188
   3100000   10353.657778
   3110000   10387.620605
   3120000   10421.088180
   3130000   10456.006019
   3140000   10489.670442
   3150000   10523.776673
   3160000   10560.882787
   3170000   10597.731051
   3180000   10633.051024
   3190000   10666.100044
   3200000   10699.266070
   3210000   10732.250750
   3220000   10765.907392
   3230000   10799.490185
   3240000   10832.401484
   3250000   10865.668849
   3260000   10898.806437
   3270000   10931.811653
   3280000   10964.989862
   3290000   11000.016300
   3300000   11040.913627
   3310000   11076.466417
   3320000   11112.001038
   3330000   11147.082383
   3340000   11188.172329
   3350000   11224.317617
   3360000   11258.254136
   3370000   11293.447058
   3380000   11329.742895
   3390000   11364.564381
   3400000   11397.248075
   3410000   11434.058868
   3420000   11474.059530
   3430000   11509.676289
   3440000   11545.696265
   3450000   11581.499456
   3460000   11617.634817
   3470000   11652.369104
   3480000   11689.418125
   3490000   11730.216342
   3500000   11767.687293
   3510000   11811.196316
   3520000   11856.513157
   3530000   11893.625083
   3540000   11928.834437
   3550000   11965.514245
   3560000   12002.375028
   3570000   12036.871243
   3580000   12071.162883
   3590000   12105.709884
   3600000   12141.860545
   3610000   12180.070880
   3620000   12217.836986
   3630000   12254.835335
   3640000   12291.544026
   3650000   12328.645094
   3660000   12365.616217
   3670000   12403.896965
   3680000   12440.589660
   3690000   12478.920245
   3700000   12516.603691
   3710000   12557.420221
   3720000   12595.023881
   3730000   12631.356841
   3740000   12668.719395
   3750000   12705.441065
   3760000   12749.731609
   3770000   12795.668649
   3780000   12840.960361
   3790000   12886.912126
   3800000   12933.085826
   3810000   12978.881038
   3820000   13024.946373
   3830000   13073.727830
   3840000   13112.521158
   3850000   13150.041833
   3860000   13184.676342
   3870000   13218.632245
   3880000   13252.788474
   3890000   13286.806054
