# Step Rg End_to_End
         1       190.8664       660.0812
     10000       117.4459       430.5314
     20000        48.8188       116.6918
     30000        51.9665        87.4789
     40000       105.8497       345.1868
     50000        98.2447       315.4414
     60000        33.9868        68.8201
     70000        77.3954       191.5475
     80000        49.4841       145.9725
     90000        32.7575        74.4888
    100000        71.6176       181.9251
    110000        68.3526       215.6072
    120000        36.4643        60.9603
    130000        42.9561        78.3424
    140000        44.2672        80.7773
    150000        53.4012       163.1607
    160000        49.1593       110.8837
    170000        34.6970        81.2773
    180000        66.2086       180.6645
    190000        37.4067        86.3282
    200000        25.0059        46.4735
    210000        25.4731        53.3154
    220000        38.0185        49.0697
    230000        33.9238        73.7119
    240000        17.7342        36.6191
    250000        23.2990        52.1404
    260000        13.3499        32.9406
    270000         7.8085         6.7883
    280000        30.9089        68.4509
    290000        26.3749        53.9729
    300000        14.3430        11.6455
    310000        21.1397        49.2623
    320000        27.4504        67.5071
    330000        15.1555        15.7848
    340000        13.3090        26.9459
    350000        27.7176        54.2400
    360000        36.2151        75.1122
    370000        22.9029        33.2129
    380000        20.4509        29.8336
    390000        12.1483        18.4394
    400000        21.1275        61.9964
    410000        20.7454        58.6776
    420000        32.2402        62.1584
    430000        31.5876        83.4237
    440000        48.0069        99.9876
    450000        53.0401       100.0913
    460000        45.1499        81.2544
    470000        29.5410        74.7676
    480000        37.6356        89.9700
    490000        27.5989        70.0068
    500000        11.0131         8.1004
    510000        30.4520        65.8972
    520000        11.7715        18.4315
    530000        34.5956        55.2931
    540000        36.0997        62.7322
    550000        35.8843        82.3663
    560000        18.6126        48.7099
    570000        16.7035        27.9475
    580000        29.9967        45.2225
    590000        34.7118        92.8592
    600000        42.4284        85.4555
    610000        32.2347        89.0246
    620000        24.7519        86.4900
    630000        23.2545        81.6803
    640000        22.7102        48.8219
    650000        20.1412        54.9133
    660000        15.5780        31.6451
    670000        23.9301        34.1199
    680000         7.7776        22.7263
    690000        38.5977        87.1203
    700000        40.3672        95.2869
    710000        22.5499        49.8741
    720000        20.6076        25.8680
    730000        25.8064        40.1913
    740000        35.0173        84.9440
    750000        44.9449        85.4856
    760000        30.2498        42.1647
    770000        23.9670        55.6675
    780000        30.3894        71.9407
    790000        32.8693        73.5441
    800000        26.6881        58.5999
    810000         8.1948        24.1698
    820000        22.6339        50.2028
    830000        14.3641        34.1177
    840000        15.7191        36.2900
    850000        38.0394        91.6281
    860000        40.2671        94.5600
    870000        39.3214        85.6417
    880000        39.5249        88.0157
    890000        43.4641        98.1420
    900000        10.9331        27.6260
    910000         7.6561        17.5458
    920000        25.8703        59.2756
    930000        18.3630        42.7431
    940000        14.0689        27.0959
    950000        12.2512        27.6510
    960000        32.8370        74.0961
    970000        12.8118        23.5853
    980000        31.0227        70.6556
    990000        29.2481        64.9428
   1000000        29.5337        64.2940
   1010000        32.1277        72.9550
   1020000        16.7914        36.1751
   1030000        44.4250        98.8818
   1040000        37.5648        73.0674
   1050000        49.1054        99.4398
   1060000        31.9141        70.7182
   1070000        31.5847        64.8685
   1080000        12.1760         2.5474
   1090000        33.5489        73.2836
   1100000        33.3751        75.0544
   1110000        40.2023        93.6799
   1120000        32.6102        74.2341
   1130000        11.4081        22.3614
   1140000        33.9676        85.7810
   1150000         7.5772        19.2350
   1160000        11.0202        20.7684
   1170000        31.9893        71.8293
   1180000        24.2539        52.0782
   1190000        15.9851        34.2129
   1200000        12.1594        29.4694
   1210000        29.7338        70.6035
   1220000        16.1429        39.8583
   1230000        11.5519        27.8271
   1240000        32.0277        75.1878
   1250000        31.3711        73.5781
   1260000        22.4172        50.3223
   1270000        18.5606        45.9892
   1280000        17.9119        42.0162
   1290000        30.6140        62.1002
   1300000        30.4879        71.8595
   1310000        17.8971        41.2547
   1320000         9.1712        20.8627
   1330000        12.3828        32.5257
   1340000        25.8908        55.4483
   1350000        46.0992        76.9205
   1360000        40.8149        70.8297
   1370000        41.3633        71.4274
   1380000        39.9987        70.8861
   1390000        45.2998        77.9572
   1400000        45.0661        79.6948
   1410000        37.8076        74.1077
   1420000        49.6648        80.9977
   1430000        43.9030        77.0985
   1440000        44.6888        81.2636
   1450000        40.8887        76.2995
   1460000        44.9819        74.5832
   1470000        46.8451        83.2288
   1480000        44.3139        82.0500
   1490000        48.8340        81.3739
   1500000        43.8981        73.0868
   1510000        37.8271        65.4253
   1520000        40.6847        65.6237
   1530000        44.4145        80.6619
   1540000        41.3281        77.1767
   1550000        41.7802        78.6879
   1560000        45.1256        79.4822
   1570000        44.2760        74.4537
   1580000        45.2533        80.5425
   1590000        41.5921        79.4690
   1600000        31.7610        68.1961
   1610000        39.8726        76.5149
   1620000        46.5035        81.4363
   1630000        37.9849        61.5074
   1640000        50.9197        83.6817
   1650000        51.3036        84.1402
   1660000        52.4503        90.8236
   1670000        48.0080        84.6975
   1680000        36.6722        57.3290
   1690000        47.3288        76.5672
   1700000        48.6027        83.9161
   1710000        45.0202        81.5444
   1720000        49.4985        82.6609
   1730000        52.0695        86.1249
   1740000        52.3033        95.4385
   1750000        54.4929        99.4146
   1760000        44.5644        70.9459
   1770000        53.0469       103.2306
   1780000        45.1867        72.4404
   1790000        53.3208       102.1800
   1800000        52.6355        94.8590
   1810000        49.5914       101.7881
   1820000        38.0581        61.3846
   1830000        46.1436        73.4667
   1840000        53.0897        88.7360
   1850000        51.2531        84.9721
   1860000        49.7286        80.5416
   1870000        49.4135        83.7245
   1880000        50.3695        82.3669
   1890000        52.4645        96.2355
   1900000        54.0053        97.6166
   1910000        52.1310       100.8093
   1920000        50.2095        84.3775
   1930000        47.7126        76.0592
   1940000        51.6277        83.3701
   1950000        53.2604        87.7841
   1960000        46.5908        73.4934
   1970000        51.5108        88.6544
   1980000        48.4652        77.5616
   1990000        48.2061        80.1674
   2000000        50.9642        82.2436
   2010000        46.4864        74.0995
   2020000        42.0587        69.5995
   2030000        54.4221        96.6695
   2040000        49.6528        80.4474
   2050000        52.4303        86.2431
   2060000        38.1189        64.5451
   2070000        43.8980        71.2444
   2080000        49.9633        82.1895
   2090000        50.6358        81.7873
   2100000        51.4443        83.1988
   2110000        52.6894       103.1814
   2120000        52.3053       102.3513
   2130000        42.8959        93.6157
   2140000        53.2601        90.2904
   2150000        50.9366        83.3690
   2160000        49.7759        79.0116
   2170000        50.0463        91.0222
   2180000        53.6082        95.8527
   2190000        51.3784        89.9899
   2200000        48.0846        79.0971
   2210000        50.0780        80.0086
   2220000        50.5477        80.6429
   2230000        51.8180        84.0053
   2240000        52.3924        93.5849
   2250000        49.2968        78.0813
   2260000        48.8239        80.1341
   2270000        51.6743        83.5604
   2280000        48.4600        78.2820
   2290000        47.3923        75.5146
   2300000        47.7847        75.8155
   2310000        53.2991       101.3230
   2320000        50.3589        80.3841
   2330000        52.7791        84.9520
   2340000        48.9684        77.9336
   2350000        52.4253        83.9664
   2360000        52.4756        84.8758
   2370000        50.4137        80.6419
   2380000        47.1192        74.4435
   2390000        51.7844       105.3437
   2400000        53.0681        93.0538
   2410000        46.4797        72.5095
   2420000        44.6250        75.1284
   2430000        47.4042        83.3954
   2440000        37.5682        59.4319
   2450000        42.2179        81.4351
   2460000        49.4384        80.3630
   2470000        49.3821        91.4669
   2480000        39.3348        81.4112
   2490000        43.9494        69.5291
   2500000        50.5795        80.3475
   2510000        40.5986        63.2201
   2520000        39.6655        64.9715
   2530000        50.4559        98.1742
   2540000        49.9801       100.6371
   2550000        51.1365        84.1279
   2560000        44.5561        79.1083
   2570000        45.4820        71.7592
   2580000        47.5178        76.5076
   2590000        48.0930        77.2817
   2600000        52.0402        85.7961
   2610000        47.5822        76.8448
   2620000        52.4435        91.0335
   2630000        54.3615        89.2026
   2640000        51.3427        83.4834
   2650000        50.6490        87.1982
   2660000        47.8089        76.4629
   2670000        39.8171        63.4958
   2680000        41.1503        79.9076
   2690000        41.0180        77.0005
   2700000        15.0079        15.5265
   2710000         9.1683        11.4625
   2720000        53.1432        88.6974
   2730000        53.5089       100.8414
   2740000        46.5988        91.8279
   2750000        46.8392        98.5897
   2760000        53.6758        96.6738
   2770000        48.8857       100.9922
   2780000        50.9312        82.8506
   2790000        53.5553        88.0214
   2800000        32.7134        77.3019
   2810000        48.8226        79.3719
   2820000        51.3123        91.5006
   2830000        53.2521        95.9996
   2840000        52.0061        87.4697
   2850000        54.0555        92.1628
   2860000        53.4266        99.1760
   2870000        51.9704        85.2150
   2880000        49.6428        84.8869
   2890000        51.5455        83.9728
   2900000        46.9357        79.0307
   2910000        51.1054        83.3808
   2920000        54.2293        88.4730
   2930000        53.0767        87.8801
   2940000        49.6578        80.9101
   2950000        51.1242        82.7084
   2960000        43.9456        73.5337
   2970000        45.6307        91.8364
   2980000        35.7721        59.4348
   2990000        32.3186        48.8635
   3000000        48.9764        79.9803
   3010000        52.0109        95.5792
   3020000        50.0139        81.5056
   3030000        46.6999        74.7384
   3040000        51.3204        83.6247
   3050000        52.3034        85.0941
   3060000        46.7018        74.9532
   3070000        54.3834        93.2744
   3080000        53.6931        91.1768
   3090000        53.7610        92.2925
   3100000        44.3085        68.9204
   3110000        53.1588        89.5072
   3120000        52.8239        83.4672
   3130000        53.3351        85.9087
   3140000        53.6221        89.8644
   3150000        52.2795        83.5488
   3160000        52.5276        83.9910
   3170000        53.9622        91.2285
   3180000        52.8065        90.5780
   3190000        48.8261        90.4686
   3200000        37.0256        66.0952
   3210000        53.2297        90.5858
   3220000        54.1028        88.7550
   3230000        53.7773        90.9135
   3240000        49.3993        80.9873
   3250000        43.3824        68.6020
   3260000        48.9184        78.4420
   3270000        50.3902        81.4083
   3280000        50.9403        82.2586
   3290000        51.6486        84.9104
   3300000        50.1495        79.5676
   3310000        46.1051        71.9978
   3320000        52.6151        94.4981
   3330000        43.6156        68.0354
   3340000        52.0858        87.3166
   3350000        40.0033        69.2783
   3360000        48.1190        77.7659
   3370000        50.0825        79.3281
   3380000        52.1097        84.9096
   3390000        49.0900        82.3548
   3400000        46.5289        77.7865
   3410000        45.5373        75.0492
   3420000        45.1640        72.4158
   3430000        44.6492        71.7533
   3440000        27.5391        50.2727
   3450000        47.8647        76.5319
   3460000        52.6038        88.2739
   3470000        44.9016        74.4168
   3480000        47.4755        76.2939
   3490000        43.7774        71.8792
   3500000        51.5705        87.9288
   3510000        54.0704        88.6238
   3520000        51.2610        82.8217
   3530000        52.7777        86.5239
   3540000        53.1876        87.8005
   3550000        53.4935        94.1133
   3560000        51.0824        84.1785
   3570000        53.6587        95.8096
   3580000        51.7127        86.1126
   3590000        44.3770        71.1548
   3600000        54.1687        95.5489
   3610000        47.7686        77.2929
   3620000        51.6273        88.9848
   3630000        50.4693        85.0152
   3640000        52.1347        93.5906
   3650000        41.6552        69.2712
   3660000        54.5274        94.6112
   3670000        52.5516        94.4381
   3680000        49.8003        91.1107
   3690000        52.7636        88.1753
   3700000        47.0728        80.9744
   3710000        46.3587        78.2118
   3720000        51.7995        89.2266
   3730000        53.0608        88.0902
   3740000        46.0588        76.5053
   3750000        52.6176        89.6455
   3760000        47.5158        75.7620
   3770000        54.5827        93.5645
   3780000        53.9714        91.4220
   3790000        54.5024        93.5597
   3800000        50.3087        80.8420
   3810000        52.0509        86.6570
   3820000        46.6466        82.0830
   3830000        49.8960        84.6141
   3840000        52.6817        87.8765
   3850000        54.7431        93.9157
   3860000        49.8636        92.0088
   3870000        50.2152        84.5220
   3880000        50.2495        82.2250
   3890000        53.7229        96.2542
