# Step Rg End_to_End
         1        53.7229        96.2542
     10000        50.1090        80.6328
     20000        54.4970        95.0574
     30000        53.5717        89.6888
     40000        49.7028        80.8944
     50000        45.9440        71.7458
     60000        50.6009        82.6933
     70000        42.8125        66.7442
     80000        52.9346        88.0514
     90000        50.8059        83.5077
    100000        50.4753        82.3901
    110000        53.5247        90.0252
    120000        53.7939        91.7391
    130000        52.9251        88.3972
    140000        53.7561        95.5451
    150000        53.7664        90.6455
    160000        47.1342        75.7237
    170000        51.0909        83.4421
    180000        44.2354        72.5800
    190000        41.3693        73.6770
    200000        41.8754        75.0889
    210000        52.3440        86.7721
    220000        54.0888        94.6738
    230000        53.9923        90.3274
    240000        48.8670        87.8947
    250000        51.7078        88.9738
    260000        47.8870        82.6069
    270000        51.5522        85.2618
    280000        48.7115        85.2894
    290000        51.0560        87.6986
    300000        52.2847        88.5357
    310000        53.3146        90.0842
    320000        54.4970        89.8820
    330000        52.7877        85.2910
    340000        49.7409        82.6512
    350000        54.2673        91.4992
    360000        47.5412        86.3388
    370000        45.2773        78.9579
    380000        51.2507        83.8759
    390000        49.3590        80.7581
    400000        44.3207        75.8982
    410000        47.3072        83.5239
    420000        39.7171        66.8456
    430000        49.5659        81.2241
    440000        53.9931        91.8824
    450000        40.6783        65.8466
    460000        48.4998        82.7841
    470000        54.1680        92.0361
    480000        52.8687        95.6421
    490000        42.5748        74.2826
    500000        40.4847        66.8475
    510000        38.3423        64.5857
    520000        45.2338        79.6181
    530000        53.2509        91.9840
    540000        52.1886        97.1629
    550000        51.6507        87.1328
    560000        53.2860        90.1678
    570000        53.4309        90.1214
    580000        50.5195        83.1232
    590000        52.3999        88.6793
    600000        52.8219        95.3400
    610000        51.9714        91.5909
    620000        40.6309        63.4619
    630000        41.4223        70.6331
    640000        50.3330        82.9926
    650000        53.9908        91.3382
    660000        52.4099        87.4350
    670000        54.3457        93.5214
    680000        49.0379        79.0654
    690000        50.6611        88.6999
    700000        47.6214        82.3753
    710000        51.5286        86.2283
    720000        47.6631        81.1106
    730000        49.2500        82.7530
    740000        50.9396        84.8560
    750000        49.0576        79.2627
    760000        45.4908        71.4351
    770000        48.0867        80.5924
    780000        47.0834        83.0590
    790000        39.3333        67.0847
    800000        52.6909        97.3077
    810000        45.9446        78.9046
    820000        48.6800        84.2868
    830000        52.3330        87.8653
    840000        45.7808        77.4837
    850000        34.0335        59.7274
    860000        54.3159        92.9523
    870000        54.1574        96.5794
    880000        54.1090        95.8383
    890000        50.2545        87.3435
    900000        53.5009        93.7199
    910000        45.9770        77.5965
    920000        42.7670        73.8637
    930000        53.0545        93.0899
    940000        43.4986        76.4934
    950000        51.3004        85.2810
    960000        49.3241        84.1208
    970000        51.3305        86.5618
    980000        46.7710        78.8985
    990000        49.5626        83.9345
   1000000        51.4440        88.1966
   1010000        47.8350        81.4389
   1020000        48.9761        78.3960
   1030000        49.9935        80.7684
   1040000        51.1536        86.5460
   1050000        50.1750        85.8468
   1060000        52.7024        88.8459
   1070000        50.4411        90.2437
   1080000        53.9670        96.1069
   1090000        53.2749        97.3242
   1100000        54.3989        94.9594
   1110000        53.3852        90.3656
   1120000        53.5114        91.6784
   1130000        51.4791        84.0087
   1140000        51.4045        83.2516
   1150000        51.2892        86.0265
   1160000        52.7084        89.8035
   1170000        53.4717        87.9828
   1180000        38.1002        58.7440
   1190000        52.7185        89.6171
   1200000        43.2706        76.8195
   1210000        47.4198        75.8772
   1220000        49.7301        81.2739
   1230000        50.2923        86.6185
   1240000        53.4290        90.1313
   1250000        40.5748        69.0767
   1260000        52.0823        88.2483
   1270000        46.5421        81.2615
   1280000        52.2218        89.8036
   1290000        51.1105        82.7148
   1300000        50.3091        84.1219
   1310000        53.0245        88.7845
   1320000        52.8530        87.0698
   1330000        44.9328        74.1137
   1340000        40.9728        69.2489
   1350000        53.6400        90.4042
   1360000        54.3592        95.3825
   1370000        54.0026        91.1020
   1380000        35.0148        55.4842
   1390000        35.3784        64.8536
   1400000        50.6101        94.2966
   1410000        54.1625        95.6733
   1420000        51.0569        88.3012
   1430000        47.9527        82.9995
   1440000        53.6372        93.4662
   1450000        54.3955        95.8336
   1460000        44.6249        76.0822
   1470000        36.6535        58.9865
   1480000        54.2493        93.6401
   1490000        47.4727        85.5868
   1500000        51.7212        92.5688
   1510000        50.8441        90.3007
   1520000        44.5769        76.3629
   1530000        53.1581        90.6047
   1540000        53.4282        89.8812
   1550000        45.0867        76.7712
   1560000        50.0054        86.6158
   1570000        44.7850        78.3782
   1580000        54.1452        92.7829
   1590000        50.1880        86.3874
   1600000        46.2045        79.8882
   1610000        50.5239        87.6926
   1620000        54.4590        94.6415
   1630000        53.3185        88.5390
   1640000        44.3787        69.5832
   1650000        50.2697        80.7420
   1660000        49.3378        83.7609
   1670000        54.2822        91.3576
   1680000        54.1809        92.3194
   1690000        45.8867        73.2690
   1700000        48.6246        78.9005
   1710000        46.4193        73.9110
   1720000        52.2936        93.3990
   1730000        45.8046        83.4130
   1740000        53.4672        96.0108
   1750000        54.3149        93.6650
   1760000        54.0204        93.0632
   1770000        42.0066        70.9045
   1780000        53.8148        89.9123
   1790000        52.6762        89.3380
   1800000        52.7338        88.7450
   1810000        51.1972        89.7241
   1820000        38.2114        71.3575
   1830000        49.5380        82.5592
   1840000        53.5869        92.6600
   1850000        51.6599        86.5304
   1860000        36.8115        56.1865
   1870000        53.3859        88.5135
   1880000        38.4516        64.5435
   1890000        52.2647        85.5623
   1900000        51.9746        87.2251
   1910000        50.1329        85.7444
   1920000        52.3154        96.9025
   1930000        41.0366        74.2729
   1940000        48.2202        79.8343
   1950000        42.4704        73.7125
   1960000        51.9830        94.5862
   1970000        52.5825        94.3644
   1980000        49.6239        82.6051
   1990000        54.1879        92.1133
   2000000        48.4083        87.9624
   2010000        50.7803        90.3453
   2020000        53.8904        91.1204
   2030000        53.7432        94.2910
   2040000        50.0081        86.4129
   2050000        42.0183        75.1062
   2060000        43.7351        72.5109
   2070000        49.1537        83.0789
   2080000        47.0465        80.9977
   2090000        51.5628        84.8929
   2100000        38.2041        62.7401
   2110000        46.1817        77.2901
   2120000        47.5450        77.8844
   2130000        52.8600        95.4887
   2140000        47.1478        82.8804
   2150000        45.9864        80.8238
   2160000        52.9568        89.8866
   2170000        50.2833        83.4799
   2180000        50.9100        88.2043
   2190000        46.2930        81.6298
   2200000        48.9574        79.4424
   2210000        53.4130        90.0768
   2220000        51.9640        85.4444
   2230000        53.4085        89.4321
   2240000        50.0128        85.4845
   2250000        44.6408        76.9530
   2260000        44.0134        72.3580
   2270000        41.3321        70.3907
   2280000        50.7845        87.4504
   2290000        53.2938        92.4988
   2300000        54.2430        91.6769
   2310000        52.1441        85.7998
   2320000        34.9610        56.5363
   2330000        53.2743        88.3666
   2340000        53.1010        88.9377
   2350000        52.3907        86.2048
   2360000        52.9171        88.0875
   2370000        48.9452        80.5907
   2380000        49.4355        80.7213
   2390000        42.5209        75.4886
   2400000        49.1657        83.2806
   2410000        51.7091        86.1828
   2420000        48.1404        77.7223
   2430000        52.0305        85.7910
   2440000        50.2663        81.0608
   2450000        51.3754        90.0976
   2460000        53.7039        90.5176
   2470000        46.5374        75.9147
   2480000        51.0280        86.2938
   2490000        48.1201        82.5447
   2500000        53.8700        91.1652
   2510000        51.0134        82.7156
   2520000        49.8328        80.3777
   2530000        48.0793        79.9206
   2540000        43.1684        70.0164
   2550000        46.2364        73.7984
   2560000        50.2581        81.4872
   2570000        54.3262        93.7424
   2580000        52.2521        87.0798
   2590000        49.8112        83.2764
   2600000        49.2026        82.7809
   2610000        48.8579        83.5550
   2620000        54.2520        94.7246
   2630000        48.3994        85.5270
   2640000        48.6646        86.9599
   2650000        43.8397        71.3526
   2660000        53.9018        91.2724
   2670000        52.2096        88.2463
   2680000        47.7215        77.6762
   2690000        44.7480        73.1834
   2700000        50.0226        82.7043
   2710000        50.6183        83.8584
   2720000        49.1734        79.8089
   2730000        49.8124        80.6291
   2740000        50.5107        88.7806
   2750000        53.0794        87.2189
   2760000        53.4243        93.5597
   2770000        54.5190        93.2309
   2780000        53.0634        88.8757
   2790000        49.6160        87.2234
   2800000        54.2802        93.3947
   2810000        53.2291        88.9308
   2820000        42.1768        69.6838
   2830000        45.0926        76.9412
   2840000        54.3394        93.4928
   2850000        53.2480        96.0607
   2860000        53.8877        92.7814
   2870000        47.2567        73.8090
   2880000        37.3893        60.7939
   2890000        54.1747        91.0258
   2900000        51.3446        82.6441
   2910000        49.3412        83.7292
   2920000        51.0295        86.9954
   2930000        43.6910        74.6637
   2940000        51.2022        91.7141
   2950000        53.3194        96.0324
   2960000        48.9660        83.3615
   2970000        51.4518        87.9007
   2980000        52.9906        91.5291
   2990000        53.9410        90.6469
   3000000        53.3353        88.8636
   3010000        46.9572        79.9580
   3020000        49.6545        83.1334
   3030000        45.9535        75.9342
   3040000        45.8305        72.6326
   3050000        53.4815        89.8370
   3060000        52.1810        86.6127
   3070000        53.4369        88.9217
   3080000        51.5170        84.7988
   3090000        51.6736        85.6483
   3100000        47.0125        76.8517
   3110000        54.2556        95.2229
   3120000        54.5575        93.9495
   3130000        52.7916        86.2696
   3140000        50.1760        84.6993
   3150000        48.7035        81.1426
   3160000        48.1467        87.0371
   3170000        54.0733        90.5418
   3180000        52.6926        86.0487
   3190000        52.8118        86.9008
   3200000        50.8897        82.4429
   3210000        50.7556        81.8058
   3220000        51.5403        84.6252
   3230000        50.4182        80.8252
   3240000        52.5480        84.9917
   3250000        52.7177        85.4029
   3260000        36.4300        61.9476
   3270000        37.1296        55.4775
   3280000        52.3892        85.6441
   3290000        48.8701        79.7763
   3300000        51.6339        84.8305
   3310000        49.1076        76.9168
   3320000        53.6293        88.0925
   3330000        53.2501        86.8072
   3340000        54.0352        90.4332
   3350000        47.7193        76.1520
   3360000        53.5811        88.1587
   3370000        52.8884        85.9550
   3380000        54.3616        89.8173
   3390000        53.0330        85.5322
   3400000        48.2962        79.3274
   3410000        53.8426        89.3025
   3420000        53.0178        86.2855
   3430000        52.5560        86.6217
   3440000        53.4107        89.2863
   3450000        52.1157        85.1348
   3460000        45.5940        75.4975
   3470000        52.9270        87.9701
   3480000        50.2178        82.3686
   3490000        53.7160        89.4915
   3500000        53.1546        88.0224
   3510000        54.0111        94.0934
   3520000        38.0143        59.0521
   3530000        53.1023        88.2304
   3540000        49.0630        81.3034
   3550000        52.7048        91.1460
   3560000        52.7826        87.4820
   3570000        48.4283        78.2900
   3580000        53.8115        88.9464
   3590000        53.4996        90.4108
   3600000        49.0333        81.6865
   3610000        48.5852        78.9182
   3620000        48.9510        79.1505
   3630000        50.3280        83.7380
   3640000        54.5343        90.4904
   3650000        50.6743        80.3870
   3660000        53.9780        89.0981
   3670000        46.8657        74.8285
   3680000        38.2880        63.9349
   3690000        48.5722        76.9658
   3700000        50.9737        87.4533
   3710000        52.8274        90.6650
   3720000        54.1853        91.4970
   3730000        52.4989        87.2614
   3740000        46.2588        73.8541
   3750000        51.9251        87.0392
   3760000        36.3592        57.2382
   3770000        52.7460        90.1940
   3780000        48.9511        82.9931
   3790000        51.9964        88.2392
   3800000        50.6579        82.3673
   3810000        32.2775        47.2707
   3820000        52.9694        86.1115
   3830000        46.1742        75.1617
   3840000        53.2482        95.5873
   3850000        38.1621        57.0511
   3860000        43.2617        67.2998
   3870000        40.6690        67.3820
   3880000        53.9349        89.2522
   3890000        48.5398        76.7191
   3900000        52.9025        86.3936
   3910000        54.4192        92.5484
   3920000        51.5443        96.3179
   3930000        52.2516        85.2237
   3940000        45.3605        73.2020
   3950000        54.7271        92.4592
   3960000        47.1946        74.7761
   3970000        51.7550        82.7105
   3980000        53.4077        92.0279
   3990000        49.8130        78.3467
   4000000        54.0237        92.4230
   4010000        51.0639        82.2361
   4020000        41.7171        65.5205
   4030000        54.3146        94.0835
   4040000        47.2640        92.9833
   4050000        41.5125        63.2245
   4060000        28.1007        56.8990
   4070000        47.2518        80.4941
   4080000        40.8194        77.2597
   4090000        25.9254        45.0689
   4100000        31.6353        61.4821
   4110000        40.4532        77.5143
   4120000        34.5312        66.4430
   4130000        35.4446        70.8765
   4140000        45.3805        70.0283
   4150000        53.8354        87.6352
   4160000        48.3612        76.4229
   4170000        53.2555        86.5582
   4180000        54.2384        94.1969
   4190000        24.0621        50.0789
   4200000        35.9995        71.6082
   4210000        50.3393        90.0838
   4220000        17.8751        33.4120
   4230000        32.8103        69.7542
   4240000        31.1358        65.1106
   4250000        32.6101        60.3850
   4260000        29.8049        63.7210
   4270000        26.0995        52.3255
   4280000        28.9637        64.1522
   4290000        22.0450        50.8295
   4300000         8.8806         9.7388
   4310000        26.7096        54.5046
   4320000        44.1997        84.7845
   4330000        33.6350        70.7625
   4340000        38.6819        67.9255
   4350000        33.9137        70.5555
   4360000        14.8158        28.5952
   4370000        37.3771        78.2356
   4380000        11.3003        23.7321
   4390000        17.0855        20.4399
   4400000         9.8452         9.7748
   4410000        21.2295        45.3511
   4420000        23.1210        51.6794
   4430000        25.3248        55.7738
   4440000        31.4469        63.2836
   4450000        16.9094        27.8745
   4460000        11.2184        25.4402
   4470000        37.2569        78.6610
   4480000        28.0676        58.7370
   4490000        24.1926        34.8361
   4500000        37.4963        78.2042
   4510000        29.2338        44.0821
   4520000        16.2298        28.9714
   4530000        41.6072        72.2692
   4540000        15.0687         9.5054
   4550000        42.9591        69.5731
   4560000        18.3263        37.9346
   4570000        27.5912        48.3694
   4580000        31.4051        66.1126
   4590000        15.0060        29.8580
   4600000        30.5051        61.6257
   4610000        34.5094        67.0042
   4620000        31.6221        69.4694
   4630000        25.5276        53.2885
   4640000        29.1660        56.3094
   4650000        33.9231        73.9322
   4660000        34.4103        68.6683
   4670000        25.9782        52.2018
   4680000        30.1453        67.5724
   4690000        16.1541        34.0901
   4700000        19.5393        44.8512
   4710000        40.1296        75.9248
   4720000        36.6339        69.2641
   4730000        33.1828        62.9745
   4740000        26.7499        51.8905
   4750000        22.6235        45.2942
   4760000        24.8400        47.6272
   4770000        35.1436        68.6958
   4780000        36.8827        68.7387
   4790000        36.0025        66.0140
   4800000        36.1317        70.5717
   4810000        33.8002        66.9559
   4820000        41.4810        84.0280
   4830000        32.4671        64.0581
   4840000        29.8491        59.8706
   4850000        28.4558        57.7519
   4860000        38.9144        78.4550
   4870000        30.6183        60.4449
   4880000        40.9361        73.0614
   4890000        42.2551        63.4510
   4900000        30.7782        57.5029
   4910000        35.0149        69.2724
   4920000        42.9660        84.7418
   4930000        37.8771        66.1787
   4940000        17.1838        34.5492
   4950000        39.1209        74.5746
   4960000        35.2963        70.3175
   4970000        35.7195        47.7553
   4980000        47.3957        77.0529
   4990000        47.5677        77.7314
   5000000        37.2252        57.6325
   5010000        34.1863        66.3354
   5020000        25.6380        51.3476
   5030000        29.4093        59.5537
   5040000        38.1305        76.6153
   5050000        34.1852        69.3393
   5060000        35.9535        71.4859
   5070000        38.3417        77.2168
   5080000        37.1496        74.5560
   5090000        35.1522        68.3913
   5100000        25.4177        51.4711
   5110000        41.9411        77.0276
   5120000        31.8578        68.3029
   5130000        22.3022        48.5262
   5140000        38.9765        78.3225
   5150000        29.8123        59.3429
   5160000        38.6607        77.1285
   5170000        38.8272        77.5191
   5180000        27.6539        55.0951
   5190000        28.8457        56.3524
   5200000        30.8447        62.1872
   5210000        29.1288        58.7573
   5220000        39.0192        78.7573
   5230000        36.1978        71.1969
   5240000        21.7259        33.1365
   5250000        32.7668        61.6064
   5260000        28.3369        55.6525
   5270000        35.6140        66.9078
   5280000        17.5036        33.8061
   5290000        31.1019        37.7011
   5300000        16.3127        31.1902
   5310000        15.8399        23.6074
   5320000         9.1541         6.1181
   5330000        12.7250        28.9140
   5340000        10.4884        18.7068
   5350000        48.1889        75.5843
   5360000        50.4427        84.8482
   5370000         7.8072        15.8250
   5380000        46.9106        64.4307
   5390000        38.9988        48.6716
   5400000        42.8228        69.6663
   5410000        51.6796        72.5950
   5420000        33.0600        54.8080
   5430000        47.9169        70.1211
   5440000        25.5589        44.3200
   5450000        21.6760        19.2786
   5460000        29.0847        47.3335
   5470000        42.9640        66.6255
   5480000        43.1486        65.0992
   5490000        50.0713        72.5643
   5500000        40.0154        71.2701
   5510000        46.6186        69.9041
   5520000        43.9622        66.5344
   5530000        48.4685        72.3591
   5540000        49.8772        70.8400
   5550000        50.7351        73.2275
   5560000        39.6016        56.5655
   5570000        34.4673        59.5038
   5580000        50.6132        73.1352
   5590000        52.0495        75.0903
   5600000        53.7892        75.8612
   5610000        49.4967        68.6143
   5620000        53.1516        76.5597
   5630000        41.9654        65.5303
   5640000        41.1115        54.3118
   5650000        28.6380        41.4868
   5660000        32.1409        45.8553
   5670000        40.9073        61.1134
   5680000        41.6095        62.0067
   5690000        40.7838        72.1043
   5700000        40.4503        66.9320
   5710000        26.8844        27.9852
   5720000        18.9083        35.6871
   5730000        31.5198        58.2337
   5740000        42.1989        69.0482
   5750000        46.1500        69.3155
   5760000        45.2390        67.6177
   5770000        36.3038        62.2732
   5780000        49.5672        84.1217
   5790000        51.6038        78.5018
   5800000        50.5996        75.6521
   5810000        49.6599        73.1072
   5820000        41.2019        71.6603
   5830000        43.0552        70.1797
   5840000        46.6350        64.6246
   5850000        25.9236        57.8137
   5860000        46.0195        69.0825
   5870000        51.8620        75.0312
   5880000        40.6731        64.6257
   5890000        48.3039        70.9952
   5900000        44.4348        63.1221
   5910000        37.7468        59.6979
   5920000        33.4094        72.7109
   5930000        15.6155        17.0938
   5940000        35.8398        48.5751
   5950000        40.0229        73.4900
   5960000        44.0004        61.8431
   5970000        30.5320        48.1489
   5980000        49.8599        74.1140
   5990000        32.2075        68.5928
   6000000        25.8542        48.4230
   6010000        25.1062        47.7506
   6020000        20.8598        40.8581
   6030000        27.9957        56.2667
   6040000        40.3122        86.6250
   6050000        46.8574        91.2278
   6060000        54.1807        88.8022
   6070000        44.5392        74.6436
   6080000        52.7187        89.4229
   6090000        51.0440        92.6090
   6100000        43.5665        78.1027
   6110000        33.9695        71.3143
   6120000        31.0846        40.8272
   6130000        40.7971        69.1373
   6140000        52.9693        91.1158
   6150000        46.1342        83.1026
   6160000        48.5945        84.7896
   6170000        31.2240        41.3975
   6180000        42.1549        70.2579
   6190000        49.4876        78.6680
   6200000        53.0839        86.9600
   6210000        28.1813        50.1638
   6220000        41.4213        69.8813
   6230000        32.1467        63.5543
   6240000        17.8203        38.9478
   6250000        45.1408        77.4826
   6260000        47.5603        75.6237
   6270000        53.1851        85.3379
   6280000        52.3601        90.7989
   6290000        45.9894        78.1404
   6300000        52.8824        88.8804
   6310000        47.2561        72.9546
   6320000        42.1942        69.6592
   6330000        46.8974        73.4269
   6340000        49.8725        77.8332
   6350000        38.0050        69.3377
   6360000        37.3071        70.8694
   6370000        51.5785        88.2513
   6380000        49.9771        80.2540
   6390000        50.1453        85.0100
   6400000        53.7846        88.0430
   6410000        52.3737        85.5080
   6420000        53.2469        85.1744
   6430000        51.5002        95.8058
   6440000        43.2197        71.4861
   6450000        50.9077        91.9832
   6460000        50.4111        75.5593
   6470000        47.4134        73.1427
   6480000        34.0939        57.3516
   6490000        46.1569        71.7866
   6500000        51.3337        92.4405
   6510000        51.3539        86.6971
   6520000        50.8991        92.3081
   6530000        53.1389        82.8630
   6540000        53.9879        85.4566
   6550000        49.3639        83.2766
   6560000        49.4005        83.9780
   6570000        52.6680        93.6564
   6580000        47.2769        91.0140
   6590000        38.7252        80.2791
   6600000        36.8092        79.4154
   6610000        44.9062        77.6989
   6620000        48.5804        83.6741
   6630000        52.0022        91.8099
   6640000        48.8459        72.1511
   6650000        47.8915        78.0875
   6660000        44.7134        87.9430
   6670000        49.0548        91.4078
   6680000        46.2209        92.6961
   6690000        38.9737        84.9673
   6700000        50.0693        94.9460
   6710000        50.2692        78.5820
   6720000        53.5736        93.0891
   6730000        51.5935        91.2895
   6740000        45.8457        89.4884
   6750000        47.2356        93.9336
   6760000        50.6897        95.6664
   6770000        39.9811        81.7068
   6780000        53.9965        87.8424
   6790000        50.6346        89.1703
   6800000        52.3834        90.7341
   6810000        44.6497        91.8069
   6820000        52.9161        87.9598
   6830000        36.7080        62.8982
   6840000        18.3964        28.9049
   6850000        20.1252        42.1085
   6860000        20.7065        46.5957
   6870000        20.3073        40.8402
   6880000        15.2531        20.8465
   6890000        18.7719        26.8662
   6900000        30.7539        60.1831
   6910000        34.2569        69.4417
   6920000        29.9986        51.6237
   6930000        30.8790        46.0594
   6940000        16.1127        26.7729
   6950000        18.9438        32.1666
   6960000        26.3669        44.2554
   6970000        15.4355        32.1521
   6980000        17.3801        29.3130
   6990000        13.6136        19.4274
   7000000        36.5472        65.1810
   7010000        28.4686        57.9645
   7020000        26.9950        47.9229
   7030000        24.9977        49.6122
   7040000        28.7634        31.0892
   7050000        39.8536        71.2709
   7060000        44.4795        70.3183
   7070000        46.2160        69.9475
   7080000        28.7915        60.5870
   7090000        29.9663        57.8634
   7100000        23.2455        34.9906
   7110000        19.6000        32.6509
   7120000        22.5047        39.3208
   7130000        24.8876        50.0160
   7140000        25.1350        49.4163
   7150000        26.4329        53.2183
   7160000        40.7322        72.6630
   7170000        17.7500        27.4240
   7180000        13.6851        20.1597
   7190000        25.1295        45.9041
   7200000        34.9089        71.6323
   7210000        38.5177        74.1713
   7220000        46.3058        74.5279
   7230000        45.4208        78.9265
   7240000        40.0175        78.7788
   7250000        30.2204        43.5231
   7260000        40.7930        66.4360
   7270000        48.7271        87.4436
   7280000        44.7231        72.2275
   7290000        38.9564        56.1552
   7300000        38.6936        80.4339
   7310000        38.8502        77.9575
   7320000        33.4049        68.0384
   7330000        36.0823        78.5011
   7340000        19.2388        40.5170
   7350000        53.3858        83.2915
   7360000        21.3976        41.3900
   7370000        43.8322        63.1496
   7380000        44.7183        66.5398
   7390000        32.7068        71.0222
   7400000        37.0263        72.7628
   7410000        38.8155        75.0594
   7420000        38.8092        69.1310
   7430000        27.3741        54.8556
   7440000        39.9428        72.3501
   7450000        36.4438        74.7839
   7460000        29.5559        48.8492
   7470000        29.4075        50.1103
   7480000        41.5130        71.2927
   7490000        48.7935        71.5091
   7500000        37.2271        78.2964
   7510000        38.4569        79.3374
   7520000        29.0787        51.3011
   7530000        23.2752        38.5004
   7540000        39.2710        72.7396
   7550000        42.5731        68.1822
   7560000        40.5703        71.8973
   7570000        39.3412        71.1139
   7580000        28.3062        48.0582
   7590000        38.3491        63.3313
   7600000        41.2161        71.2719
   7610000        37.7051        75.1149
   7620000        37.7856        70.9423
   7630000        35.4490        72.4007
   7640000        37.1300        74.5785
   7650000        35.7040        65.9823
   7660000        38.4669        81.3640
   7670000        23.0379        42.7854
   7680000        27.6017        46.0635
   7690000        20.2979        32.7246
   7700000        42.1417        65.5257
   7710000        31.5363        63.6764
   7720000        37.4625        66.9245
   7730000        36.7883        71.1812
   7740000        39.5853        70.1859
   7750000        40.8440        67.7248
   7760000        51.4182        95.9790
   7770000        43.3701        77.6812
   7780000        41.6903        68.7079
   7790000        53.2387        94.4374
   7800000        19.5662        46.0822
   7810000        31.3610        51.6755
   7820000        50.6159        91.3776
   7830000        45.1317        78.1877
   7840000        51.6783        90.7138
   7850000        50.7862        87.3065
   7860000        50.2181        82.0202
   7870000        50.4320        82.6193
   7880000        52.1544        86.5860
   7890000        51.0816        88.4361
   7900000        49.2544        95.0271
   7910000        53.0840        91.4599
   7920000        53.6480        95.1144
   7930000        52.9814        87.4236
   7940000        48.2702        75.3234
   7950000        42.0246        67.9763
   7960000        43.2577        71.8951
   7970000        52.0754        86.6875
   7980000        45.9214        72.1425
   7990000        36.6972        65.6460
   8000000        42.6653        79.2869
   8010000        43.7951        70.7308
   8020000        50.5319        82.3363
   8030000        53.0250        95.4079
   8040000        48.4892        88.4056
   8050000        38.0450        70.3936
   8060000        51.5625        88.4334
   8070000        51.6030        89.8691
   8080000        53.8486        90.2338
   8090000        45.7162        79.8783
   8100000        49.1860        84.8524
   8110000        53.8665        93.3517
   8120000        52.9493        93.7661
   8130000        51.2557        87.0184
   8140000        53.6459        91.5756
   8150000        48.7895        77.2365
   8160000        49.4849        79.6316
   8170000        53.5603        93.9875
   8180000        51.9327        93.7585
   8190000        53.4055        94.4801
   8200000        50.3639        93.1361
   8210000        53.9125        91.9449
   8220000        53.9898        89.3252
   8230000        33.5896        50.8017
   8240000         9.5000        18.8443
   8250000        12.9691        27.1655
   8260000        23.7953        39.1873
   8270000        14.9914        24.8720
   8280000        10.7890        11.6657
   8290000        24.1650        36.6117
   8300000        17.9527        32.5893
   8310000        23.7293        33.6919
   8320000        17.9440        24.0878
   8330000        23.9116        37.2460
   8340000        24.2675        39.7474
   8350000        19.0211        26.4770
   8360000        31.2310        51.4171
   8370000        30.1827        45.9817
   8380000        30.7916        47.5108
   8390000        14.3542        25.9227
   8400000        17.4045        27.4531
   8410000        11.4832        14.4116
   8420000        31.4549        65.3191
   8430000        34.1064        63.1488
   8440000        13.0523        20.9371
   8450000        19.6456        28.4939
   8460000        29.1112        56.2473
   8470000        21.4860        39.3794
   8480000        30.2141        62.0004
   8490000        13.6373        26.7896
   8500000        22.1023        35.0098
   8510000        33.8539        68.6119
   8520000        50.3779        90.9163
   8530000        39.8046        76.8210
   8540000        42.1031        81.7574
   8550000        52.9715        94.6524
   8560000        46.7480        91.0112
   8570000        53.1001        92.3975
   8580000        53.4488        87.0607
   8590000        49.9730        93.9263
   8600000        51.0228        93.1015
   8610000        52.6262        92.1190
   8620000        43.1862        88.3295
   8630000        49.9744        93.3969
   8640000        47.8644        88.4469
   8650000        49.7345        91.8516
   8660000        50.4736        94.1159
   8670000        41.6119        88.4544
   8680000        48.8240        89.4839
   8690000        43.8723        77.1614
   8700000        45.3382        78.9889
   8710000        48.2951        82.8397
   8720000        46.2181        78.2627
   8730000        43.9404        78.2556
   8740000        53.3156        92.6650
   8750000        47.6216        83.3507
   8760000        34.2786        66.2919
   8770000        37.2816        73.7988
   8780000        41.6182        74.1379
   8790000        46.6326        79.9136
   8800000        42.0947        74.7755
   8810000        41.9484        74.5853
   8820000        44.5016        78.0899
   8830000        45.1672        82.3422
   8840000        50.1718        87.4623
   8850000        51.6131        91.8079
   8860000        49.2555        83.9744
   8870000        41.2014        76.0881
   8880000        46.9724        81.9272
   8890000        51.7033        89.5126
   8900000        53.5583        92.6699
   8910000        50.4698        85.9168
   8920000        48.3264        88.4039
   8930000        48.7123        91.1211
   8940000        47.4305        85.2012
   8950000        53.2199        89.7276
   8960000        53.0069        88.0410
   8970000        53.6505        92.1834
   8980000        43.2638        76.7142
   8990000        43.9915        75.6504
   9000000        47.2608        81.6724
   9010000        45.3831        78.5192
   9020000        52.5049        91.3857
   9030000        45.9010        78.6614
   9040000        46.7133        80.1383
   9050000        49.8384        85.1489
   9060000        49.2975        83.0876
   9070000        53.9235        90.3524
   9080000        49.9292        86.6141
   9090000        50.2646        85.1741
   9100000        42.3838        75.5476
   9110000        45.6514        79.8280
   9120000        52.5516        92.2231
   9130000        42.9073        74.5703
   9140000        45.2090        78.0909
   9150000        54.0261        91.7391
   9160000        50.9380        80.1982
   9170000        50.7337        82.7482
   9180000        48.7399        84.2660
   9190000        45.1606        76.2911
   9200000        48.2302        78.9209
   9210000        44.9848        75.6876
   9220000        52.2206        88.5103
   9230000        50.1139        83.4282
   9240000        51.9377        85.8413
   9250000        46.8643        75.7358
   9260000        50.3826        80.6209
   9270000        49.5624        80.2970
   9280000        40.1635        69.6112
   9290000        38.8030        69.3809
   9300000        39.8691        71.7947
   9310000        43.2008        73.8232
   9320000        39.3973        73.1898
   9330000        44.3147        76.1984
   9340000        53.0063        86.4594
   9350000        53.4463        87.5598
   9360000        53.6863        90.0022
   9370000        51.1563        80.9061
   9380000        43.8820        67.5312
   9390000        53.1102        94.9045
   9400000        50.8901        90.0024
   9410000        48.7467        75.3556
   9420000        53.0835        88.1227
   9430000        41.3170        74.5377
   9440000        50.8816        88.2955
   9450000        52.0222        88.5669
   9460000        51.0337        88.9324
   9470000        44.2845        80.8805
   9480000        52.9196        86.5350
   9490000        53.7588        93.5477
   9500000        52.2646        89.1390
   9510000        50.3804        85.3297
   9520000        50.0235        83.4838
   9530000        51.2457        86.5021
   9540000        49.2449        83.0646
   9550000        43.5697        76.1472
   9560000        53.4487        86.6750
   9570000        53.6320        91.2195
   9580000        45.4936        79.9978
   9590000        51.2331        89.5707
   9600000        50.5826        87.5489
   9610000        40.9895        72.0095
   9620000        30.1126        64.0404
   9630000        36.1967        76.7885
   9640000        52.3529        83.5903
   9650000        51.0639        82.4506
   9660000        49.3137        82.8876
   9670000        52.0221        85.4645
   9680000        53.7429        88.0677
   9690000        51.1050        89.3791
   9700000        51.4580        80.2646
   9710000        50.8778        95.9314
   9720000        51.4863        84.4977
   9730000        50.5519        84.0032
   9740000        52.5111        91.8075
   9750000        37.3998        70.6494
   9760000        53.0630        89.6324
   9770000        53.1934        89.9220
   9780000        50.5728        91.3137
   9790000        45.1914        84.1674
   9800000        48.2354        82.9852
   9810000        53.6400        88.8236
   9820000        45.6369        84.4189
   9830000        47.9768        84.4517
   9840000        48.3565        87.0811
   9850000        50.9679        84.9973
   9860000        54.0885        88.9962
   9870000        52.6556        90.7943
   9880000        46.5959        85.1236
   9890000        49.7910        81.3260
   9900000        52.1994        84.0792
   9910000        51.5695        87.8762
   9920000        46.8105        82.4917
   9930000        54.1777        89.1628
   9940000        52.9305        84.7971
   9950000        51.6273        86.8286
   9960000        52.4079        88.6659
   9970000        35.8886        65.7547
   9980000        52.2431        87.5106
   9990000        49.8730        85.3215
  10000000        44.7299        77.7928
