# Step CPU_Time_s
         1       0.007429
     10000      35.523816
     20000      69.184937
     30000     102.306559
     40000     135.071370
     50000     169.383347
     60000     205.586167
     70000     238.567209
     80000     272.673250
     90000     306.967567
    100000     339.955531
    110000     371.890725
    120000     402.930424
    130000     434.094578
    140000     465.251133
    150000     496.591356
    160000     527.377947
    170000     560.062559
    180000     594.816290
    190000     629.470173
    200000     664.433636
    210000     700.513215
    220000     737.155833
    230000     772.000839
    240000     807.940362
    250000     842.633125
    260000     878.939528
    270000     917.974000
    280000     952.494697
    290000     984.994747
    300000    1018.757099
    310000    1051.955589
    320000    1087.674189
    330000    1121.867881
    340000    1155.838861
    350000    1190.248388
    360000    1227.554107
    370000    1263.204039
    380000    1297.338033
    390000    1331.507482
    400000    1365.753705
    410000    1399.743665
    420000    1433.651564
    430000    1467.724187
    440000    1502.232355
    450000    1536.265629
    460000    1573.383055
    470000    1612.216033
    480000    1654.516083
    490000    1693.725437
    500000    1732.192165
    510000    1771.466199
    520000    1807.689276
    530000    1845.685059
    540000    1879.756654
    550000    1914.182698
    560000    1948.835353
    570000    1983.861088
    580000    2018.180423
    590000    2053.117611
    600000    2087.409172
    610000    2122.655489
    620000    2157.184545
    630000    2192.019708
    640000    2226.893045
    650000    2261.018271
    660000    2295.538142
    670000    2330.432339
    680000    2364.510231
    690000    2403.346217
    700000    2441.078862
    710000    2482.675348
    720000    2517.141340
    730000    2552.312789
    740000    2587.141649
    750000    2622.944375
    760000    2658.445183
    770000    2693.597028
    780000    2728.260331
    790000    2763.348649
    800000    2797.431686
    810000    2832.394225
    820000    2869.709844
    830000    2907.632896
    840000    2942.147191
    850000    2977.305284
    860000    3012.674628
    870000    3048.396085
    880000    3083.708516
    890000    3123.010256
    900000    3159.771442
    910000    3199.155636
    920000    3234.988470
    930000    3269.115943
    940000    3303.745627
    950000    3337.708205
    960000    3372.941546
    970000    3409.282078
    980000    3444.177848
    990000    3479.278719
   1000000    3513.416730
   1010000    3547.745375
   1020000    3583.541737
   1030000    3618.375735
   1040000    3653.758251
   1050000    3689.801212
   1060000    3726.331975
   1070000    3762.221763
   1080000    3797.714119
   1090000    3832.702855
   1100000    3866.982252
   1110000    3901.210407
   1120000    3936.414385
   1130000    3971.020632
   1140000    4004.867248
   1150000    4038.794062
   1160000    4073.242534
   1170000    4108.481879
   1180000    4143.367112
   1190000    4178.231499
   1200000    4214.905767
   1210000    4248.305553
   1220000    4282.949022
   1230000    4317.963373
   1240000    4353.156107
   1250000    4388.304931
   1260000    4423.547521
   1270000    4458.510515
   1280000    4496.257524
   1290000    4532.236210
   1300000    4566.537411
   1310000    4600.362352
   1320000    4634.843300
   1330000    4670.171547
   1340000    4706.081874
   1350000    4740.945312
   1360000    4774.135130
   1370000    4808.014885
   1380000    4842.267733
   1390000    4876.276206
   1400000    4911.609274
   1410000    4945.824574
   1420000    4980.744003
   1430000    5016.270162
   1440000    5053.655156
   1450000    5089.985006
   1460000    5124.638171
   1470000    5158.189832
   1480000    5192.083773
   1490000    5227.304042
   1500000    5263.372725
   1510000    5297.051277
   1520000    5330.808917
   1530000    5364.678042
   1540000    5400.061198
   1550000    5434.002966
   1560000    5467.981067
   1570000    5502.258703
   1580000    5536.264342
   1590000    5571.217774
   1600000    5604.954235
   1610000    5641.526888
   1620000    5676.612677
   1630000    5711.307477
   1640000    5746.059344
   1650000    5779.641179
   1660000    5813.370149
   1670000    5847.022689
   1680000    5881.105068
   1690000    5914.693683
   1700000    5948.682995
   1710000    5982.422798
   1720000    6016.115436
   1730000    6050.228828
   1740000    6083.700625
   1750000    6117.683209
   1760000    6151.540599
   1770000    6185.370676
   1780000    6218.896989
   1790000    6252.362400
   1800000    6286.557354
   1810000    6320.107930
   1820000    6353.765628
   1830000    6387.154242
   1840000    6420.495242
   1850000    6454.346798
   1860000    6487.969942
   1870000    6521.562363
   1880000    6554.870981
   1890000    6588.798171
   1900000    6622.200779
   1910000    6656.637589
   1920000    6690.099036
   1930000    6724.277394
   1940000    6757.992785
   1950000    6791.909750
   1960000    6825.402658
   1970000    6859.128687
   1980000    6893.676927
   1990000    6928.141015
   2000000    6963.364630
   2010000    6997.764185
   2020000    7032.059749
   2030000    7065.927514
   2040000    7100.393806
   2050000    7134.254382
   2060000    7169.381703
   2070000    7204.111676
   2080000    7238.502086
   2090000    7272.915355
   2100000    7307.236561
   2110000    7341.852424
   2120000    7376.883538
   2130000    7410.902375
   2140000    7445.602086
   2150000    7480.199332
   2160000    7515.202643
   2170000    7549.370501
   2180000    7584.047216
   2190000    7618.575875
   2200000    7652.890276
   2210000    7687.252540
   2220000    7721.632338
   2230000    7755.560251
   2240000    7789.519259
   2250000    7824.098182
   2260000    7858.167451
   2270000    7894.030399
   2280000    7929.569155
   2290000    7965.524950
   2300000    8000.914451
   2310000    8036.363618
   2320000    8074.923334
   2330000    8109.324345
   2340000    8143.669112
   2350000    8178.332590
   2360000    8213.459088
   2370000    8248.323984
   2380000    8283.569743
   2390000    8321.272776
   2400000    8356.055929
   2410000    8390.408087
   2420000    8425.370654
   2430000    8459.579144
   2440000    8494.469491
   2450000    8529.026699
   2460000    8563.784700
   2470000    8598.155801
   2480000    8632.290153
   2490000    8667.077931
   2500000    8701.841870
   2510000    8736.650870
   2520000    8770.982696
   2530000    8804.714257
   2540000    8839.046594
   2550000    8875.701449
   2560000    8912.498812
   2570000    8946.767605
   2580000    8981.146454
   2590000    9015.648661
   2600000    9050.632711
   2610000    9086.328456
   2620000    9120.786685
   2630000    9155.409028
   2640000    9191.195916
   2650000    9228.566059
   2660000    9263.358349
   2670000    9297.902935
   2680000    9332.380034
   2690000    9367.585507
   2700000    9402.183821
   2710000    9436.332572
   2720000    9470.561028
   2730000    9504.352676
   2740000    9538.898802
   2750000    9572.918634
   2760000    9607.205545
   2770000    9641.332770
   2780000    9675.264478
   2790000    9709.379789
   2800000    9743.407212
   2810000    9777.702746
   2820000    9811.637544
   2830000    9845.345953
   2840000    9879.112898
   2850000    9913.464962
   2860000    9948.217144
   2870000    9981.763384
   2880000   10015.685291
   2890000   10049.593974
   2900000   10083.236080
   2910000   10117.073414
   2920000   10151.193013
   2930000   10185.473169
   2940000   10219.666136
   2950000   10253.044666
   2960000   10285.351996
   2970000   10317.800654
   2980000   10349.747308
   2990000   10381.823268
   3000000   10413.112700
   3010000   10445.013887
   3020000   10476.918779
   3030000   10508.885027
   3040000   10540.986677
   3050000   10573.718446
   3060000   10605.803932
   3070000   10638.059738
   3080000   10670.369967
   3090000   10702.523354
   3100000   10735.009644
   3110000   10767.006365
   3120000   10799.454393
   3130000   10832.444665
   3140000   10865.362962
   3150000   10897.871435
   3160000   10930.414236
   3170000   10963.107506
   3180000   10995.758685
   3190000   11028.027765
   3200000   11060.496932
   3210000   11092.899903
   3220000   11125.255464
   3230000   11157.125871
   3240000   11189.788444
   3250000   11222.070394
   3260000   11254.187107
   3270000   11286.343171
   3280000   11317.746048
   3290000   11349.497690
   3300000   11381.552165
   3310000   11413.754104
   3320000   11445.908803
   3330000   11477.765492
   3340000   11509.608991
   3350000   11542.250505
   3360000   11574.242779
   3370000   11606.606237
   3380000   11638.454969
   3390000   11670.121537
   3400000   11702.198823
   3410000   11734.261673
   3420000   11766.701181
   3430000   11798.454704
   3440000   11829.983466
   3450000   11861.598700
   3460000   11893.448756
   3470000   11925.532314
   3480000   11957.722896
   3490000   11989.586607
   3500000   12021.447712
   3510000   12053.786296
   3520000   12085.557642
   3530000   12117.766214
   3540000   12149.577177
   3550000   12181.482722
   3560000   12213.214941
   3570000   12244.656988
   3580000   12276.206615
   3590000   12308.003618
   3600000   12339.991746
   3610000   12371.923785
   3620000   12403.610339
   3630000   12435.613809
   3640000   12467.887440
   3650000   12499.807123
   3660000   12531.886293
   3670000   12563.589230
   3680000   12595.648119
   3690000   12627.519796
   3700000   12660.219900
   3710000   12698.851490
   3720000   12734.709780
   3730000   12770.276117
   3740000   12803.955638
   3750000   12838.224906
   3760000   12872.429794
   3770000   12906.556648
   3780000   12940.512981
   3790000   12974.144375
   3800000   13011.785667
   3810000   13047.535922
   3820000   13081.963743
   3830000   13121.083277
   3840000   13159.238718
   3850000   13195.639945
   3860000   13237.529962
   3870000   13273.811662
   3880000   13310.246488
   3890000   13346.635608
   3900000   13381.826530
   3910000   13420.476926
   3920000   13459.073640
   3930000   13499.677158
   3940000   13541.482939
   3950000   13577.831478
   3960000   13613.906616
   3970000   13649.193630
   3980000   13684.761267
   3990000   13719.569001
   4000000   13755.356454
   4010000   13791.332740
   4020000   13826.667263
   4030000   13863.875480
   4040000   13900.091974
   4050000   13934.695038
   4060000   13969.257790
   4070000   14003.614683
   4080000   14038.023810
   4090000   14072.714718
   4100000   14107.490015
   4110000   14142.000509
   4120000   14178.108026
   4130000   14215.653551
   4140000   14254.001478
   4150000   14291.237673
   4160000   14326.476101
   4170000   14362.572672
   4180000   14400.807859
   4190000   14438.528277
   4200000   14479.806170
   4210000   14519.407998
   4220000   14554.295310
   4230000   14589.091730
   4240000   14624.080205
   4250000   14660.473263
   4260000   14697.211010
   4270000   14732.558584
   4280000   14767.902687
   4290000   14803.408260
   4300000   14838.900645
   4310000   14874.245924
   4320000   14908.641605
   4330000   14943.296622
   4340000   14978.998889
   4350000   15016.298205
   4360000   15056.187628
   4370000   15090.826390
   4380000   15127.162735
   4390000   15163.729642
   4400000   15201.680728
   4410000   15244.163875
   4420000   15282.138796
   4430000   15319.669287
   4440000   15357.079059
   4450000   15392.323330
   4460000   15428.548135
   4470000   15462.815294
   4480000   15496.964067
   4490000   15531.267134
   4500000   15565.642147
   4510000   15599.874327
   4520000   15634.600435
   4530000   15668.960906
   4540000   15703.316658
   4550000   15737.645882
   4560000   15772.142663
   4570000   15806.276673
   4580000   15840.230098
   4590000   15874.234006
   4600000   15907.970136
   4610000   15942.200417
   4620000   15975.885074
   4630000   16009.728454
   4640000   16043.722293
   4650000   16078.179800
   4660000   16114.196186
   4670000   16153.050651
   4680000   16191.814318
   4690000   16231.274274
   4700000   16267.569222
   4710000   16303.613248
   4720000   16339.394343
   4730000   16376.791464
   4740000   16412.400387
   4750000   16448.277274
   4760000   16484.020999
   4770000   16521.673010
   4780000   16557.456719
   4790000   16591.838093
   4800000   16625.989715
   4810000   16659.707114
   4820000   16693.942943
   4830000   16727.759618
   4840000   16761.679851
   4850000   16796.055835
   4860000   16830.266848
   4870000   16863.905121
   4880000   16898.183034
   4890000   16932.344653
   4900000   16966.371097
   4910000   17000.489477
   4920000   17034.900601
   4930000   17068.773201
   4940000   17102.752677
   4950000   17136.364838
   4960000   17171.645745
   4970000   17206.396332
   4980000   17240.514526
   4990000   17274.425521
   5000000   17307.990358
   5010000   17342.051576
   5020000   17376.110642
   5030000   17410.623109
   5040000   17444.850189
   5050000   17479.089874
   5060000   17513.048448
   5070000   17547.427237
   5080000   17582.629766
   5090000   17617.198930
   5100000   17651.299639
   5110000   17685.562778
   5120000   17720.636813
   5130000   17755.803316
   5140000   17790.858408
   5150000   17826.196466
   5160000   17860.458308
   5170000   17894.979897
   5180000   17928.815168
   5190000   17965.211286
   5200000   18001.448464
   5210000   18036.576735
   5220000   18073.242973
   5230000   18110.437693
   5240000   18145.147755
   5250000   18181.141028
   5260000   18215.404830
   5270000   18249.922342
   5280000   18284.190899
   5290000   18318.731718
   5300000   18352.743433
   5310000   18387.307415
   5320000   18422.177193
   5330000   18457.136522
   5340000   18491.792886
   5350000   18525.366568
   5360000   18558.976163
   5370000   18592.836559
   5380000   18627.061846
   5390000   18661.190295
   5400000   18695.238942
   5410000   18729.225874
   5420000   18763.061512
   5430000   18796.981672
   5440000   18830.815485
   5450000   18864.436867
   5460000   18898.624617
   5470000   18932.174129
   5480000   18966.427043
   5490000   19000.287446
   5500000   19034.407680
   5510000   19068.266291
   5520000   19102.175217
   5530000   19135.614059
   5540000   19169.339254
   5550000   19203.208850
   5560000   19237.313689
   5570000   19271.023547
   5580000   19304.879723
   5590000   19338.658215
   5600000   19372.042014
   5610000   19406.813220
   5620000   19438.662367
   5630000   19470.509833
   5640000   19502.335034
   5650000   19534.081718
   5660000   19566.399634
   5670000   19597.942471
   5680000   19629.921749
   5690000   19661.934368
   5700000   19693.898476
   5710000   19725.490774
   5720000   19757.713950
   5730000   19789.698077
   5740000   19821.341972
   5750000   19853.554094
   5760000   19886.699498
   5770000   19919.123835
   5780000   19952.082680
   5790000   19985.210549
   5800000   20017.428832
   5810000   20049.826902
   5820000   20082.835317
   5830000   20115.178392
   5840000   20147.783722
   5850000   20180.339828
   5860000   20212.596437
   5870000   20245.246004
   5880000   20278.405632
   5890000   20310.765579
   5900000   20343.047696
   5910000   20375.466322
   5920000   20407.835249
   5930000   20440.509442
   5940000   20473.385070
   5950000   20506.053843
   5960000   20538.235106
   5970000   20570.295162
   5980000   20602.226293
   5990000   20634.219299
   6000000   20666.345854
   6010000   20698.386296
   6020000   20730.413304
   6030000   20762.185854
   6040000   20794.127685
   6050000   20826.265568
   6060000   20858.216261
   6070000   20890.025250
   6080000   20921.900130
   6090000   20953.947354
   6100000   20985.654883
   6110000   21018.015794
   6120000   21051.045527
   6130000   21082.857055
   6140000   21114.830179
   6150000   21147.107094
   6160000   21179.692616
   6170000   21211.521881
   6180000   21243.908051
   6190000   21275.848595
   6200000   21307.492600
   6210000   21339.505120
   6220000   21371.409214
   6230000   21403.245255
   6240000   21435.214186
   6250000   21466.891212
   6260000   21499.813551
   6270000   21531.688738
   6280000   21563.021918
   6290000   21594.364780
   6300000   21625.626040
   6310000   21657.209631
   6320000   21688.761033
   6330000   21720.212332
   6340000   21751.366206
   6350000   21782.775980
   6360000   21813.414707
   6370000   21844.398974
   6380000   21875.444944
   6390000   21906.772272
   6400000   21938.212397
   6410000   21969.551271
   6420000   22000.916779
   6430000   22032.457647
   6440000   22063.845110
   6450000   22094.974821
   6460000   22126.127218
   6470000   22157.121520
   6480000   22188.267722
   6490000   22219.136613
   6500000   22250.531984
   6510000   22282.276335
   6520000   22313.860566
   6530000   22344.701382
   6540000   22375.897697
   6550000   22406.835445
   6560000   22438.085159
   6570000   22469.345105
   6580000   22500.170196
   6590000   22531.047160
   6600000   22562.292007
   6610000   22593.648499
   6620000   22624.824023
   6630000   22656.143085
   6640000   22687.790111
   6650000   22718.882385
   6660000   22749.625626
   6670000   22781.033550
   6680000   22812.229490
   6690000   22843.804856
   6700000   22875.667376
   6710000   22906.592276
   6720000   22937.587922
   6730000   22968.805830
   6740000   22999.732947
   6750000   23030.695914
   6760000   23061.710935
   6770000   23093.578912
   6780000   23124.807314
   6790000   23155.719147
   6800000   23187.039272
   6810000   23218.986177
   6820000   23250.443836
   6830000   23282.225360
   6840000   23313.242753
   6850000   23344.175573
   6860000   23376.155835
   6870000   23407.558631
   6880000   23438.732411
   6890000   23470.290943
   6900000   23501.575994
   6910000   23532.990453
   6920000   23564.380259
   6930000   23595.934982
   6940000   23627.180578
   6950000   23658.340272
   6960000   23689.480231
   6970000   23721.306163
   6980000   23753.425597
   6990000   23784.768097
   7000000   23815.536570
   7010000   23846.631223
   7020000   23877.680863
   7030000   23908.360015
   7040000   23939.246608
   7050000   23969.876254
   7060000   24001.175715
   7070000   24032.489838
   7080000   24063.644910
   7090000   24094.885890
   7100000   24127.261655
   7110000   24158.387486
   7120000   24189.923685
   7130000   24220.443046
   7140000   24251.774078
   7150000   24282.943416
   7160000   24316.058902
   7170000   24346.765302
   7180000   24378.216093
   7190000   24409.218295
   7200000   24440.768521
   7210000   24471.505531
   7220000   24502.674146
   7230000   24533.470834
   7240000   24564.170183
   7250000   24595.231044
   7260000   24626.575107
   7270000   24658.152210
   7280000   24689.778983
   7290000   24720.652343
   7300000   24751.688082
   7310000   24783.197201
   7320000   24814.028251
   7330000   24845.905984
   7340000   24877.207336
   7350000   24908.367006
   7360000   24939.292221
   7370000   24970.606648
   7380000   25001.736742
   7390000   25033.080676
   7400000   25064.274781
   7410000   25095.169026
   7420000   25125.916999
   7430000   25156.921191
   7440000   25188.346324
   7450000   25219.334277
   7460000   25250.772690
   7470000   25282.114708
   7480000   25313.022622
   7490000   25344.246803
   7500000   25375.572721
   7510000   25406.712805
   7520000   25438.079189
   7530000   25469.262606
   7540000   25500.432406
   7550000   25531.321190
   7560000   25563.093432
   7570000   25594.133536
   7580000   25625.066584
   7590000   25655.988140
   7600000   25687.147703
   7610000   25717.968334
   7620000   25749.511432
   7630000   25780.610709
   7640000   25811.237715
   7650000   25842.304335
   7660000   25873.952296
   7670000   25905.535537
   7680000   25936.624829
   7690000   25967.515112
   7700000   25998.534864
   7710000   26029.341009
   7720000   26060.360025
   7730000   26092.027509
   7740000   26122.952863
   7750000   26154.004126
   7760000   26184.821775
   7770000   26215.870062
   7780000   26247.150803
   7790000   26278.534377
   7800000   26310.330877
   7810000   26341.335631
   7820000   26372.252290
   7830000   26403.141756
   7840000   26433.698472
   7850000   26464.814338
   7860000   26496.315350
   7870000   26527.315934
   7880000   26558.432444
   7890000   26589.412890
   7900000   26620.430071
   7910000   26651.192398
   7920000   26682.315844
   7930000   26713.234552
   7940000   26745.082719
   7950000   26776.840636
   7960000   26808.708047
   7970000   26840.190889
   7980000   26871.251949
   7990000   26902.362697
   8000000   26933.386112
   8010000   26964.205966
   8020000   26995.330046
   8030000   27026.598181
   8040000   27057.487344
   8050000   27088.176890
   8060000   27119.333222
   8070000   27150.493901
   8080000   27182.020004
   8090000   27212.540380
   8100000   27244.141706
   8110000   27275.543579
   8120000   27306.395278
   8130000   27337.527005
   8140000   27368.774449
   8150000   27400.790732
   8160000   27431.728968
   8170000   27462.626950
   8180000   27493.915754
   8190000   27525.001464
   8200000   27555.764005
   8210000   27586.678522
   8220000   27617.405032
   8230000   27648.366590
   8240000   27679.760976
   8250000   27711.259927
   8260000   27742.135589
   8270000   27773.353377
   8280000   27804.254178
   8290000   27835.437035
   8300000   27866.423312
   8310000   27899.617103
   8320000   27930.624275
   8330000   27961.767364
   8340000   27992.871491
   8350000   28023.816258
   8360000   28055.189341
   8370000   28086.542261
   8380000   28117.346632
   8390000   28148.578112
   8400000   28179.512462
   8410000   28210.926523
   8420000   28242.302346
   8430000   28273.649101
   8440000   28304.539073
   8450000   28335.235268
   8460000   28366.297527
   8470000   28397.280322
   8480000   28428.043738
   8490000   28459.441112
   8500000   28491.015753
   8510000   28522.158822
   8520000   28552.994581
   8530000   28584.304823
   8540000   28615.771426
   8550000   28646.579383
   8560000   28677.969039
   8570000   28708.875543
   8580000   28740.108404
   8590000   28771.142829
   8600000   28802.517176
   8610000   28833.765849
   8620000   28864.998758
   8630000   28895.892216
   8640000   28927.871353
   8650000   28959.044542
   8660000   28990.392538
   8670000   29021.475857
   8680000   29052.533716
   8690000   29083.616056
   8700000   29114.517501
   8710000   29145.536953
   8720000   29176.831039
   8730000   29208.285689
   8740000   29239.237251
   8750000   29270.356926
   8760000   29301.888460
   8770000   29333.008201
   8780000   29364.346621
   8790000   29395.061454
   8800000   29426.167432
   8810000   29457.990604
   8820000   29489.469362
   8830000   29520.980576
   8840000   29551.827241
   8850000   29583.381184
   8860000   29614.218342
   8870000   29644.876969
   8880000   29675.827833
   8890000   29707.041968
   8900000   29738.122945
   8910000   29769.652284
   8920000   29800.580883
   8930000   29831.586042
   8940000   29862.385650
   8950000   29893.621731
   8960000   29924.919149
   8970000   29955.748478
   8980000   29986.706051
   8990000   30017.917953
   9000000   30049.048988
   9010000   30080.280488
   9020000   30111.120675
   9030000   30142.016921
   9040000   30172.677727
   9050000   30203.923074
   9060000   30234.718620
   9070000   30265.402987
   9080000   30296.378490
   9090000   30327.288089
   9100000   30358.508273
   9110000   30389.389714
   9120000   30420.342566
   9130000   30451.482135
   9140000   30483.662866
   9150000   30514.324198
   9160000   30545.033352
   9170000   30575.879853
   9180000   30607.135454
   9190000   30638.579869
   9200000   30670.013894
   9210000   30701.063756
   9220000   30732.418537
   9230000   30763.496655
   9240000   30795.939873
   9250000   30827.250503
   9260000   30858.251445
   9270000   30889.116564
   9280000   30920.668586
   9290000   30952.343867
   9300000   30984.064280
   9310000   31015.196643
   9320000   31045.991102
   9330000   31077.311804
   9340000   31108.539890
   9350000   31139.926005
   9360000   31171.133793
   9370000   31202.140223
   9380000   31232.924169
   9390000   31263.722054
   9400000   31294.697048
   9410000   31325.890351
   9420000   31356.941028
   9430000   31388.439111
   9440000   31419.169796
   9450000   31450.658642
   9460000   31482.099549
   9470000   31513.009062
   9480000   31543.884620
   9490000   31575.485378
   9500000   31606.409071
   9510000   31637.530823
   9520000   31668.361514
   9530000   31699.596406
   9540000   31730.311686
   9550000   31761.205576
   9560000   31792.146838
   9570000   31823.613699
   9580000   31854.727313
   9590000   31885.896403
   9600000   31917.078906
   9610000   31948.418079
   9620000   31979.305675
   9630000   32010.348072
   9640000   32041.472163
   9650000   32072.403210
   9660000   32104.058005
   9670000   32135.441943
   9680000   32166.449023
   9690000   32197.512885
   9700000   32228.571483
   9710000   32259.821866
   9720000   32291.340800
   9730000   32322.309990
   9740000   32353.191094
   9750000   32384.488673
   9760000   32415.776611
   9770000   32447.229525
   9780000   32478.681160
   9790000   32509.383812
   9800000   32540.435269
   9810000   32571.429667
   9820000   32602.723708
   9830000   32633.614210
   9840000   32664.887035
   9850000   32696.037196
   9860000   32727.001191
   9870000   32758.199976
   9880000   32789.954683
   9890000   32821.139169
   9900000   32852.434333
   9910000   32883.869627
   9920000   32914.703854
   9930000   32945.250212
   9940000   32976.399314
   9950000   33007.679763
   9960000   33038.731051
   9970000   33069.575880
   9980000   33100.845866
   9990000   33131.717687
  10000000   33162.753497
