# Step CPU_Time_s
         1       0.005249
     10000      40.941432
     20000      89.198668
     30000     137.842172
     40000     186.384250
     50000     246.537144
     60000     299.196498
     70000     350.715810
     80000     400.324925
     90000     450.137524
    100000     498.755140
    110000     549.351336
    120000     604.663029
    130000     656.995303
    140000     706.108429
    150000     756.675395
    160000     805.746488
    170000     858.820006
    180000     911.815658
    190000     963.070362
    200000    1013.675504
    210000    1063.580971
    220000    1112.535041
    230000    1162.866157
    240000    1214.143842
    250000    1263.963670
    260000    1313.546935
    270000    1363.137439
    280000    1414.308362
    290000    1472.628669
    300000    1525.237395
    310000    1576.146575
    320000    1626.214431
    330000    1677.112186
    340000    1725.963002
    350000    1776.744268
    360000    1827.138444
    370000    1876.750439
    380000    1926.357081
    390000    1976.216139
    400000    2025.168866
    410000    2075.770721
    420000    2125.503376
    430000    2175.206832
    440000    2224.772795
    450000    2273.639310
    460000    2322.691002
    470000    2372.605157
    480000    2421.339187
    490000    2470.233713
    500000    2517.999795
    510000    2565.636130
    520000    2612.842544
    530000    2661.495595
    540000    2717.197273
    550000    2778.444501
    560000    2831.074737
    570000    2881.714647
    580000    2932.344186
    590000    2985.843433
    600000    3039.142125
    610000    3091.141926
    620000    3142.017398
    630000    3193.677207
    640000    3246.664778
    650000    3299.391656
    660000    3351.524652
    670000    3405.114894
    680000    3454.240211
    690000    3502.146031
    700000    3551.007320
    710000    3600.448248
    720000    3649.683454
    730000    3697.042519
    740000    3744.513151
    750000    3792.026563
    760000    3840.624865
    770000    3888.473812
    780000    3937.275408
    790000    3985.699100
    800000    4033.550776
    810000    4080.853658
    820000    4128.225975
    830000    4177.277776
    840000    4225.855592
    850000    4273.518728
    860000    4321.938281
    870000    4368.859393
    880000    4416.927680
    890000    4465.374420
    900000    4514.322294
    910000    4563.018552
    920000    4610.635040
    930000    4658.779756
    940000    4706.037614
    950000    4754.497794
    960000    4802.628526
    970000    4850.522249
    980000    4898.035824
    990000    4945.625271
   1000000    4992.923938
   1010000    5040.459349
   1020000    5088.601374
   1030000    5137.547112
   1040000    5185.985076
   1050000    5234.333008
   1060000    5282.094635
   1070000    5329.098359
   1080000    5377.910550
   1090000    5426.901989
   1100000    5474.635177
   1110000    5522.996175
   1120000    5571.013000
   1130000    5618.592443
   1140000    5667.841459
   1150000    5715.976040
   1160000    5764.173205
   1170000    5811.343259
   1180000    5858.485362
   1190000    5906.590971
   1200000    5955.652222
   1210000    6004.108989
   1220000    6052.010083
   1230000    6100.396341
   1240000    6147.664897
   1250000    6195.762725
   1260000    6244.880322
   1270000    6293.349839
   1280000    6342.196148
   1290000    6390.404151
   1300000    6438.401046
   1310000    6486.012624
   1320000    6534.072858
   1330000    6582.885929
   1340000    6631.793651
   1350000    6679.372942
   1360000    6726.692015
   1370000    6775.932628
   1380000    6823.969363
   1390000    6872.492809
   1400000    6922.849608
   1410000    6970.996292
   1420000    7017.979194
   1430000    7065.367588
   1440000    7112.975231
   1450000    7162.009504
   1460000    7210.396115
   1470000    7258.013923
   1480000    7305.190281
   1490000    7353.903929
   1500000    7401.277793
   1510000    7449.906365
   1520000    7498.272635
   1530000    7546.512851
   1540000    7593.546188
   1550000    7640.058219
   1560000    7687.332683
   1570000    7735.081709
   1580000    7783.943478
   1590000    7832.476794
   1600000    7879.331839
   1610000    7927.656693
   1620000    7975.252799
   1630000    8022.990103
   1640000    8071.923286
   1650000    8120.285991
   1660000    8168.455093
   1670000    8216.103042
   1680000    8263.994293
   1690000    8311.122246
   1700000    8359.884139
   1710000    8408.345474
   1720000    8455.834952
   1730000    8503.214689
   1740000    8550.966850
   1750000    8598.553276
   1760000    8647.475464
   1770000    8694.950390
   1780000    8743.412191
   1790000    8792.470359
   1800000    8840.050814
   1810000    8887.359282
   1820000    8934.926313
   1830000    8984.694397
   1840000    9033.117809
   1850000    9081.038190
   1860000    9129.119375
   1870000    9177.584961
   1880000    9224.973389
   1890000    9273.789562
   1900000    9322.862702
   1910000    9370.781618
   1920000    9417.883859
   1930000    9465.562893
   1940000    9512.212704
   1950000    9561.492534
   1960000    9610.011318
   1970000    9657.608217
   1980000    9704.900751
   1990000    9752.285325
   2000000    9800.270250
   2010000    9849.216123
   2020000    9896.419230
   2030000    9945.013191
   2040000    9992.653838
   2050000   10039.912402
   2060000   10087.085021
   2070000   10135.387987
   2080000   10184.596104
   2090000   10233.186918
   2100000   10280.430445
   2110000   10328.345510
   2120000   10377.229146
   2130000   10425.004819
   2140000   10473.749693
   2150000   10522.635735
   2160000   10570.965878
   2170000   10618.895418
   2180000   10666.485474
   2190000   10715.172135
   2200000   10763.621416
   2210000   10811.800315
   2220000   10860.380905
   2230000   10907.974784
   2240000   10955.530597
   2250000   11002.907456
   2260000   11052.430872
   2270000   11101.255447
   2280000   11149.565218
   2290000   11197.077767
   2300000   11244.979768
   2310000   11293.003748
   2320000   11340.491660
   2330000   11389.564838
   2340000   11438.172469
   2350000   11486.140456
   2360000   11534.002228
   2370000   11581.730553
   2380000   11629.940644
   2390000   11678.815783
   2400000   11728.180814
   2410000   11776.107580
   2420000   11823.435101
   2430000   11871.187887
   2440000   11918.931505
   2450000   11967.466002
   2460000   12016.457101
   2470000   12064.940294
   2480000   12112.356689
   2490000   12160.597084
   2500000   12207.622732
   2510000   12256.719247
   2520000   12305.253356
   2530000   12353.639579
   2540000   12401.999475
   2550000   12449.547560
   2560000   12497.352673
   2570000   12546.193209
   2580000   12594.159193
   2590000   12642.637933
   2600000   12690.183524
   2610000   12742.081793
   2620000   12791.735741
   2630000   12840.226289
   2640000   12888.769736
   2650000   12937.425337
   2660000   12985.075895
   2670000   13033.594713
   2680000   13080.933769
   2690000   13129.116021
   2700000   13177.598092
   2710000   13226.059139
   2720000   13274.535496
   2730000   13321.878868
   2740000   13369.684950
   2750000   13417.818612
   2760000   13466.537667
   2770000   13514.407867
   2780000   13562.980800
   2790000   13611.017871
   2800000   13658.427728
   2810000   13706.339052
   2820000   13754.925885
   2830000   13804.646152
   2840000   13851.798533
   2850000   13899.425568
   2860000   13947.568138
   2870000   13995.288056
   2880000   14045.279906
   2890000   14094.052610
   2900000   14144.023940
   2910000   14192.852364
   2920000   14241.213220
   2930000   14289.231800
   2940000   14337.660553
   2950000   14387.540334
   2960000   14437.533771
   2970000   14485.165668
   2980000   14532.806432
   2990000   14581.306733
   3000000   14629.394763
   3010000   14678.516216
   3020000   14727.265200
   3030000   14775.103884
   3040000   14823.021521
   3050000   14870.720865
   3060000   14918.382349
   3070000   14966.765429
   3080000   15016.252974
   3090000   15064.543580
   3100000   15111.789452
   3110000   15159.273862
   3120000   15207.401701
   3130000   15256.684355
   3140000   15305.366419
   3150000   15353.647960
   3160000   15401.592047
   3170000   15448.855317
   3180000   15495.785972
   3190000   15544.071385
   3200000   15592.470580
   3210000   15641.228623
   3220000   15688.334277
   3230000   15736.007118
   3240000   15784.173656
   3250000   15831.486576
   3260000   15880.227319
   3270000   15928.815533
   3280000   15977.601854
   3290000   16025.707290
   3300000   16073.659897
   3310000   16121.183823
   3320000   16169.847626
   3330000   16219.893371
   3340000   16268.338351
   3350000   16316.685203
   3360000   16364.633850
   3370000   16412.846663
   3380000   16462.061047
   3390000   16510.207417
   3400000   16558.265823
   3410000   16605.821854
   3420000   16654.371601
   3430000   16701.698732
   3440000   16750.821186
   3450000   16798.311277
   3460000   16846.817574
   3470000   16894.453826
   3480000   16941.682668
   3490000   16989.185978
   3500000   17036.517740
   3510000   17085.810758
   3520000   17134.921644
   3530000   17184.219276
   3540000   17232.541785
   3550000   17279.507015
   3560000   17327.689691
   3570000   17376.734991
   3580000   17425.925379
   3590000   17473.812362
   3600000   17521.152149
   3610000   17568.386446
   3620000   17617.016913
   3630000   17665.540288
   3640000   17714.412730
   3650000   17762.679107
   3660000   17811.672146
   3670000   17859.842423
   3680000   17907.594013
   3690000   17957.043482
   3700000   18005.623562
