# Step E_total E_lj E_tors
         1       -26.1361       -26.1361         0.0000
     10000       157.6999       -39.8310       197.5309
     20000       162.9970       -57.9289       220.9260
     30000       149.9763       -48.0194       197.9956
     40000       146.5529       -62.5783       209.1313
     50000       142.7936       -62.9173       205.7109
     60000       137.7338       -69.9559       207.6897
     70000       142.2605       -66.4322       208.6927
     80000       138.9788       -71.8188       210.7976
     90000       133.1710       -69.6167       202.7877
    100000       131.9602       -73.1776       205.1378
    110000       134.8907       -71.3567       206.2474
    120000       133.6215       -70.8732       204.4947
    130000       130.6516       -74.7694       205.4210
    140000       126.9014       -73.7817       200.6831
    150000       129.9130       -70.8157       200.7287
    160000       131.3777       -75.2110       206.5887
    170000       134.3651       -70.7985       205.1636
    180000       133.1785       -70.9351       204.1137
    190000       136.4258       -71.0276       207.4534
    200000       136.9537       -72.4516       209.4053
    210000       137.5312       -75.0609       212.5921
    220000       139.6816       -70.5656       210.2473
    230000       141.4857       -69.3138       210.7995
    240000       142.0726       -65.5806       207.6532
    250000       135.9226       -73.7482       209.6708
    260000       143.1821       -68.8748       212.0569
    270000       143.3267       -69.8926       213.2194
    280000       140.6670       -66.6482       207.3151
    290000       134.5849       -74.5423       209.1272
    300000       132.0121       -74.4519       206.4640
    310000       134.8254       -74.5969       209.4223
    320000       138.9269       -74.5234       213.4503
    330000       135.5009       -72.7025       208.2034
    340000       133.0418       -77.2699       210.3117
    350000       129.9219       -78.3085       208.2304
    360000       134.3310       -76.4765       210.8075
    370000       137.1879       -71.3513       208.5391
    380000       137.6394       -71.7454       209.3848
    390000       133.8495       -80.2169       214.0664
    400000       134.9744       -78.9641       213.9384
    410000       142.8366       -73.3464       216.1829
    420000       133.9038       -79.8451       213.7489
    430000       133.7415       -78.9867       212.7281
    440000       129.5851       -81.2172       210.8023
    450000       132.4550       -80.8083       213.2632
    460000       136.0907       -78.1438       214.2346
    470000       137.3731       -80.5343       217.9074
    480000       147.6019       -71.8131       219.4150
    490000       142.2832       -76.4239       218.7071
    500000       138.5728       -78.8542       217.4270
    510000       146.4594       -70.6546       217.1140
    520000       143.3644       -73.2353       216.5998
    530000       144.1437       -71.6572       215.8009
    540000       144.3950       -71.4680       215.8629
    550000       145.3236       -69.5279       214.8515
    560000       137.7517       -78.9668       216.7185
    570000       138.4223       -78.3350       216.7573
    580000       144.0937       -75.2481       219.3418
    590000       139.4875       -78.9512       218.4387
    600000       142.0762       -77.2884       219.3646
    610000       137.9126       -76.8522       214.7648
    620000       132.7448       -80.4028       213.1476
    630000       140.7519       -76.5539       217.3058
    640000       143.7126       -68.2632       211.9758
    650000       142.3730       -73.5353       215.9083
    660000       141.0522       -77.4918       218.5440
    670000       147.5715       -67.3431       214.9146
    680000       146.8963       -68.1786       215.0749
    690000       145.0301       -71.0451       216.0752
    700000       144.8464       -72.3906       217.2370
    710000       152.0290       -65.4537       217.4827
    720000       141.9003       -72.7523       214.6525
    730000       142.8453       -71.6803       214.5257
    740000       147.6899       -72.6773       220.3672
    750000       139.9932       -78.2144       218.2077
    760000       140.1199       -76.2130       216.3329
    770000       141.7256       -75.8612       217.5868
    780000       144.4244       -73.0805       217.5049
    790000       137.7750       -76.3398       214.1148
    800000       144.7169       -77.7215       222.4383
    810000       146.6165       -74.3908       221.0073
    820000       140.8117       -76.1976       217.0092
    830000       146.7101       -75.7202       222.4304
    840000       140.9212       -75.4509       216.3721
    850000       139.3518       -74.8255       214.1774
    860000       140.2938       -76.7394       217.0332
    870000       141.3899       -77.9757       219.3656
    880000       148.4048       -75.7688       224.1736
    890000       141.7557       -73.8843       215.6400
    900000       139.7738       -74.0458       213.8196
    910000       139.1932       -72.4513       211.6445
    920000       143.7812       -76.9696       220.7508
    930000       138.9334       -72.9860       211.9194
    940000       146.2938       -73.3464       219.6402
    950000       145.7305       -70.4136       216.1442
    960000       139.1599       -76.8501       216.0100
    970000       136.8040       -76.7642       213.5682
    980000       144.3129       -71.2004       215.5133
    990000       141.3915       -72.8034       214.1948
   1000000       140.9630       -74.8386       215.8016
   1010000       144.4467       -73.5386       217.9852
   1020000       144.9056       -66.2783       211.1840
   1030000       143.6478       -70.6263       214.2742
   1040000       138.2324       -74.6601       212.8924
   1050000       143.7780       -71.1468       214.9249
   1060000       148.4258       -67.9375       216.3633
   1070000       138.6426       -74.1250       212.7677
   1080000       140.5670       -73.1578       213.7248
   1090000       139.7093       -76.4018       216.1111
   1100000       139.6902       -75.5194       215.2095
   1110000       146.5233       -68.7721       215.2953
   1120000       138.7123       -72.4986       211.2109
   1130000       143.3610       -69.6864       213.0474
   1140000       143.9873       -67.3805       211.3678
   1150000       150.4632       -70.9820       221.4452
   1160000       144.9464       -69.2015       214.1480
   1170000       140.1162       -74.9951       215.1113
   1180000       149.1245       -71.2235       220.3481
   1190000       138.3668       -79.8902       218.2571
   1200000       141.6037       -78.5803       220.1840
   1210000       140.7437       -75.2359       215.9796
   1220000       142.3844       -74.6842       217.0685
   1230000       136.2193       -78.0311       214.2503
   1240000       135.7751       -77.0310       212.8062
   1250000       137.9865       -78.6894       216.6759
   1260000       145.1383       -72.8570       217.9953
   1270000       141.8494       -77.5531       219.4024
   1280000       142.3592       -75.8027       218.1619
   1290000       146.7099       -75.9864       222.6964
   1300000       141.9552       -77.2988       219.2540
   1310000       140.4977       -78.3422       218.8399
   1320000       141.9934       -78.4335       220.4269
   1330000       141.1152       -78.3093       219.4245
   1340000       144.4910       -76.9657       221.4567
   1350000       148.4358       -74.2575       222.6933
   1360000       138.8364       -80.2863       219.1228
   1370000       144.2558       -78.3050       222.5608
   1380000       143.1380       -75.6284       218.7664
   1390000       143.5581       -74.2969       217.8551
   1400000       150.7680       -70.2899       221.0578
   1410000       139.6311       -73.9333       213.5643
   1420000       142.5890       -75.1769       217.7659
   1430000       139.2730       -78.6947       217.9677
   1440000       146.0234       -73.0436       219.0670
   1450000       150.6066       -71.7057       222.3122
   1460000       148.2164       -74.2348       222.4511
   1470000       152.7777       -74.2437       227.0214
   1480000       148.0798       -74.6998       222.7796
   1490000       144.1169       -76.2660       220.3828
   1500000       143.9580       -72.5259       216.4839
   1510000       133.8336       -75.2973       209.1309
   1520000       141.4558       -74.3434       215.7991
   1530000       137.1521       -74.4290       211.5811
   1540000       144.0141       -71.8250       215.8391
   1550000       141.0803       -73.7238       214.8041
   1560000       139.5772       -72.8812       212.4584
   1570000       138.9463       -72.1969       211.1432
   1580000       143.1137       -72.5440       215.6577
   1590000       137.5403       -75.7582       213.2985
   1600000       137.8454       -75.8595       213.7049
   1610000       137.0488       -74.0834       211.1322
   1620000       142.9739       -71.6514       214.6254
   1630000       141.8472       -74.0955       215.9427
   1640000       146.1930       -69.5792       215.7722
   1650000       140.6148       -71.9667       212.5815
   1660000       138.6251       -75.6069       214.2320
   1670000       140.6748       -73.6445       214.3192
   1680000       144.8236       -71.5187       216.3424
   1690000       143.1145       -71.7660       214.8805
   1700000       147.8578       -71.1566       219.0145
   1710000       149.3145       -68.9526       218.2671
   1720000       143.8468       -75.2308       219.0776
   1730000       142.9909       -75.5501       218.5410
   1740000       145.7126       -73.0033       218.7159
   1750000       135.7458       -77.6001       213.3459
   1760000       140.9207       -76.9193       217.8400
   1770000       139.7430       -77.9641       217.7070
   1780000       143.4734       -74.7293       218.2027
   1790000       138.8616       -75.5671       214.4287
   1800000       142.4766       -77.4068       219.8834
   1810000       141.7208       -74.4383       216.1592
   1820000       144.6446       -73.6235       218.2682
   1830000       143.3597       -71.0783       214.4380
   1840000       144.6891       -71.3425       216.0316
   1850000       145.6305       -73.0145       218.6450
   1860000       142.4501       -74.1968       216.6469
   1870000       143.6868       -72.5490       216.2358
   1880000       147.2155       -68.6823       215.8978
   1890000       145.4493       -72.2015       217.6508
   1900000       144.3430       -72.6829       217.0259
   1910000       144.0026       -71.8290       215.8316
   1920000       148.8684       -70.2254       219.0938
   1930000       141.4567       -75.2720       216.7287
   1940000       141.0123       -73.0008       214.0131
   1950000       141.2769       -75.4399       216.7168
   1960000       145.0880       -73.9856       219.0736
   1970000       144.6191       -72.1649       216.7840
   1980000       137.4424       -76.3529       213.7954
   1990000       138.6361       -75.4711       214.1073
   2000000       137.3342       -75.2943       212.6285
   2010000       143.2954       -71.4739       214.7693
   2020000       140.4890       -74.1397       214.6287
   2030000       144.7885       -71.0824       215.8709
   2040000       145.5689       -71.4555       217.0244
   2050000       143.8156       -70.5340       214.3496
   2060000       152.7552       -68.2789       221.0341
   2070000       155.3340       -70.4967       225.8307
   2080000       157.5941       -69.7682       227.3622
   2090000       156.3439       -70.9362       227.2800
   2100000       151.6846       -71.1060       222.7906
   2110000       149.4017       -76.9164       226.3180
   2120000       154.7954       -71.3719       226.1673
   2130000       157.8253       -69.7500       227.5753
   2140000       159.2916       -68.8756       228.1672
   2150000       162.2049       -69.4065       231.6114
   2160000       156.2333       -75.7031       231.9364
   2170000       153.9541       -72.9051       226.8592
   2180000       150.1224       -78.4772       228.5996
   2190000       152.9849       -71.5430       224.5278
   2200000       153.1356       -74.1974       227.3330
   2210000       147.4801       -71.8641       219.3442
   2220000       151.2588       -74.6361       225.8949
   2230000       148.6885       -72.3639       221.0524
   2240000       145.0440       -73.1661       218.2100
   2250000       141.1265       -76.4484       217.5749
   2260000       144.1535       -74.3720       218.5256
   2270000       141.3617       -77.3012       218.6629
   2280000       137.9586       -73.2968       211.2555
   2290000       137.5364       -74.8794       212.4158
   2300000       139.8503       -73.3033       213.1537
   2310000       143.3876       -72.6368       216.0244
   2320000       145.0634       -71.5917       216.6551
   2330000       153.6102       -62.3896       215.9998
   2340000       150.1888       -70.2497       220.4385
   2350000       153.8088       -69.0385       222.8473
   2360000       150.1667       -70.6354       220.8021
   2370000       148.8913       -72.8883       221.7795
   2380000       143.1223       -76.7312       219.8535
   2390000       140.1209       -74.7110       214.8319
   2400000       144.4658       -72.0431       216.5088
   2410000       147.6129       -74.0137       221.6266
   2420000       143.9136       -74.7378       218.6514
   2430000       143.2014       -76.7621       219.9635
   2440000       136.5656       -76.0573       212.6229
   2450000       139.8956       -73.2802       213.1758
   2460000       139.7783       -72.6565       212.4348
   2470000       143.4161       -71.2535       214.6696
   2480000       138.3589       -72.4689       210.8279
   2490000       143.7623       -73.2161       216.9783
   2500000       140.9603       -75.5169       216.4772
   2510000       139.0760       -77.9555       217.0315
   2520000       145.5282       -72.9567       218.4849
   2530000       145.6973       -74.9829       220.6803
   2540000       148.8036       -67.7742       216.5778
   2550000       147.3317       -69.1989       216.5306
   2560000       151.2305       -69.9133       221.1437
   2570000       148.4066       -70.3869       218.7935
   2580000       144.2065       -73.7913       217.9979
   2590000       142.4376       -77.8154       220.2531
   2600000       150.8678       -64.6470       215.5149
   2610000       152.4458       -72.1932       224.6390
   2620000       152.6885       -71.7935       224.4821
   2630000       150.7353       -71.7295       222.4648
   2640000       147.2578       -77.6507       224.9085
   2650000       139.9831       -79.3273       219.3104
   2660000       148.8997       -76.0745       224.9742
   2670000       144.8762       -76.5905       221.4667
   2680000       150.6329       -74.6608       225.2937
   2690000       146.4107       -77.7146       224.1253
   2700000       146.0515       -77.6896       223.7411
   2710000       144.5262       -81.0908       225.6170
   2720000       145.9217       -76.5156       222.4373
   2730000       143.2198       -79.0005       222.2203
   2740000       150.2838       -74.5271       224.8110
   2750000       150.0433       -71.1341       221.1774
   2760000       139.7958       -80.2251       220.0209
   2770000       138.9140       -82.0543       220.9684
   2780000       142.3351       -78.1582       220.4933
   2790000       144.8375       -75.1332       219.9707
   2800000       147.0303       -76.4334       223.4637
   2810000       152.5987       -69.2244       221.8231
   2820000       143.9878       -78.9714       222.9592
   2830000       148.1272       -73.9185       222.0457
   2840000       155.1339       -71.3883       226.5222
   2850000       146.1681       -74.9307       221.0987
   2860000       146.8196       -76.8907       223.7104
   2870000       151.6291       -77.0576       228.6868
   2880000       144.2800       -81.1975       225.4775
   2890000       144.8255       -81.1000       225.9255
   2900000       143.7401       -81.8217       225.5618
   2910000       143.4208       -80.2498       223.6707
   2920000       145.2576       -81.3472       226.6048
   2930000       143.6085       -78.9264       222.5349
   2940000       144.7284       -80.1153       224.8437
   2950000       138.9800       -82.5189       221.4989
   2960000       145.4866       -80.2378       225.7244
   2970000       139.9679       -84.0554       224.0232
   2980000       141.6569       -83.1675       224.8245
   2990000       141.2153       -80.9765       222.1918
   3000000       143.1048       -82.4774       225.5822
   3010000       140.2192       -82.3953       222.6144
   3020000       134.8763       -81.7627       216.6390
   3030000       137.5398       -82.5940       220.1338
   3040000       137.4625       -81.2064       218.6690
   3050000       135.3656       -83.6499       219.0155
   3060000       140.1462       -83.6624       223.8086
   3070000       139.3048       -82.4369       221.7417
   3080000       141.0800       -81.2923       222.3724
   3090000       142.9512       -83.8803       226.8314
   3100000       147.1748       -78.8473       226.0221
   3110000       145.8804       -78.0711       223.9514
   3120000       147.1706       -76.3217       223.4923
   3130000       149.8517       -77.4162       227.2679
   3140000       145.9669       -77.6078       223.5747
   3150000       145.4040       -76.5045       221.9085
   3160000       149.6357       -75.0526       224.6883
   3170000       148.2469       -76.7099       224.9568
   3180000       150.9302       -74.2184       225.1486
   3190000       148.4297       -75.4416       223.8713
   3200000       143.7372       -76.8895       220.6268
   3210000       146.5037       -76.9315       223.4352
   3220000       142.9933       -79.0567       222.0500
   3230000       140.2861       -80.7699       221.0560
   3240000       139.7226       -87.0120       226.7346
   3250000       141.2995       -84.8213       226.1208
   3260000       138.4177       -84.9336       223.3513
   3270000       143.2802       -81.2622       224.5425
   3280000       149.1124       -77.3029       226.4154
   3290000       143.8892       -78.5396       222.4288
   3300000       144.0381       -81.0150       225.0531
   3310000       148.8610       -76.8969       225.7579
   3320000       140.5799       -82.3759       222.9558
   3330000       141.5893       -82.8658       224.4551
   3340000       145.3494       -82.0026       227.3521
   3350000       141.9654       -83.0693       225.0347
   3360000       140.7777       -78.6217       219.3994
   3370000       142.3677       -79.4749       221.8426
   3380000       149.3637       -80.3977       229.7614
   3390000       143.9099       -74.6786       218.5884
   3400000       140.6416       -78.6010       219.2426
   3410000       137.8716       -81.6722       219.5438
   3420000       137.9092       -78.7379       216.6471
   3430000       140.1048       -78.2001       218.3049
   3440000       141.2127       -77.4202       218.6329
   3450000       138.6431       -78.2722       216.9153
   3460000       136.0372       -79.7678       215.8050
   3470000       137.5406       -79.6213       217.1619
   3480000       134.5942       -80.7451       215.3393
   3490000       138.5616       -78.0664       216.6280
   3500000       136.7283       -77.7452       214.4735
   3510000       140.4163       -78.7172       219.1335
   3520000       140.9058       -74.5613       215.4671
   3530000       135.6919       -81.0798       216.7717
   3540000       138.6068       -76.8506       215.4574
   3550000       135.3333       -80.0236       215.3569
   3560000       137.4641       -77.9919       215.4560
   3570000       140.5300       -77.9401       218.4702
   3580000       141.7319       -74.4692       216.2011
   3590000       143.0747       -71.6973       214.7720
   3600000       146.0963       -77.8845       223.9808
   3610000       144.8760       -76.1842       221.0603
   3620000       139.5003       -79.2360       218.7363
   3630000       141.2278       -79.1337       220.3615
   3640000       137.6058       -80.4485       218.0543
   3650000       141.0471       -75.6988       216.7458
   3660000       136.5643       -79.8229       216.3872
   3670000       141.3405       -76.7330       218.0736
   3680000       138.1077       -85.0682       223.1759
   3690000       149.3152       -78.9327       228.2479
   3700000       143.4804       -78.3913       221.8717
