# Step CPU_Time_s
         1       0.005998
     10000      41.233422
     20000      89.850797
     30000     139.139340
     40000     188.005449
     50000     246.551611
     60000     300.641911
     70000     352.192689
     80000     401.802796
     90000     451.428433
    100000     500.391446
    110000     551.289544
    120000     607.046778
    130000     658.512610
    140000     708.018244
    150000     757.946632
    160000     807.728886
    170000     861.034900
    180000     914.090190
    190000     964.620047
    200000    1015.009129
    210000    1063.945416
    220000    1113.611118
    230000    1164.111913
    240000    1215.120261
    250000    1264.635900
    260000    1314.229422
    270000    1363.493770
    280000    1414.719870
    290000    1474.194137
    300000    1526.059706
    310000    1577.350377
    320000    1627.860211
    330000    1677.906500
    340000    1726.833984
    350000    1778.217783
    360000    1828.541006
    370000    1878.150703
    380000    1928.075303
    390000    1977.271001
    400000    2026.431511
    410000    2076.717670
    420000    2126.966561
    430000    2176.369367
    440000    2226.067950
    450000    2275.101523
    460000    2324.785763
    470000    2374.168931
    480000    2422.963640
    490000    2471.401097
    500000    2519.360918
    510000    2567.323376
    520000    2615.113894
    530000    2663.757659
    540000    2719.139773
    550000    2780.411026
    560000    2832.510019
    570000    2883.230538
    580000    2934.077789
    590000    2988.082092
    600000    3041.292181
    610000    3093.592974
    620000    3143.948116
    630000    3195.516514
    640000    3249.051500
    650000    3302.177619
    660000    3353.755688
    670000    3407.181011
    680000    3456.259115
    690000    3504.519418
    700000    3554.120401
    710000    3602.909487
    720000    3651.613109
    730000    3699.003263
    740000    3746.526869
    750000    3794.283604
    760000    3843.138953
    770000    3890.740226
    780000    3940.174806
    790000    3988.121792
    800000    4035.802090
    810000    4083.659878
    820000    4131.601094
    830000    4180.359441
    840000    4228.918613
    850000    4276.781704
    860000    4325.104643
    870000    4372.703344
    880000    4420.375155
    890000    4469.861818
    900000    4518.814723
    910000    4566.855079
    920000    4614.560588
    930000    4662.908992
    940000    4710.444196
    950000    4758.513392
    960000    4806.789503
    970000    4854.644004
    980000    4902.204231
    990000    4949.498425
   1000000    4997.335416
   1010000    5045.930825
   1020000    5093.662732
   1030000    5142.485713
   1040000    5190.748032
   1050000    5238.267885
   1060000    5286.340794
   1070000    5333.688023
   1080000    5382.312890
   1090000    5431.284645
   1100000    5479.266190
   1110000    5526.939924
   1120000    5574.429034
   1130000    5622.040138
   1140000    5670.788691
   1150000    5718.942848
   1160000    5766.558437
   1170000    5814.264718
   1180000    5861.556834
   1190000    5909.007140
   1200000    5957.236241
   1210000    6006.202237
   1220000    6053.565955
   1230000    6101.670641
   1240000    6149.370532
   1250000    6196.784244
   1260000    6245.908828
   1270000    6294.386423
   1280000    6343.595241
   1290000    6391.772304
   1300000    6439.583246
   1310000    6487.504785
   1320000    6535.104765
   1330000    6583.996756
   1340000    6632.816239
   1350000    6680.585989
   1360000    6727.832258
   1370000    6777.474273
   1380000    6825.592208
   1390000    6875.222439
   1400000    6926.582796
   1410000    6975.665418
   1420000    7023.397475
   1430000    7071.618805
   1440000    7119.419843
   1450000    7169.746735
   1460000    7218.576951
   1470000    7266.875763
   1480000    7314.338417
   1490000    7363.431280
   1500000    7411.458515
   1510000    7460.732541
   1520000    7509.290660
   1530000    7557.466438
   1540000    7605.198892
   1550000    7652.632700
   1560000    7700.278815
   1570000    7749.070638
   1580000    7797.766937
   1590000    7846.136416
   1600000    7893.730332
   1610000    7941.755582
   1620000    7989.814985
   1630000    8037.774449
   1640000    8087.000736
   1650000    8136.604330
   1660000    8184.446641
   1670000    8231.721121
   1680000    8279.981442
   1690000    8328.219449
   1700000    8377.274704
   1710000    8426.244794
   1720000    8474.206143
   1730000    8521.764940
   1740000    8569.414943
   1750000    8617.271716
   1760000    8666.333177
   1770000    8715.172548
   1780000    8763.470117
   1790000    8811.655024
   1800000    8859.578294
   1810000    8907.556510
   1820000    8956.324193
   1830000    9004.570367
   1840000    9052.077634
   1850000    9099.947758
   1860000    9147.764214
   1870000    9195.428468
   1880000    9244.438639
   1890000    9292.832385
   1900000    9341.486270
   1910000    9389.329468
   1920000    9436.827148
   1930000    9484.070356
   1940000    9531.545851
   1950000    9581.043312
   1960000    9630.164942
   1970000    9677.555153
   1980000    9725.569873
   1990000    9773.403842
   2000000    9821.210974
   2010000    9870.462338
   2020000    9918.788626
   2030000    9967.270476
   2040000   10015.121548
   2050000   10062.725802
   2060000   10110.289365
   2070000   10160.493402
   2080000   10208.853954
   2090000   10256.792354
   2100000   10304.628469
   2110000   10352.949136
   2120000   10401.268576
   2130000   10450.836405
   2140000   10499.664987
   2150000   10548.325483
   2160000   10596.540691
   2170000   10645.095829
   2180000   10692.957407
   2190000   10740.898048
   2200000   10789.959453
   2210000   10839.881128
   2220000   10887.690977
   2230000   10935.327888
   2240000   10983.044370
   2250000   11030.828260
   2260000   11080.195483
   2270000   11129.113200
   2280000   11176.886833
   2290000   11224.233991
   2300000   11272.150887
   2310000   11319.864871
   2320000   11368.671303
   2330000   11417.787287
   2340000   11465.995219
   2350000   11513.371018
   2360000   11561.707165
   2370000   11609.502753
   2380000   11659.283503
   2390000   11708.147701
   2400000   11756.364850
   2410000   11804.234673
   2420000   11851.773342
   2430000   11899.304477
   2440000   11948.326271
   2450000   11996.361078
   2460000   12045.074503
   2470000   12093.113800
   2480000   12140.817824
   2490000   12188.639698
   2500000   12236.290044
   2510000   12285.507414
   2520000   12334.357216
   2530000   12382.357883
   2540000   12430.179691
   2550000   12478.251410
   2560000   12525.879541
   2570000   12574.576655
   2580000   12623.164919
   2590000   12670.210953
   2600000   12720.125346
   2610000   12772.911140
   2620000   12820.990030
   2630000   12870.118951
   2640000   12919.002110
   2650000   12966.816208
   2660000   13014.239846
   2670000   13061.731567
   2680000   13109.837101
   2690000   13158.806369
   2700000   13207.578149
   2710000   13255.374425
   2720000   13303.229836
   2730000   13350.596181
   2740000   13398.643896
   2750000   13447.008892
   2760000   13494.744358
   2770000   13543.671937
   2780000   13591.829195
   2790000   13639.500373
   2800000   13687.200131
   2810000   13736.060139
   2820000   13785.175053
   2830000   13833.969066
   2840000   13881.483423
   2850000   13929.743210
   2860000   13977.366904
   2870000   14025.715146
   2880000   14076.346821
   2890000   14125.482163
   2900000   14174.910063
   2910000   14222.915472
   2920000   14271.184352
   2930000   14318.942947
   2940000   14368.367660
   2950000   14418.521910
   2960000   14466.996679
   2970000   14515.548501
   2980000   14563.271970
   2990000   14611.093111
   3000000   14659.898514
   3010000   14708.536551
   3020000   14757.203802
   3030000   14805.301679
   3040000   14852.751138
   3050000   14900.730838
   3060000   14949.304487
   3070000   14997.036015
   3080000   15045.350068
   3090000   15093.768387
   3100000   15141.114013
   3110000   15188.800362
   3120000   15236.425526
   3130000   15285.756949
   3140000   15334.560961
   3150000   15382.308020
   3160000   15429.948566
   3170000   15477.159353
   3180000   15525.128616
   3190000   15573.798549
   3200000   15622.260118
   3210000   15670.230868
   3220000   15717.924482
   3230000   15765.755494
   3240000   15813.599851
   3250000   15862.772129
   3260000   15911.270581
   3270000   15959.187142
   3280000   16008.000361
   3290000   16056.036717
   3300000   16103.623965
   3310000   16152.365193
   3320000   16201.989613
   3330000   16250.350112
   3340000   16298.423234
   3350000   16346.342906
   3360000   16394.166997
   3370000   16441.997022
   3380000   16490.909947
   3390000   16539.567210
   3400000   16587.608684
   3410000   16635.076811
   3420000   16682.866542
   3430000   16730.488778
   3440000   16780.146711
   3450000   16828.256320
   3460000   16876.022639
   3470000   16923.540246
   3480000   16971.347121
   3490000   17018.791014
   3500000   17067.706058
   3510000   17116.192064
   3520000   17165.479372
   3530000   17214.543793
   3540000   17262.516727
   3550000   17310.102176
   3560000   17359.641662
   3570000   17408.224230
   3580000   17456.210441
   3590000   17504.301573
   3600000   17552.199894
   3610000   17600.134269
   3620000   17649.843309
   3630000   17697.989974
   3640000   17747.165378
   3650000   17796.506543
   3660000   17844.880913
   3670000   17893.139928
   3680000   17942.211899
   3690000   17992.067185
   3700000   18037.561272
   3710000   18082.821864
   3720000   18130.892770
   3730000   18178.215015
   3740000   18226.162277
   3750000   18275.545538
   3760000   18324.823371
   3770000   18373.026327
   3780000   18421.133285
   3790000   18468.566557
   3800000   18516.291008
   3810000   18565.141908
   3820000   18609.141662
   3830000   18655.166930
   3840000   18703.219035
   3850000   18750.973074
   3860000   18798.938308
   3870000   18848.693446
   3880000   18897.135025
   3890000   18946.428599
   3900000   18994.856871
   3910000   19042.695641
   3920000   19090.657027
   3930000   19139.025900
   3940000   19187.933532
   3950000   19236.802435
   3960000   19284.351813
   3970000   19331.955518
   3980000   19379.492782
   3990000   19427.800031
   4000000   19477.149601
   4010000   19526.274146
   4020000   19575.138002
   4030000   19622.680446
   4040000   19670.464987
   4050000   19718.673819
   4060000   19767.610786
   4070000   19816.516593
   4080000   19864.728391
   4090000   19912.840312
   4100000   19961.058682
   4110000   20008.506651
   4120000   20058.012119
   4130000   20106.962109
   4140000   20154.906636
   4150000   20202.674256
   4160000   20250.978204
   4170000   20304.297561
   4180000   20359.832919
   4190000   20414.591177
   4200000   20469.531851
   4210000   20523.018553
   4220000   20576.829172
   4230000   20630.885134
   4240000   20686.379649
   4250000   20742.605601
   4260000   20797.349796
   4270000   20851.258816
   4280000   20905.377258
   4290000   20961.333669
   4300000   21016.211802
   4310000   21070.299565
   4320000   21123.628693
   4330000   21177.590541
   4340000   21233.194937
   4350000   21292.562326
   4360000   21350.937579
   4370000   21413.639885
   4380000   21469.101855
   4390000   21526.164880
   4400000   21582.742086
   4410000   21638.600299
   4420000   21692.915625
   4430000   21747.045812
   4440000   21801.268925
   4450000   21856.662619
   4460000   21913.235975
   4470000   21967.475974
   4480000   22021.917211
   4490000   22075.782607
   4500000   22130.468523
   4510000   22185.845555
   4520000   22241.772391
   4530000   22295.535958
   4540000   22349.309532
   4550000   22402.801233
   4560000   22459.127416
   4570000   22513.722291
   4580000   22568.065711
   4590000   22621.975966
   4600000   22675.771080
   4610000   22728.912474
   4620000   22783.782096
   4630000   22838.423657
   4640000   22891.989253
   4650000   22945.741058
   4660000   22999.561570
   4670000   23054.790799
   4680000   23109.713713
   4690000   23164.637709
   4700000   23213.760529
   4710000   23267.679786
   4720000   27196.462394
   4730000   35858.049344
   4740000   46145.560629
   4750000   46207.193746
   4760000   46262.286772
   4770000   46323.306677
   4780000   46380.779391
   4790000   46441.509197
   4800000   46492.452208
   4810000   46544.858441
   4820000   46605.002562
   4830000   46656.562914
   4840000   46714.641635
   4850000   46783.588653
   4860000   46837.582855
   4870000   46887.806482
   4880000   46940.560649
   4890000   46992.105037
   4900000   47047.098949
   4910000   47098.806311
   4920000   47152.938847
   4930000   47204.866766
   4940000   47253.858761
   4950000   47304.367997
   4960000   47353.398050
   4970000   47402.563896
   4980000   47451.808198
   4990000   47500.374694
   5000000   47549.256531
   5010000   47601.131322
   5020000   47653.605723
   5030000   47704.442412
   5040000   47759.568981
   5050000   47808.274024
   5060000   47855.789949
   5070000   47903.581502
   5080000   47960.917871
   5090000   48014.757329
   5100000   48062.257632
   5110000   48120.645052
   5120000   48175.495941
   5130000   48222.826958
   5140000   48270.669052
   5150000   48319.375034
   5160000   48367.924413
   5170000   48416.916780
   5180000   48466.054900
   5190000   48513.549136
   5200000   48565.879477
   5210000   48622.382342
   5220000   48670.706899
   5230000   48727.230623
   5240000   48782.047297
   5250000   48840.285290
   5260000   48895.889293
   5270000   48948.886616
   5280000   49001.678920
   5290000   49050.502906
   5300000   49098.454406
   5310000   49148.054094
   5320000   49200.322257
   5330000   49262.251465
   5340000   49319.342903
   5350000   49378.305989
   5360000   49446.218814
   5370000   49504.057175
   5380000   49558.661707
   5390000   49615.429590
   5400000   49664.611025
   5410000   49716.109398
   5420000   49764.583801
   5430000   49813.511457
   5440000   49861.441313
   5450000   49914.563625
   5460000   49964.049700
   5470000   50010.846021
   5480000   50059.951979
   5490000   50110.210727
   5500000   50158.188863
   5510000   50211.560247
   5520000   50265.268645
   5530000   50325.810632
   5540000   50386.263187
   5550000   50442.610854
   5560000   50494.386823
   5570000   50546.893722
   5580000   50604.331145
   5590000   50669.696064
   5600000   50723.654824
