# Step Rg End_to_End
         1       191.4857       662.8436
     10000        47.9052       155.4646
     20000        33.0049        13.3035
     30000        35.8036        10.9193
     40000        40.2366        11.4529
     50000        38.8082        18.5196
     60000        39.0373        33.8993
     70000        41.5397        19.0661
     80000        41.6037        38.4900
     90000        44.0266        53.8775
    100000        40.0532         7.0246
    110000        37.6209        39.7557
    120000        40.6779         4.3866
    130000        43.8659        54.9481
    140000        41.4949         8.1296
    150000        39.0560         3.3831
    160000        46.5427        35.7863
    170000        56.5599       104.2085
    180000        23.9441        30.3241
    190000        43.5007        46.6866
    200000        27.2769        43.4804
    210000        19.9756        33.8237
    220000        84.9024       169.1294
    230000        75.8678       157.4480
    240000        59.4700       121.6611
    250000        77.0120       161.7857
    260000        43.6562        50.5394
    270000        35.0072        21.2048
    280000        39.9912        10.3136
    290000        25.9962         7.7682
    300000        40.9413        10.9469
    310000        36.2293        25.5769
    320000        42.9233        45.7744
    330000        60.3462        93.7443
    340000        38.0506         6.4547
    350000        40.8942        55.2127
    360000        40.1033        21.6969
    370000        39.7579        14.3516
    380000        77.9714       151.4937
    390000        24.9216        26.6447
    400000        81.7336       157.5211
    410000        45.5925        77.2448
    420000        64.1930       114.9833
    430000        38.0208        68.0659
    440000        57.9554        99.1166
    450000        42.5573        80.3898
    460000        50.9875        95.8327
    470000        41.9190        80.1515
    480000        39.3253        68.3364
    490000        70.3831       127.8705
    500000        68.0286       119.0780
    510000        26.4143        43.3149
    520000        74.9287       145.1617
    530000        53.3834        98.2896
    540000        32.2574        16.0063
    550000        24.9664        42.8474
    560000        55.9394       107.1060
    570000        33.0951        55.2967
    580000        17.9336        21.2147
    590000        33.3405        60.4777
    600000        23.8492        44.9114
    610000        20.9312         3.1521
    620000        89.2563       175.9432
    630000        79.0063       152.7832
    640000        81.7709       156.9681
    650000        88.2235       172.7417
    660000        88.2321       173.4483
    670000        80.7122       154.9146
    680000        85.3836       162.6454
    690000        43.4871        68.7265
    700000        40.8624        24.7373
    710000        48.3344        54.2167
    720000        60.7538        93.6276
    730000        36.9342        64.3151
    740000        49.7148        61.4551
    750000        76.5590       140.2542
    760000        25.0311        11.0716
    770000        44.0997        59.9265
    780000        70.6178       129.1592
    790000        64.0349       117.5598
    800000        62.1561       106.5479
    810000        85.1640       162.8401
    820000        50.3838        72.6603
    830000        52.9410        75.9410
    840000        42.8120        61.2310
    850000        49.3810        90.8546
    860000        37.7787        42.5724
    870000        41.5955        42.7629
    880000        39.6505         9.0887
    890000        41.1632        83.2216
    900000        34.5246        66.9357
    910000        49.1595        99.7664
    920000        58.5545       118.5440
    930000        88.6110       182.8416
    940000        66.9811       121.5166
    950000        45.4484        38.9248
    960000        37.3027        38.8914
    970000        17.5870        15.7385
    980000        42.4880        19.9370
    990000        40.1269        68.5190
   1000000        44.0182        57.4988
   1010000        54.4075        70.7351
   1020000        37.2368        26.0947
   1030000        46.5920        80.2978
   1040000        13.7703        16.8381
   1050000        46.8475        53.7094
   1060000        18.0153        15.0047
   1070000        42.5764        68.3988
   1080000        17.4529        25.6198
   1090000        36.7304        62.5384
   1100000        56.3494       104.9675
   1110000        42.7816        43.5825
   1120000        83.9953       168.4171
   1130000        15.8421        25.1229
   1140000        50.9829        93.5187
   1150000        56.5555       102.4024
   1160000        61.2920       111.7770
   1170000        65.5307       106.2038
   1180000        57.8588        88.9894
   1190000        83.4652       153.3934
   1200000        52.2987        79.5083
   1210000        49.4866        69.3567
   1220000        61.5590       114.2096
   1230000        31.7368        51.2308
   1240000        78.2710       159.4846
   1250000        32.3465        25.2727
   1260000        75.5207       146.1862
   1270000        37.6950        67.1308
   1280000        59.5178       111.6886
   1290000        56.6339       104.4887
   1300000        40.9811        69.4752
   1310000        34.6543        22.9366
   1320000        44.6900        50.5759
   1330000        41.2058        75.6193
   1340000        38.3170        29.2370
   1350000        68.3324       127.5840
   1360000        61.5825       110.0149
   1370000        42.1602        45.6391
   1380000        37.0240        72.2253
   1390000        59.8203       120.0574
   1400000        77.1302       154.1588
   1410000        33.4382        39.5806
   1420000        88.7478       172.0580
   1430000        47.9036        90.4028
   1440000        39.3776        29.8213
   1450000        79.8929       149.7712
   1460000        52.4287        90.8297
   1470000        83.4323       161.3190
   1480000        67.4741       123.9356
   1490000        68.9239       133.0456
   1500000        65.7777       115.0568
   1510000        35.4357        15.2011
   1520000        40.4395        59.1603
   1530000        70.5161       136.4845
   1540000        37.0422        70.0303
   1550000        59.8566       110.1720
   1560000        42.8073        77.0917
   1570000        42.3406        38.6011
   1580000        63.3335       109.6270
   1590000        39.9122        26.6915
   1600000        18.0772        41.3468
   1610000        30.9841        27.2903
   1620000        36.8051        56.4327
   1630000        57.3228       104.2182
   1640000        73.6298       142.1789
   1650000        85.2103       165.9296
   1660000        49.1930        99.6166
   1670000        24.6144        22.2687
   1680000        75.9341       148.1776
   1690000        33.4424        35.0844
   1700000        59.1836       101.8846
   1710000        81.8186       160.1962
   1720000        37.3784        68.3771
   1730000        22.0116        32.0829
   1740000        89.0762       177.6501
   1750000        68.5151       132.6003
   1760000        46.0789        78.5766
   1770000        36.7735         2.0598
   1780000        85.2149       166.5783
   1790000        61.4391       108.0460
   1800000        32.1387        58.1277
   1810000        22.9709        38.4955
   1820000        24.7742        34.1209
   1830000        53.5338        96.7542
   1840000        63.8398       105.2461
   1850000        63.3837       111.7362
   1860000        33.8381        24.2312
   1870000        60.6580       120.7318
   1880000        62.6841       126.9742
   1890000        48.7496        78.5072
   1900000        40.9232        27.9366
   1910000        73.9264       139.6067
   1920000        31.7880        36.0736
   1930000        53.6060        72.7368
   1940000        44.3970        75.6478
   1950000        55.8456        87.8486
   1960000        39.9312        35.2973
   1970000        36.5858        57.6732
   1980000        24.3883        33.1724
   1990000        17.4586        20.7849
   2000000        62.2633       109.1669
   2010000        17.5347        44.2930
   2020000        18.8057        27.8680
   2030000        24.0343        39.6152
   2040000        75.5376       134.3662
   2050000        70.6915       131.5482
   2060000        39.5459        72.1142
   2070000        45.5177        87.8035
   2080000        60.9066       115.5592
   2090000        81.1587       158.0370
   2100000        72.6800       139.1299
   2110000        37.1209        72.3531
   2120000        61.5745       122.6027
   2130000        57.3033       106.5449
   2140000        54.4808        93.3591
   2150000        45.0521        65.7715
   2160000        69.6652       132.1051
   2170000        13.3359        22.0037
   2180000        49.4513        90.7492
   2190000        38.2151        50.0360
   2200000        44.3201        89.0580
   2210000        74.2509       146.0046
   2220000        40.0811        39.4943
   2230000        56.1475       102.1020
   2240000        55.6627        99.5242
   2250000        55.4393       114.5944
   2260000        28.3948        43.0962
   2270000        62.1606       125.0226
   2280000        35.1047        38.8679
   2290000        61.1420       118.6435
   2300000        60.3225       115.7914
   2310000        36.2584        14.0293
   2320000        74.9763       151.8330
   2330000        58.8627       109.9246
   2340000        61.8201       120.9993
   2350000        73.5378       151.9925
   2360000        66.6510       131.6502
   2370000        57.7252       114.9200
   2380000        76.7831       156.9992
   2390000        62.1628       121.8730
   2400000        68.6093       139.8650
   2410000        64.0293       127.7120
   2420000        53.8078        97.0904
   2430000        83.9011       175.6812
   2440000        75.6782       155.8556
   2450000        59.4551       113.8826
   2460000        54.5513        99.8665
   2470000        38.1308        86.8938
   2480000        38.8796        31.2177
   2490000        49.4258        84.7297
   2500000        39.6361        36.4889
   2510000        70.6790       143.8216
   2520000        62.0500       125.0077
   2530000        38.7259        33.2681
   2540000        77.4865       161.1018
   2550000        39.9666        34.2328
   2560000        40.0017        28.1996
   2570000        42.8124        51.8827
   2580000        59.5642       109.8520
   2590000        36.6444        61.4475
   2600000        49.1911        72.5119
   2610000        82.8565       151.0066
   2620000        61.7606       104.7984
   2630000        52.1813        90.2586
   2640000        86.3412       172.5505
   2650000        32.8569        37.2881
   2660000        71.9251       151.2917
   2670000        58.9938        94.0248
   2680000        47.5744        56.4050
   2690000        71.2965       134.9586
   2700000        60.0840        93.4057
   2710000        79.0839       153.1153
   2720000        78.5253       139.5361
   2730000        59.2911       102.4409
   2740000        64.7114       123.3265
   2750000        75.9635       144.8072
   2760000        47.1987        57.7504
   2770000        51.5506       109.2522
   2780000        12.0213        12.5517
   2790000        80.9866       151.9071
   2800000        64.1802       117.8148
   2810000        83.2692       160.8596
   2820000        46.6331        78.0966
   2830000        90.3816       176.3034
   2840000        87.7067       172.3430
   2850000        89.9573       174.3623
   2860000        11.5837        14.8744
   2870000        12.4198        16.9543
   2880000        44.0818        55.8290
   2890000        19.5908        36.9648
   2900000        51.6575       105.7554
   2910000        53.2175        96.8801
   2920000        87.5479       166.3654
   2930000        14.7739         8.1943
   2940000        84.8582       161.8763
   2950000        67.5965       126.6130
   2960000        82.0247       158.1402
   2970000        81.9276       152.5141
   2980000        86.1757       162.9824
   2990000        89.5971       175.6750
   3000000        89.4070       174.0480
   3010000        77.2612       143.1120
   3020000        68.7468       123.5359
   3030000        81.5664       154.9870
   3040000        71.4219       131.4336
   3050000        87.6664       170.0988
   3060000        84.4590       162.3330
   3070000        79.8426       148.8864
   3080000        78.6590       145.9981
   3090000        53.4564        77.1027
   3100000        89.4865       174.8387
   3110000        89.8028       175.2990
   3120000        80.3956       149.3835
   3130000        60.6995       118.2758
   3140000        82.6948       157.8672
   3150000        72.8312       139.9334
   3160000        60.2180        96.2389
   3170000        55.9234        87.0032
   3180000        57.7766        92.4520
   3190000        49.1770       106.4055
   3200000        58.5103       103.0019
   3210000        53.4481        79.4543
   3220000        70.4954       133.6512
   3230000        86.4216       173.3237
   3240000        55.8230       113.5662
   3250000        55.0845        85.6805
   3260000        70.7245       128.6908
   3270000        91.0375       176.3713
   3280000        81.7659       151.3701
   3290000        52.6142        70.2350
   3300000        63.2290       102.4511
   3310000        67.9548       114.4649
   3320000        60.5328        94.7704
   3330000        50.7251        63.6017
   3340000        52.5545        69.0775
   3350000        90.1458       172.3512
   3360000        62.6994       102.2295
   3370000        80.0378       149.3157
   3380000        73.0505       128.7538
   3390000        38.9400        86.8444
   3400000        14.8134        26.8501
   3410000        41.5369        72.8893
   3420000        26.7189        27.7960
   3430000        26.9929        47.7275
   3440000        41.5175        92.6411
   3450000        22.8052        41.8876
   3460000        27.1298        52.9300
   3470000        74.1083       153.1792
   3480000        27.2753        53.7149
   3490000        30.0381        66.7299
   3500000        23.2559        52.1202
   3510000        21.0199        42.8282
   3520000        28.4450        62.1797
   3530000        54.0924       114.8605
   3540000        66.0304       133.3205
   3550000        65.2236       122.5744
   3560000        46.1325        99.8041
   3570000        68.1618       134.5446
   3580000        83.1332       159.5150
   3590000        67.7735       120.0327
   3600000        26.4574        56.4589
   3610000        33.1727        54.0016
   3620000        49.9865        91.8958
   3630000        38.1876        75.0142
   3640000        26.9339        44.1788
   3650000        84.5548       163.2782
   3660000        41.4779        57.9617
   3670000        51.6520       107.9630
   3680000        35.1902        76.9024
   3690000        31.1751        68.4629
   3700000        67.2286       112.0089
