# Step E_total E_lj E_tors
         1       -12.7996       -26.2015        13.4020
     10000        44.2558       -58.5170       102.7727
     20000        40.2397       -67.3856       107.6253
     30000        39.7570       -68.8818       108.6388
     40000        37.2922       -70.5775       107.8696
     50000        36.4667       -71.5651       108.0319
     60000        42.8640       -72.3778       115.2418
     70000        45.5866       -67.1078       112.6944
     80000        48.4276       -68.3900       116.8176
     90000        34.5633       -70.7191       105.2824
    100000        42.1093       -67.3511       109.4605
    110000        41.4525       -70.7530       112.2055
    120000        39.3117       -71.2476       110.5593
    130000        42.5355       -67.8748       110.4103
    140000        32.6711       -69.8849       102.5560
    150000        41.9308       -76.8618       118.7926
    160000        36.0296       -72.2150       108.2446
    170000        50.3658       -72.3869       122.7527
    180000        52.0749       -69.0594       121.1343
    190000        46.2186       -70.6137       116.8322
    200000        40.2087       -73.4168       113.6255
    210000        42.3690       -72.8232       115.1922
    220000        36.4276       -80.5082       116.9358
    230000        33.3404       -76.8712       110.2116
    240000        47.9649       -72.4771       120.4420
    250000        45.0390       -73.5042       118.5432
    260000        44.6050       -65.0601       109.6651
    270000        40.8206       -67.7686       108.5892
    280000        43.9536       -66.6476       110.6012
    290000        48.0744       -66.5652       114.6396
    300000        45.3387       -68.6986       114.0373
    310000        42.4127       -66.6511       109.0638
    320000        43.0631       -71.1869       114.2500
    330000        43.5645       -75.8955       119.4601
    340000        49.8385       -66.3481       116.1866
    350000        40.1231       -73.7761       113.8992
    360000        45.5011       -70.9599       116.4610
    370000        45.3423       -73.8946       119.2369
    380000        45.3414       -75.7002       121.0415
    390000        39.3437       -72.8668       112.2105
    400000        47.3539       -70.7272       118.0811
    410000        39.5845       -70.8688       110.4533
    420000        43.1434       -73.5489       116.6923
    430000        39.1274       -75.2342       114.3616
    440000        41.9876       -74.6029       116.5905
    450000        40.9626       -75.5451       116.5077
    460000        47.5129       -73.4723       120.9852
    470000        42.5144       -67.4797       109.9941
    480000        46.2106       -74.5738       120.7844
    490000        43.8246       -69.3235       113.1481
    500000        47.4238       -70.4791       117.9029
    510000        51.7277       -66.8941       118.6219
    520000        44.0949       -78.7900       122.8849
    530000        46.5640       -74.6569       121.2210
    540000        47.3527       -76.1586       123.5113
    550000        52.8020       -74.6741       127.4762
    560000        47.6657       -75.2271       122.8927
    570000        49.6979       -80.6702       130.3681
    580000        45.4943       -78.2236       123.7179
    590000        50.9876       -75.5628       126.5505
    600000        45.3004       -76.0498       121.3502
    610000        44.5702       -77.5381       122.1083
    620000        44.7565       -78.9011       123.6575
    630000        44.7410       -78.0232       122.7641
    640000        44.5812       -77.4171       121.9983
    650000        39.6419       -78.4153       118.0572
    660000        35.8474       -81.1977       117.0451
    670000        38.6637       -79.7027       118.3664
    680000        36.7790       -82.0897       118.8687
    690000        43.5635       -77.8214       121.3849
    700000        38.6620       -81.7971       120.4591
    710000        42.7507       -79.4106       122.1613
    720000        40.1499       -77.9587       118.1086
    730000        38.6821       -79.4610       118.1432
    740000        43.2619       -76.3708       119.6327
    750000        43.7917       -76.1730       119.9646
    760000        39.5472       -77.1622       116.7094
    770000        40.1110       -77.1254       117.2365
    780000        37.7711       -79.8824       117.6535
    790000        36.6265       -78.3307       114.9572
    800000        36.3893       -79.1200       115.5094
    810000        32.9834       -81.2651       114.2485
    820000        34.9496       -77.0525       112.0021
    830000        30.3473       -81.8387       112.1860
    840000        33.6232       -80.3741       113.9973
    850000        36.1618       -78.4555       114.6173
    860000        35.7986       -78.4762       114.2749
    870000        32.2130       -80.1374       112.3504
    880000        32.3434       -81.6808       114.0242
    890000        30.2547       -83.5682       113.8229
    900000        35.9344       -81.7295       117.6639
    910000        31.5675       -80.8765       112.4440
    920000        38.3992       -79.6226       118.0218
    930000        35.9308       -80.3440       116.2747
    940000        37.2390       -79.3281       116.5671
    950000        36.9895       -79.2837       116.2732
    960000        35.9463       -79.7620       115.7083
    970000        36.8123       -76.3563       113.1686
    980000        44.2898       -80.6768       124.9667
    990000        37.8821       -79.0794       116.9615
   1000000        34.8162       -77.9952       112.8114
   1010000        36.7362       -81.8508       118.5869
   1020000        37.1311       -81.4628       118.5939
   1030000        36.1362       -77.3124       113.4486
   1040000        42.4491       -77.4722       119.9214
   1050000        40.5337       -80.8007       121.3345
   1060000        44.8748       -76.3335       121.2083
   1070000        43.3687       -78.5340       121.9028
   1080000        35.6131       -84.8162       120.4293
   1090000        39.9689       -82.7149       122.6839
   1100000        41.2144       -81.5795       122.7939
   1110000        38.9793       -81.0809       120.0602
   1120000        38.3888       -81.5162       119.9051
   1130000        37.7728       -80.7619       118.5346
   1140000        33.5355       -83.1071       116.6426
   1150000        33.3038       -83.2789       116.5827
   1160000        38.5502       -81.5268       120.0770
   1170000        37.6737       -82.3099       119.9835
   1180000        36.2145       -83.8774       120.0919
   1190000        34.0093       -82.4068       116.4162
   1200000        33.4844       -84.5754       118.0598
   1210000        32.3643       -85.2606       117.6249
   1220000        35.1642       -84.7281       119.8923
   1230000        32.9425       -85.1053       118.0478
   1240000        37.4409       -83.4816       120.9225
   1250000        31.9899       -82.8052       114.7951
   1260000        31.9354       -84.9063       116.8417
   1270000        39.3718       -81.2582       120.6300
   1280000        38.0423       -81.7457       119.7880
   1290000        35.8209       -82.0669       117.8879
   1300000        41.0511       -79.0090       120.0600
   1310000        42.2756       -80.0673       122.3429
   1320000        39.1446       -79.7291       118.8737
   1330000        38.3407       -85.5055       123.8463
   1340000        36.8163       -82.3502       119.1665
   1350000        41.0291       -80.5631       121.5923
   1360000        35.2575       -83.5657       118.8232
   1370000        35.0775       -82.8352       117.9126
   1380000        34.6498       -83.5975       118.2472
   1390000        36.8256       -82.2345       119.0602
   1400000        33.9210       -81.0698       114.9908
   1410000        35.9149       -81.2974       117.2123
   1420000        34.7405       -82.7462       117.4867
   1430000        30.0280       -84.9803       115.0083
   1440000        30.1514       -83.5277       113.6790
   1450000        30.6481       -87.0655       117.7136
   1460000        28.6771       -84.9529       113.6300
   1470000        31.0663       -81.8891       112.9554
   1480000        30.1880       -82.0293       112.2173
   1490000        27.5846       -85.8592       113.4438
   1500000        26.5807       -84.9043       111.4849
   1510000        30.0438       -85.8311       115.8749
   1520000        29.9608       -82.1500       112.1109
   1530000        34.2121       -81.7650       115.9771
   1540000        32.4951       -82.4085       114.9035
   1550000        32.2962       -83.0516       115.3478
   1560000        32.7413       -81.6493       114.3906
   1570000        28.2813       -85.6019       113.8832
   1580000        30.1139       -87.2468       117.3607
   1590000        31.3654       -84.5874       115.9529
   1600000        26.1498       -87.0759       113.2257
   1610000        33.5390       -84.4220       117.9610
   1620000        39.3953       -80.6091       120.0045
   1630000        35.2745       -83.0302       118.3047
   1640000        35.2902       -79.3247       114.6149
   1650000        37.7069       -80.9342       118.6411
   1660000        31.4696       -85.9941       117.4637
   1670000        29.2359       -85.0907       114.3266
   1680000        31.8135       -84.7317       116.5452
   1690000        30.0986       -86.8487       116.9473
   1700000        28.9478       -86.4982       115.4460
   1710000        26.7408       -88.3733       115.1141
   1720000        29.0454       -85.6487       114.6941
   1730000        34.4873       -84.3135       118.8008
   1740000        31.1855       -83.8345       115.0200
   1750000        30.7914       -85.4137       116.2051
   1760000        31.7388       -86.1262       117.8650
   1770000        30.6760       -86.2054       116.8814
   1780000        29.6365       -84.4530       114.0895
   1790000        29.1899       -84.0297       113.2196
   1800000        31.9259       -83.3730       115.2988
   1810000        29.3978       -84.7764       114.1742
   1820000        31.2259       -84.4625       115.6884
   1830000        30.6252       -85.9858       116.6109
   1840000        35.6495       -82.3504       117.9999
   1850000        31.8538       -86.6866       118.5404
   1860000        35.2225       -83.8612       119.0837
   1870000        37.9485       -82.5645       120.5130
   1880000        39.9158       -83.0671       122.9829
   1890000        36.1403       -85.3965       121.5369
   1900000        35.9864       -84.8871       120.8735
   1910000        37.0496       -82.3413       119.3909
   1920000        40.9119       -78.5806       119.4925
   1930000        36.6805       -82.9495       119.6301
   1940000        36.5973       -83.2686       119.8659
   1950000        39.4000       -84.9035       124.3035
   1960000        33.0052       -87.1790       120.1841
   1970000        36.2724       -82.4772       118.7495
   1980000        37.1411       -85.5915       122.7326
   1990000        39.4191       -82.2347       121.6538
   2000000        37.1293       -84.6768       121.8061
   2010000        40.1583       -83.3265       123.4848
   2020000        36.6852       -84.1774       120.8625
   2030000        31.8525       -85.5671       117.4196
   2040000        29.3650       -89.0843       118.4493
   2050000        28.2581       -86.7832       115.0413
   2060000        29.6303       -86.0747       115.7050
   2070000        30.8986       -84.9306       115.8292
   2080000        32.1279       -83.6699       115.7978
   2090000        33.0410       -82.7269       115.7679
   2100000        31.7325       -80.4291       112.1617
   2110000        29.9178       -85.8055       115.7233
   2120000        36.8962       -86.1218       123.0180
   2130000        30.2804       -86.8731       117.1535
   2140000        34.4101       -83.7140       118.1241
   2150000        31.9124       -85.9653       117.8778
   2160000        27.9277       -86.5267       114.4545
   2170000        32.0132       -83.2514       115.2646
   2180000        32.2755       -87.1483       119.4239
   2190000        38.8266       -81.2783       120.1049
   2200000        42.1755       -77.5368       119.7123
   2210000        39.7291       -77.5411       117.2701
   2220000        37.6849       -77.1873       114.8721
   2230000        40.4704       -79.2623       119.7326
   2240000        34.7560       -84.0095       118.7655
   2250000        40.1681       -80.9724       121.1405
   2260000        38.0261       -80.0124       118.0386
   2270000        35.4704       -82.3003       117.7708
   2280000        32.5620       -88.3536       120.9157
   2290000        32.9106       -84.1713       117.0819
   2300000        41.5932       -81.4091       123.0023
   2310000        40.0259       -79.9805       120.0063
   2320000        40.2015       -78.0690       118.2704
   2330000        34.8247       -81.1753       116.0000
   2340000        30.7507       -83.6654       114.4162
   2350000        35.0729       -83.3742       118.4471
   2360000        33.5169       -83.6057       117.1226
   2370000        39.2189       -81.4040       120.6229
   2380000        37.4589       -85.2017       122.6606
   2390000        34.6609       -85.6955       120.3564
   2400000        38.2019       -81.0933       119.2952
   2410000        31.7348       -85.9518       117.6866
   2420000        34.5963       -82.2248       116.8212
   2430000        34.1854       -83.6104       117.7958
   2440000        36.0544       -80.8694       116.9237
   2450000        33.0537       -81.8664       114.9201
   2460000        33.0772       -85.2281       118.3053
   2470000        34.8772       -83.1437       118.0209
   2480000        33.4527       -84.9223       118.3750
   2490000        32.9690       -85.4273       118.3963
   2500000        36.3216       -85.5896       121.9112
   2510000        38.7785       -83.4945       122.2730
   2520000        34.9656       -86.7180       121.6836
   2530000        39.0736       -81.4440       120.5176
   2540000        37.3244       -80.9732       118.2976
   2550000        37.7790       -79.6112       117.3902
   2560000        39.1830       -77.6853       116.8683
   2570000        32.6754       -81.0184       113.6938
   2580000        38.0726       -76.0821       114.1547
   2590000        37.8968       -78.3091       116.2059
   2600000        37.0996       -76.5479       113.6475
   2610000        35.6733       -79.0585       114.7319
   2620000        35.7065       -80.0718       115.7783
   2630000        36.9066       -79.1226       116.0292
   2640000        41.3102       -78.3545       119.6647
   2650000        36.9567       -78.7420       115.6988
   2660000        33.3529       -82.8612       116.2141
   2670000        36.4719       -82.7689       119.2408
   2680000        38.0620       -77.4780       115.5400
   2690000        35.9858       -80.4635       116.4493
   2700000        35.9481       -82.8094       118.7575
   2710000        35.6284       -80.8170       116.4454
   2720000        36.7197       -81.3650       118.0847
   2730000        38.7927       -79.4544       118.2471
   2740000        39.0867       -76.9745       116.0612
   2750000        35.4026       -84.3724       119.7750
   2760000        34.6874       -87.4245       122.1119
   2770000        35.0753       -84.8463       119.9217
   2780000        36.2005       -86.2810       122.4815
   2790000        36.7651       -86.4143       123.1794
   2800000        35.7190       -86.8314       122.5504
   2810000        40.9433       -86.0747       127.0181
   2820000        36.4907       -87.2514       123.7421
   2830000        39.5780       -84.4254       124.0034
   2840000        43.5345       -82.5257       126.0602
   2850000        37.2758       -87.2061       124.4819
   2860000        37.1127       -85.6524       122.7650
   2870000        43.7390       -86.7230       130.4620
   2880000        36.9714       -84.0331       121.0045
   2890000        35.7518       -86.5863       122.3381
   2900000        32.7335       -88.7833       121.5168
   2910000        32.1989       -88.1760       120.3749
   2920000        30.1219       -88.6341       118.7560
   2930000        34.6261       -86.0990       120.7252
   2940000        28.7434       -86.6790       115.4225
   2950000        31.0188       -87.4997       118.5185
   2960000        32.6076       -86.7701       119.3777
   2970000        29.7493       -88.0898       117.8390
   2980000        31.2085       -89.6032       120.8117
   2990000        31.1254       -88.8259       119.9513
   3000000        30.0635       -86.6084       116.6719
   3010000        35.8223       -83.8025       119.6248
   3020000        34.5595       -89.6360       124.1955
   3030000        35.2489       -89.8772       125.1261
   3040000        32.5255       -90.9081       123.4336
   3050000        34.2634       -90.0249       124.2883
   3060000        32.1312       -90.8129       122.9441
   3070000        34.2325       -85.4467       119.6792
   3080000        33.5641       -89.0926       122.6568
   3090000        31.5331       -87.7720       119.3050
   3100000        39.8427       -85.8854       125.7282
   3110000        31.0495       -87.1178       118.1673
   3120000        31.8411       -87.6362       119.4773
   3130000        31.3026       -88.6975       120.0002
   3140000        25.6557       -91.4453       117.1010
   3150000        29.5011       -88.8370       118.3381
   3160000        32.8498       -87.5909       120.4407
   3170000        32.1949       -88.7297       120.9246
   3180000        31.4304       -88.8406       120.2710
   3190000        34.3640       -87.6186       121.9826
   3200000        41.0872       -81.3327       122.4199
   3210000        31.8346       -88.6302       120.4649
   3220000        35.8639       -84.9056       120.7694
   3230000        32.2861       -86.6143       118.9004
   3240000        36.5303       -86.4976       123.0279
   3250000        36.0587       -87.9287       123.9874
   3260000        35.7515       -87.1678       122.9193
   3270000        28.4015       -91.0744       119.4759
   3280000        32.6498       -88.8777       121.5275
   3290000        31.4718       -90.7564       122.2283
   3300000        33.8770       -88.3137       122.1907
   3310000        34.1864       -88.1979       122.3843
   3320000        33.3862       -86.9477       120.3339
   3330000        33.7458       -86.6510       120.3968
   3340000        34.9075       -87.6809       122.5884
   3350000        35.4865       -84.8261       120.3126
   3360000        32.8050       -86.7556       119.5606
   3370000        36.9826       -90.3756       127.3582
   3380000        33.3928       -84.5122       117.9050
   3390000        32.6794       -87.8633       120.5427
   3400000        35.1421       -85.6958       120.8379
   3410000        36.4176       -84.6529       121.0705
   3420000        31.0337       -87.5783       118.6120
   3430000        35.1253       -87.5712       122.6965
   3440000        41.9679       -87.5800       129.5480
   3450000        35.9017       -89.3837       125.2854
   3460000        39.3827       -87.2384       126.6211
   3470000        35.2746       -85.7481       121.0227
   3480000        38.6041       -88.1609       126.7650
   3490000        35.4038       -89.5893       124.9931
   3500000        33.0808       -90.1526       123.2334
   3510000        37.1807       -86.2429       123.4236
   3520000        37.5547       -87.5229       125.0776
   3530000        37.3529       -86.9336       124.2865
   3540000        37.2656       -88.6467       125.9123
   3550000        37.6775       -86.2281       123.9056
   3560000        34.3403       -86.8201       121.1604
   3570000        31.6381       -90.6585       122.2966
   3580000        37.1823       -84.0647       121.2470
   3590000        38.7220       -87.8003       126.5223
   3600000        41.6369       -85.4894       127.1263
   3610000        34.4417       -89.1311       123.5728
   3620000        32.0990       -89.0266       121.1256
   3630000        39.6939       -87.1144       126.8083
   3640000        38.9607       -85.5463       124.5070
   3650000        36.8482       -87.1432       123.9915
   3660000        37.7875       -86.7679       124.5554
   3670000        40.0806       -87.3382       127.4188
   3680000        34.7571       -88.5487       123.3059
   3690000        34.9148       -91.4083       126.3231
   3700000        35.4022       -89.8612       125.2634
   3710000        37.1253       -87.1783       124.3036
   3720000        34.0436       -86.2252       120.2688
   3730000        34.0840       -88.7695       122.8534
   3740000        35.1365       -87.0745       122.2111
   3750000        32.6392       -90.3026       122.9418
   3760000        29.5558       -91.5385       121.0943
   3770000        36.6694       -87.6151       124.2844
   3780000        35.4480       -82.7352       118.1833
   3790000        36.9437       -81.7848       118.7285
   3800000        31.5259       -87.6633       119.1892
